parsing config file ./lvconfig21.conf
parsing done
<<<< begin once 
<<<<< redos: 0 >>>>>
<<<< commit once 
----- insert -----
4.763
4.35603
6.40074
5.25659
5.7387
6.21307
5.00447
5.31856
4.56614
4.50243
5.88619
4.74679
6.25235
6.43671
4.61959
3.79694
5.32148
6.51977
6.29242
5.58507
3.89462
4.59322
5.89404
6.47723
5.91403
10.5829
7.05187
5.24519
5.44588
9.1907
5.03713
6.12205
9.85284
5.44279
5.08033
6.30057
5.55701
4.62101
5.39843
4.57848
7.0592
5.04108
5.73267
4.42039
4.40778
4.43244
6.14726
4.54084
5.9703
4.68807
6.03926
5.44001
6.33625
9.25072
8.14587
6.14799
5.59994
6.35628
5.46245
5.35846
5.78146
5.85556
4.17045
5.22283
5.24494
4.58098
5.65007
5.17689
6.8576
5.43537
5.69521
11.6355
5.74448
5.88522
4.88299
9.69884
8.039
6.91302
9.04708
6.79494
6.96835
7.61337
9.12243
4.53075
8.99205
6.59346
5.44196
8.74448
7.21707
7.95716
7.08791
5.7483
7.66009
8.63943
7.38669
7.53245
6.10189
6.82802
5.60286
10.7202
----------------
insert (avg): 6.21236
----------------
----- init -----
10.7202
----------------
init (avg): 10.7202
----------------
----- commit -----
421.365
----------------
commit (avg): 421.365
----------------
# Loading records:	100
skipping run
