parsing config file ./lvconfig16.conf
parsing done
<<<< begin once 
<<<<< redos: 0 >>>>>
<<<< commit once 
----- insert -----
4.51157
3.48062
4.00537
4.08094
3.44322
3.98678
3.31231
3.91495
3.80898
4.31377
12.1878
4.11471
3.94518
4.10692
3.77912
5.05517
4.4519
5.47701
6.99545
5.27957
6.30957
5.06492
5.17402
4.29031
4.51414
5.4834
6.38048
5.05833
6.01483
6.50286
6.13145
6.38012
6.06822
4.2729
4.76214
6.45961
6.48878
6.18926
5.88267
5.60716
4.35217
8.9858
4.99078
5.13894
4.59811
8.79588
6.28758
6.10881
10.2505
5.2225
3.91322
5.39344
5.97897
5.39809
6.44958
4.32224
6.32081
5.75163
5.92175
5.62077
5.13541
5.69285
4.7772
5.87538
4.97964
5.63344
6.04711
5.31541
4.2619
8.8178
7.06512
4.95338
4.06725
5.03418
5.10348
6.01677
7.04796
5.57001
6.26415
5.18994
5.51347
4.61362
4.62714
3.85839
8.09148
6.28276
6.39674
9.96426
7.41203
4.56187
4.48625
6.92116
5.32319
7.88761
6.30158
8.48285
5.14717
4.02367
5.38093
4.05809
----------------
insert (avg): 5.59271
----------------
----- init -----
8.79813
----------------
init (avg): 8.79813
----------------
----- commit -----
632.248
----------------
commit (avg): 632.248
----------------
# Loading records:	100
skipping run
