parsing config file ./lvconfig32.conf
parsing done
<<<< begin once 
<<<<< redos: 0 >>>>>
<<<< commit once 
----- insert -----
4.09026
3.68768
3.74656
3.97039
4.00154
4.1538
3.98443
4.2861
3.9098
4.56891
4.27619
3.9319
3.96658
3.92685
4.04567
3.54906
3.52942
3.36857
4.03694
3.95219
3.62539
3.89621
3.8276
3.69816
3.85484
3.8261
3.81259
3.72881
3.5995
3.97923
3.84337
3.91343
3.73235
3.69156
4.16985
3.78054
3.82177
3.64918
4.34152
3.73217
4.08527
4.07734
3.92383
3.65176
4.16549
4.11558
4.14536
4.0374
3.56368
4.06832
4.24707
4.09852
4.25622
4.29863
3.81262
3.86645
4.29314
3.83315
4.12977
4.28801
4.10499
4.2922
4.04971
4.20279
4.17122
3.86834
4.12813
4.28801
4.4187
3.96895
3.90728
3.83858
3.77161
3.75722
13.9882
4.37352
4.00873
3.92116
4.58453
4.40295
4.5114
4.11041
4.53817
4.16013
3.97667
4.85928
4.87002
4.74772
4.18224
4.07614
3.81477
4.01663
4.66943
4.56399
4.17601
3.76557
4.66157
4.68178
4.42166
4.18726
----------------
insert (avg): 4.15502
----------------
----- init -----
10.8852
----------------
init (avg): 10.8852
----------------
----- commit -----
118.915
----------------
commit (avg): 118.915
----------------
# Loading records:	100
skipping run
