parsing config file ./lvconfig34.conf
parsing done
<<<< begin once 
<<<<< redos: 0 >>>>>
<<<< commit once 
----- insert -----
4.32461
4.0016
4.2189
3.92839
4.23557
4.03328
4.46138
4.35851
3.88375
3.9639
3.53533
4.00895
3.76219
3.44454
3.68151
4.00955
3.74882
3.83432
4.31624
3.46733
3.75339
3.68835
3.8196
3.74723
3.71361
3.75941
4.01692
4.16488
3.81389
3.73654
3.44986
4.02359
3.88006
3.95516
3.48789
4.42022
3.80719
4.02509
4.06687
4.26577
3.94358
3.63732
3.93293
4.14392
3.78943
3.78531
3.95839
4.06302
4.39193
4.33129
4.11835
4.17846
3.81515
4.08917
3.8751
4.10755
4.2275
4.15031
4.27376
4.10677
4.35869
3.936
3.93681
4.09525
4.57534
4.54407
3.55845
3.89117
3.86042
3.76003
3.75247
14.0741
4.29214
4.30867
3.66169
4.64241
4.22645
4.38728
4.23846
4.31792
4.30359
3.97198
5.19111
4.72984
4.60364
4.24036
4.25141
4.01705
3.97912
4.40342
4.32881
4.4924
3.65231
4.62564
4.86047
4.60018
3.87361
3.50922
4.23013
3.98005
----------------
insert (avg): 4.15996
----------------
----- init -----
8.93763
----------------
init (avg): 8.93763
----------------
----- commit -----
118.576
----------------
commit (avg): 118.576
----------------
# Loading records:	100
skipping run
