parsing config file ./lvconfig15.conf
parsing done
<<<< begin once 
<<<<< redos: 0 >>>>>
<<<< commit once 
----- insert -----
8.19022
5.57956
4.79964
4.49749
7.65771
7.42727
6.30635
5.6442
6.38422
6.05452
4.64593
7.99793
7.27906
7.94436
8.1017
6.88275
4.73187
8.29239
4.90699
4.73622
6.21925
4.4007
5.94548
6.57191
6.66197
7.61219
4.59966
5.72331
5.64726
4.95322
4.84704
5.10701
5.03475
5.83304
5.36194
4.59084
8.5909
6.99197
7.00515
5.80018
6.11858
6.04993
4.37188
5.51691
5.43304
6.71999
5.64415
11.8141
5.83084
6.09648
4.65023
8.98331
5.88238
5.04137
4.37128
5.12846
5.63968
6.64061
7.10346
5.42555
5.24802
5.12694
4.50765
5.80579
5.20226
5.56369
5.20826
6.56681
4.87002
4.88741
4.72467
6.1387
5.23096
5.34496
4.95938
5.07184
7.9924
14.3924
5.86669
6.31972
5.0931
4.44906
4.83566
6.75725
7.07215
4.93556
6.73436
4.23202
5.21372
8.49334
6.83786
4.88136
4.74357
5.09325
4.42725
4.11302
4.64016
5.7413
4.29125
4.60377
----------------
insert (avg): 5.94238
----------------
----- init -----
15.9215
----------------
init (avg): 15.9215
----------------
----- commit -----
235.599
----------------
commit (avg): 235.599
----------------
# Loading records:	100
skipping run
