parsing config file ./lvconfig13.conf
parsing done
<<<< begin once 
<<<<< redos: 0 >>>>>
<<<< commit once 
----- insert -----
4.13359
3.48066
4.36549
3.7829
4.01314
3.98859
3.98067
4.00646
3.7764
4.34849
4.88594
3.66174
3.97232
4.14673
3.93979
3.95959
3.82046
4.73095
4.37255
5.30804
6.058
5.56746
5.80593
5.30646
4.50129
4.27972
4.05417
4.14881
4.21114
5.79098
4.79441
6.32052
6.50781
5.96565
6.28345
6.24955
4.42675
4.60101
6.37687
6.50834
6.65581
5.9685
5.98481
12.5186
4.92932
6.12376
4.7242
7.60229
5.61745
5.2933
5.22349
7.20313
5.45038
5.69161
8.54561
5.62943
5.79048
4.94828
5.87348
5.367
6.96945
5.02469
6.24156
6.10625
4.818
10.1868
5.17088
5.86256
4.90597
4.80679
8.75436
7.74033
6.06637
6.67458
5.94802
5.91767
6.90727
6.02182
6.01687
5.86329
5.24746
4.9299
5.6513
5.44027
6.734
5.466
5.12578
12.1249
5.9589
5.6866
5.05183
6.49092
4.17225
7.05159
8.53956
6.44946
8.54103
5.74342
7.93656
9.41653
----------------
insert (avg): 5.73335
----------------
----- init -----
9.74394
----------------
init (avg): 9.74394
----------------
----- commit -----
537.245
----------------
commit (avg): 537.245
----------------
# Loading records:	100
skipping run
