parsing config file ./lvconfig22.conf
parsing done
<<<< begin once 
<<<<< redos: 0 >>>>>
<<<< commit once 
----- insert -----
5.05637
4.31939
3.79023
4.26269
3.61057
4.81959
3.82803
4.19257
3.82402
4.00997
3.84867
4.21911
3.9265
3.40536
3.85758
4.38748
4.45071
5.35769
6.72907
6.31249
5.47838
5.50119
5.00723
5.34455
4.06794
4.96784
6.09406
4.9131
6.39206
6.20613
6.06398
6.26947
6.27433
4.23762
4.78338
6.14373
5.05907
3.98925
5.29578
5.02875
5.7714
10.9453
6.39837
4.82196
5.32507
8.65691
5.67057
5.05242
5.71384
6.65856
5.57799
4.54848
6.18615
5.5912
4.50058
5.46865
4.4813
6.04128
5.07064
4.91492
3.98668
3.81306
4.73007
4.4112
3.72154
5.75084
5.47682
4.70561
5.90577
5.6631
6.3424
9.21749
7.54893
4.9669
4.41729
4.96173
4.81976
6.19815
6.77249
5.68623
6.52547
5.79702
4.81839
5.1843
5.76576
5.36035
7.66083
7.52977
19.5101
4.63969
4.39358
6.0535
5.55354
8.05309
7.40698
8.69322
7.07598
8.36803
6.04624
9.72948
----------------
insert (avg): 5.65983
----------------
----- init -----
9.60171
----------------
init (avg): 9.60171
----------------
----- commit -----
222.839
----------------
commit (avg): 222.839
----------------
# Loading records:	100
skipping run
