parsing config file ./lvconfig19.conf
parsing done
<<<< begin once 
<<<<< redos: 0 >>>>>
<<<< commit once 
----- insert -----
5.31156
5.18504
7.77578
8.02946
6.32109
6.7882
6.01485
4.94639
7.71192
6.37411
8.64269
5.77818
7.38974
5.86877
6.58495
8.58019
6.62808
8.16402
5.30587
5.85001
4.84287
6.04433
7.03621
6.45844
7.36091
5.69907
6.59495
5.81752
11.9656
6.54368
5.95975
5.63805
5.05573
4.43742
5.14089
6.39282
7.51586
4.77628
5.74893
5.25827
5.68117
4.63809
4.94275
4.48692
6.6178
5.3593
5.48314
7.80471
6.76132
6.50735
6.18717
6.10469
4.73907
5.42093
5.76951
5.62885
6.03015
5.68336
12.232
5.05437
5.74786
4.85705
10.7564
8.09998
5.30404
5.54154
3.68107
5.92372
4.423
5.80888
5.18551
4.20067
4.67367
5.3579
6.46287
4.23642
5.1899
4.33773
6.0629
4.7965
4.51472
4.70783
4.58941
5.45502
5.31931
4.95074
5.78583
4.48292
7.85088
13.5297
5.57615
4.87885
5.05558
4.94631
4.47268
6.23436
5.20542
5.5194
5.41886
6.08467
----------------
insert (avg): 6.03897
----------------
----- init -----
19.5907
----------------
init (avg): 19.5907
----------------
----- commit -----
365.532
----------------
commit (avg): 365.532
----------------
# Loading records:	100
skipping run
