parsing config file ./lvconfig17.conf
parsing done
<<<< begin once 
<<<<< redos: 0 >>>>>
<<<< commit once 
----- insert -----
5.64711
6.63563
6.38645
6.84643
7.73712
7.02255
8.67911
6.99442
8.62444
6.64021
9.11219
6.61001
6.32671
5.28966
6.23292
4.72435
6.21244
6.06282
7.17521
7.13779
5.4844
4.46762
4.68253
7.7424
8.39949
10.4689
6.85232
6.2489
10.1357
4.59297
6.37164
5.84526
4.40875
4.35678
3.68866
4.85062
6.83286
7.15929
5.40986
5.20125
5.66617
5.39674
6.00458
5.74523
5.58115
4.33406
4.53353
5.11883
7.72457
6.71384
6.42043
4.67217
5.03335
4.22995
5.46216
4.51093
4.9895
5.23998
6.44029
5.7604
12.0221
5.49915
6.25389
4.6665
6.24052
5.52216
7.78025
4.50105
5.12632
5.97187
7.21323
5.81214
5.53084
5.62182
4.54505
5.25089
5.70887
5.38816
5.45144
4.31869
7.04551
6.51232
5.14372
4.46083
5.10166
5.22014
5.17845
5.99977
5.79965
5.97877
15.1878
5.42
5.44316
4.95793
4.34484
6.09555
6.67218
7.31147
5.40328
6.1548
----------------
insert (avg): 6.10732
----------------
----- init -----
19.6327
----------------
init (avg): 19.6327
----------------
----- commit -----
146.373
----------------
commit (avg): 146.373
----------------
# Loading records:	100
skipping run
