parsing config file ./lvconfig39.conf
parsing done
<<<< begin once 
<<<<< redos: 0 >>>>>
<<<< commit once 
----- insert -----
4.15341
3.65133
3.84047
3.2409
3.55191
3.15459
3.28354
3.75964
3.70519
3.41638
3.34411
3.34647
3.82536
3.29718
3.53893
3.51164
3.49128
3.34612
3.50819
3.73704
3.56718
3.35505
3.82089
8.23028
3.47572
3.1284
3.38051
3.17231
3.28457
3.5068
3.34343
3.53392
3.26124
3.21153
3.10476
3.40497
3.35382
3.18939
3.76732
3.31976
3.59583
3.80766
3.80394
3.56426
3.25325
3.27155
3.51747
3.51983
3.21629
3.50823
3.61603
3.54476
3.32089
3.40953
3.48069
3.27231
2.99133
3.43157
3.73302
3.28297
3.75149
3.74546
3.05019
3.31129
3.47993
3.65696
3.46571
3.42977
3.27784
3.43657
3.62153
3.26011
3.47261
3.36739
3.46024
3.53842
3.30952
3.03088
3.5953
3.50679
3.67382
3.51301
3.86862
3.6369
3.57958
3.26623
3.0174
3.22996
3.26013
3.24421
3.48868
3.26773
3.39672
3.21176
3.31374
3.37618
3.47875
3.01807
3.3057
3.67923
----------------
insert (avg): 3.48851
----------------
----- init -----
9.84744
----------------
init (avg): 9.84744
----------------
----- commit -----
115.474
----------------
commit (avg): 115.474
----------------
# Loading records:	100
skipping run
