parsing config file ./lvconfig28.conf
parsing done
<<<< begin once 
<<<<< redos: 0 >>>>>
<<<< commit once 
----- insert -----
5.36758
6.30296
5.66517
5.81958
4.9056
5.85252
6.50915
6.74216
7.59732
5.32272
8.63968
8.17846
8.03954
7.02867
5.67111
6.365
5.12552
11.3061
5.97482
5.582
5.8903
4.64293
5.02954
5.58051
5.56898
5.23965
4.44386
4.56613
5.45032
6.35301
5.22057
4.9509
5.48727
4.84969
5.04142
4.66018
5.43795
7.42749
6.8723
6.80999
6.3106
4.92952
5.29512
5.66703
6.02424
5.65364
6.47453
5.11309
12.5463
5.59124
5.66153
4.26718
10.3111
8.94776
4.82945
5.43116
6.56897
6.30762
5.98394
5.28672
6.61556
5.19671
5.27476
5.04488
5.43951
5.21436
5.49807
6.12465
4.66054
4.69755
5.25277
6.31819
5.20392
5.14861
5.4259
6.08865
6.69397
13.8536
5.57915
7.20529
5.65249
4.4844
4.06768
6.61134
7.595
5.39292
6.14844
4.93574
6.12218
6.0317
7.54091
4.91333
5.02129
4.41416
4.9217
4.38269
4.67061
5.03886
4.82256
4.25459
----------------
insert (avg): 5.96279
----------------
----- init -----
15.3531
----------------
init (avg): 15.3531
----------------
----- commit -----
218.36
----------------
commit (avg): 218.36
----------------
# Loading records:	100
skipping run
