parsing config file ./lvconfig12.conf
parsing done
<<<< begin once 
<<<<< redos: 0 >>>>>
<<<< commit once 
----- insert -----
6.54542
4.53918
6.48593
6.84513
6.74367
8.86915
6.92942
7.47123
8.42852
4.78544
8.17891
8.61674
7.91141
7.1346
5.81777
5.44854
5.47103
11.4292
6.24392
5.77982
5.57894
4.56516
4.60625
6.1369
6.35135
5.47769
3.78096
4.16786
5.47371
6.54799
4.74423
5.08486
4.54706
4.10288
5.73065
5.36576
5.0177
8.33678
6.59822
7.05685
6.35954
5.70234
4.54003
5.13878
6.34579
5.40402
5.99085
5.11291
12.821
5.04425
5.44875
5.2567
9.9881
7.91228
6.13158
6.21943
5.44092
4.68325
4.06175
4.97865
5.43968
5.55056
5.49984
4.88037
4.95664
4.59183
4.74358
4.53469
5.9927
4.44817
4.40626
4.60967
4.69478
5.697
5.09301
5.14542
5.15971
5.01156
7.93287
13.9695
5.71947
6.03685
4.9609
4.78013
5.49702
6.8248
7.1952
5.52509
5.39894
5.31565
6.06796
6.26562
7.32658
3.93346
5.92134
5.00949
3.72227
4.53067
5.38351
5.56058
----------------
insert (avg): 5.94861
----------------
----- init -----
11.74
----------------
init (avg): 11.74
----------------
----- commit -----
399.191
----------------
commit (avg): 399.191
----------------
# Loading records:	100
skipping run
