parsing config file ./lvconfig37.conf
parsing done
<<<< begin once 
<<<<< redos: 0 >>>>>
<<<< commit once 
----- insert -----
4.05931
3.54945
3.5307
3.43282
3.77387
3.43635
3.72485
3.38494
3.63905
3.68906
3.66686
3.66964
3.64445
4.1047
3.66646
3.48343
3.34061
3.32315
3.42284
3.46014
3.41782
3.89586
3.5423
3.4598
3.64908
3.34392
3.37455
4.37617
4.23799
3.81426
3.68611
3.94772
3.72501
3.57022
3.41215
3.39526
3.5827
3.35588
3.38361
3.93712
3.4007
3.72029
3.58149
3.94965
3.47478
3.35293
3.44623
3.56338
3.74329
3.86922
3.80626
5.87458
3.92628
3.58213
3.72242
3.4573
3.34036
3.52101
3.53761
3.61344
3.47338
3.71529
4.17566
3.64341
3.94115
3.38402
3.49356
3.79702
3.97045
3.98656
3.68506
4.66637
3.75495
3.4636
3.58275
3.55284
4.04957
3.93311
3.82607
3.74274
3.50712
3.45276
3.3739
3.9938
3.56591
3.45257
3.36521
3.63347
3.77682
3.70436
3.79073
3.80615
3.54211
3.86952
3.84296
3.53222
3.96402
3.42278
3.6486
3.29266
----------------
insert (avg): 3.67969
----------------
----- init -----
11.0387
----------------
init (avg): 11.0387
----------------
----- commit -----
123.125
----------------
commit (avg): 123.125
----------------
# Loading records:	100
skipping run
