parsing config file ./lvconfig7.conf
parsing done
<<<< begin once 
<<<<< redos: 0 >>>>>
<<<< commit once 
----- insert -----
7.21057
5.71176
7.1547
6.56659
6.63706
5.75255
4.92239
6.90601
8.24384
4.11796
5.63302
4.96599
7.64212
6.21818
6.11882
8.77277
5.08927
4.04711
5.57229
7.36642
5.5924
5.71862
5.07828
5.99594
4.95349
6.23616
4.23648
5.35074
4.31923
4.83236
4.53913
5.92369
5.49779
6.62108
5.34053
5.79811
6.49666
5.65195
7.03778
5.21419
5.90885
6.3369
5.32762
7.77312
5.35424
6.37937
4.67392
4.35559
4.51355
4.49055
4.99578
4.62202
7.57003
7.13385
11.7497
8.15732
6.50645
6.19648
7.77377
8.40716
8.59612
6.83704
7.52402
8.69209
6.14307
9.06007
6.71514
5.476
6.35416
6.60543
8.73885
6.91855
8.19494
6.55211
5.8004
8.0115
8.56368
8.31654
5.76899
5.57837
7.00775
5.75079
11.1073
4.30851
5.2718
5.26184
4.30314
4.49163
4.07515
4.66868
7.2332
7.85448
4.76981
5.26602
5.46839
5.38924
5.74061
6.08428
5.43955
5.86667
----------------
insert (avg): 6.23116
----------------
----- init -----
14.5528
----------------
init (avg): 14.5528
----------------
----- commit -----
428.228
----------------
commit (avg): 428.228
----------------
# Loading records:	100
skipping run
