parsing config file ./lvconfig20.conf
parsing done
<<<< begin once 
<<<<< redos: 0 >>>>>
<<<< commit once 
----- insert -----
5.54313
6.39115
6.79377
8.0235
8.05962
6.77805
4.69225
4.48622
7.62391
6.37267
8.33476
5.29726
6.63736
5.23697
4.69008
5.90203
6.88084
7.61688
6.88663
5.26266
6.81226
9.82873
7.80403
8.3448
9.21315
6.79659
7.11024
12.4772
5.69321
6.16029
4.52478
4.63229
4.96997
5.69283
7.45489
7.79435
5.01839
5.55815
6.31649
5.0216
5.13401
5.71706
5.57289
5.53363
4.4644
4.48558
7.25897
6.71623
6.93991
6.07672
6.16514
4.38842
5.4593
6.22601
5.55056
6.46824
5.29422
11.8474
5.73517
4.80198
5.077
8.46043
4.65086
7.27778
5.06496
4.90753
5.97598
7.08458
6.12542
5.5223
5.19999
5.24337
5.30936
5.44128
5.36521
5.2229
5.39438
6.34501
5.93736
4.7457
4.91605
5.16649
5.35215
4.81709
5.61537
6.25363
5.96941
15.111
5.57925
6.42152
5.59747
4.67058
4.4927
6.38414
7.13406
5.51349
5.27815
5.23522
4.75152
8.04517
----------------
insert (avg): 6.21226
----------------
----- init -----
23.0367
----------------
init (avg): 23.0367
----------------
----- commit -----
145.922
----------------
commit (avg): 145.922
----------------
# Loading records:	100
skipping run
