parsing config file ./lvconfig27.conf
parsing done
<<<< begin once 
<<<<< redos: 0 >>>>>
<<<< commit once 
----- insert -----
5.55318
6.10346
5.45828
6.84481
5.5943
5.0503
4.342
4.44424
5.6552
6.17546
4.69027
6.35542
6.17354
4.87254
3.84468
5.37911
6.93063
6.75284
6.19496
6.47086
6.77237
5.96971
6.25277
8.7125
6.57005
4.05988
4.92228
10.3329
4.83544
4.38042
4.78903
10.3906
5.72987
5.72398
8.52759
5.82341
5.96689
4.79523
6.05121
6.26333
5.67666
5.13146
5.89659
6.36576
5.09259
6.55457
4.55824
6.07976
5.45313
4.39167
5.13753
7.12101
7.68563
6.51251
5.39216
5.64896
5.09784
5.37291
5.26492
4.42074
5.73651
4.88961
5.90522
5.39635
5.60674
5.27388
6.24825
5.20789
6.83558
11.601
5.82433
5.94278
6.05316
8.27855
7.54336
5.75734
7.68307
5.79396
5.29324
6.95359
5.71953
9.96902
7.43655
5.84413
6.87162
5.17136
8.26405
5.02689
4.77477
5.73341
7.13257
5.31518
5.9838
4.20894
7.93593
6.67607
9.48179
6.36095
7.2116
7.97378
----------------
insert (avg): 6.13526
----------------
----- init -----
10.6146
----------------
init (avg): 10.6146
----------------
----- commit -----
260.124
----------------
commit (avg): 260.124
----------------
# Loading records:	100
skipping run
