parsing config file ./lvconfig9.conf
parsing done
<<<< begin once 
<<<<< redos: 0 >>>>>
<<<< commit once 
----- insert -----
5.30601
5.74983
7.89441
8.19781
6.94639
8.8858
7.50622
8.14824
6.88211
8.64263
4.90846
6.38059
6.7976
7.51922
8.08936
7.24777
7.75355
6.28682
6.07629
8.27467
8.96727
8.1179
8.99372
6.67983
7.0204
10.3385
4.65657
5.14351
4.61138
4.18335
4.68944
5.08098
5.57977
7.15803
8.19201
5.40442
5.40604
6.41789
4.80853
5.16337
5.74405
4.55672
4.97886
5.40313
4.4889
7.8856
6.97849
6.85679
5.75787
6.27132
4.74883
5.25415
5.89455
4.73701
6.662
5.70938
12.3629
5.64024
6.62859
4.87988
8.49233
8.6208
5.31752
6.04298
5.74931
7.00715
6.36079
5.84949
5.27954
4.56172
4.30577
6.1831
5.09962
5.37911
4.81624
5.46655
5.0336
4.76058
5.11015
5.21842
4.86161
5.20379
4.3993
4.71019
5.66454
6.39042
15.0488
5.36442
5.62522
4.79991
4.9839
5.47509
6.25652
7.27277
5.21755
5.51079
5.79262
6.51099
6.68471
6.69655
----------------
insert (avg): 6.2867
----------------
----- init -----
24.8328
----------------
init (avg): 24.8328
----------------
----- commit -----
376.092
----------------
commit (avg): 376.092
----------------
# Loading records:	100
skipping run
