parsing config file ./lvconfig36.conf
parsing done
<<<< begin once 
<<<<< redos: 0 >>>>>
<<<< commit once 
----- insert -----
6.4166
5.34025
5.27005
4.95696
4.30618
3.84314
3.70471
3.46582
3.72441
4.18973
3.8099
3.80727
3.80873
3.77501
3.83356
3.9807
3.86481
4.06792
3.79622
4.0248
3.48742
3.57401
3.64024
3.7869
3.96034
4.11285
3.93159
4.28128
3.80884
4.58102
3.6307
4.35508
4.02932
4.23174
4.32343
8.53969
5.43269
3.83343
3.97735
3.53862
3.92423
3.59518
4.17338
3.95041
3.7077
3.7295
3.92117
4.32666
3.96295
3.85516
3.80392
3.7873
3.6971
3.47874
3.69609
3.4969
3.71206
4.2581
3.70534
3.53446
3.47283
3.73308
3.8695
3.80371
3.98098
3.85134
3.90239
3.71067
3.45306
3.40116
3.67726
3.77651
3.81984
3.84394
3.73706
3.65313
3.83599
3.7286
3.71094
3.81271
3.70138
3.46163
3.53977
3.65584
3.55159
3.87622
3.89838
3.3277
3.86741
3.56325
3.47811
3.58858
3.54981
3.7075
3.75616
3.68111
3.81983
3.59078
3.56502
3.60215
----------------
insert (avg): 3.92917
----------------
----- init -----
12.3072
----------------
init (avg): 12.3072
----------------
----- commit -----
114.584
----------------
commit (avg): 114.584
----------------
# Loading records:	100
skipping run
