parsing config file ./lvconfig0.conf
parsing done
<<<< begin once 
<<<<< redos: 0 >>>>>
<<<< commit once 
----- insert -----
4.31547
3.63298
4.06773
4.23873
4.18875
4.0369
6.82495
4.84856
6.0319
5.2278
4.60993
4.30546
4.10478
4.00464
4.15186
5.87209
5.03897
5.96733
6.37826
6.08661
6.33178
8.53727
5.69749
7.34839
6.60384
5.66524
6.72124
6.389
9.56866
5.82922
4.95933
4.52998
11.0588
6.64882
5.73919
10.5356
5.43324
5.72032
4.91955
5.56425
4.46384
6.32904
4.96868
5.61671
5.43697
5.65545
5.34791
5.99694
6.25681
4.93233
6.83917
5.15199
5.40396
5.43418
3.92562
4.36918
8.31502
7.70002
6.75663
6.44923
5.54211
5.36319
5.22815
4.87581
5.6299
4.80994
5.2712
4.97037
4.88561
5.7341
6.13989
7.13617
6.91418
11.8148
8.50918
6.93837
5.39581
8.26349
7.71881
6.52756
8.81936
8.13662
7.6276
7.28872
7.82155
5.72814
7.9627
6.82563
6.89099
7.57646
7.14783
7.58629
8.37734
4.61851
8.36507
8.48277
7.30654
8.74338
7.34011
8.01266
----------------
insert (avg): 6.25411
----------------
----- init -----
9.89077
----------------
init (avg): 9.89077
----------------
----- commit -----
384.175
----------------
commit (avg): 384.175
----------------
# Loading records:	100
skipping run
