parsing config file ./lvconfig25.conf
parsing done
<<<< begin once 
<<<<< redos: 0 >>>>>
<<<< commit once 
----- insert -----
6.39793
4.64096
5.20624
8.31733
7.40275
7.83965
7.24586
6.31902
5.04656
9.52021
7.86538
4.96509
5.18054
9.40624
7.39548
5.66783
10.2318
5.03464
5.77398
6.25538
4.78541
5.37385
6.95196
6.28496
7.48781
5.43152
5.28116
5.34351
5.69275
5.52442
5.22258
4.69213
5.61933
5.88492
4.86711
7.06776
6.99237
7.02269
5.63356
5.82334
4.77245
5.25683
6.46499
5.33685
6.71817
5.06291
12.6005
5.89521
5.72274
5.34437
9.18911
7.73028
5.37218
6.27909
6.25143
6.78801
5.90648
6.14563
4.99887
5.30326
4.53901
5.65747
5.29508
4.85268
4.67404
5.10616
4.78657
5.59027
5.10236
4.54626
5.42415
4.83376
4.89445
4.63942
5.86351
6.44877
14.9256
5.39809
5.34765
5.0125
4.41831
6.02661
6.79537
7.14778
5.43715
4.92339
5.53638
6.9765
6.02313
7.1338
5.22769
4.95811
4.45385
4.67313
4.90026
4.45515
5.10557
4.74673
4.21025
5.12738
----------------
insert (avg): 6.0105
----------------
----- init -----
13.4192
----------------
init (avg): 13.4192
----------------
----- commit -----
277.136
----------------
commit (avg): 277.136
----------------
# Loading records:	100
skipping run
