parsing config file ./lvconfig5.conf
parsing done
<<<< begin once 
<<<<< redos: 0 >>>>>
<<<< commit once 
----- insert -----
4.50267
4.15897
4.63051
4.92783
5.66772
5.25495
6.73789
5.5088
5.18488
4.84315
4.41671
4.96238
6.06652
4.72642
5.76294
4.81745
5.35935
3.83007
5.73769
8.25715
6.41049
6.44646
4.59726
3.85838
4.66148
6.02715
5.80209
11.0372
6.48389
5.39584
5.60054
7.72396
6.59068
5.49936
11.2051
5.62431
5.65293
5.78245
4.77942
4.95662
4.82724
4.69519
5.98743
6.40431
5.6618
4.98077
5.79249
5.55421
5.05753
5.43826
4.79634
5.7357
6.09531
4.96186
4.55821
8.76164
7.66552
6.45245
6.20524
5.44876
4.57413
5.48787
5.16
4.29993
5.92974
4.74479
4.26479
4.38511
4.48967
5.11799
5.28156
6.86792
7.19924
15.6744
5.16765
5.17806
6.76571
7.73137
8.10858
6.23535
9.65665
7.67844
8.26347
6.43203
7.777
5.29207
4.43599
4.6603
7.28876
5.61634
7.77432
7.54034
6.15255
5.54305
6.71041
5.56249
4.78755
8.15091
8.05798
8.81765
----------------
insert (avg): 6.03432
----------------
----- init -----
9.55777
----------------
init (avg): 9.55777
----------------
----- commit -----
213.132
----------------
commit (avg): 213.132
----------------
# Loading records:	100
skipping run
