parsing config file ./lvconfig6.conf
parsing done
<<<< begin once 
<<<<< redos: 0 >>>>>
<<<< commit once 
----- insert -----
4.94524
6.13346
6.26178
5.25647
5.45079
4.6276
4.22687
4.75632
5.10287
5.2543
4.9422
4.82231
4.45216
4.93286
4.59827
3.77017
4.4326
8.22122
5.56533
7.29866
6.74453
5.55254
6.48149
4.8391
5.09102
7.57801
6.52966
5.63561
5.20579
7.8383
5.88811
6.39521
10.3778
5.97396
5.59273
8.51684
4.40932
4.86676
4.23261
4.07845
5.63482
5.56773
5.77953
5.16601
5.03413
4.51088
4.65592
4.28738
5.94454
4.80152
5.98026
5.56595
5.68069
6.24398
5.6711
6.12086
6.29966
6.30774
5.9482
5.86813
7.11098
5.72814
6.44525
6.00264
5.33022
4.64487
5.5718
6.60632
6.53904
7.38579
10.1
9.21022
7.45976
5.81641
7.94624
5.29229
4.2033
7.30832
6.07472
4.69479
4.09868
6.23538
7.53159
9.18671
7.1347
6.37473
8.53944
5.15213
7.4227
6.98775
7.88038
7.66997
5.37752
8.19914
7.77218
7.66371
8.26436
7.88406
7.65801
10.7074
----------------
insert (avg): 6.1516
----------------
----- init -----
10.1314
----------------
init (avg): 10.1314
----------------
----- commit -----
394.186
----------------
commit (avg): 394.186
----------------
# Loading records:	100
skipping run
