parsing config file ./lvconfig2.conf
parsing done
<<<< begin once 
<<<<< redos: 0 >>>>>
<<<< commit once 
----- insert -----
4.20443
3.81541
3.33326
4.26386
3.70003
3.85921
4.02731
3.78261
4.28864
3.76589
4.33656
4.23654
4.34077
3.93587
4.14678
3.96845
3.9445
4.428
4.18584
4.46669
5.25197
6.93518
5.52852
5.64748
5.25758
4.43085
5.08017
4.55754
5.20064
4.05638
4.10875
4.10091
5.95281
6.48877
6.1382
6.058
6.16225
4.15906
4.74838
6.43209
6.74929
5.69196
6.32062
6.65361
8.75536
6.74323
4.93205
4.28512
9.64968
4.8369
4.40512
4.7312
10.6089
5.69024
5.667
8.51208
5.8529
7.01577
4.34146
5.83812
5.82299
5.76903
5.30848
5.88639
6.09588
4.82046
6.1849
4.82662
4.30128
4.78841
5.6097
5.52131
8.46826
6.20548
5.90943
5.34389
3.81719
5.20534
5.90596
7.06814
5.45919
5.55843
4.66702
4.4362
4.52261
5.01722
5.21275
5.48371
6.48606
7.08397
19.2823
4.51234
4.49446
6.33111
5.73626
5.61401
4.53282
7.24015
6.68974
8.0857
----------------
insert (avg): 5.53912
----------------
----- init -----
10.374
----------------
init (avg): 10.374
----------------
----- commit -----
237.718
----------------
commit (avg): 237.718
----------------
# Loading records:	100
skipping run
