parsing config file ./lvconfig26.conf
parsing done
<<<< begin once 
<<<<< redos: 0 >>>>>
<<<< commit once 
----- insert -----
4.06434
4.52586
3.93096
3.42683
3.84495
3.93341
4.05022
3.86454
4.21105
4.23842
4.43072
3.85393
3.73496
3.94927
4.05597
4.16373
4.72886
4.49139
4.73545
7.60433
6.26784
4.79314
5.03733
4.65605
4.8625
4.85133
5.20291
6.40853
4.81586
6.62749
6.53897
6.10224
6.34781
7.79818
4.92313
5.46897
3.98456
5.94412
5.61873
6.2191
4.44937
5.63462
9.10638
4.99506
5.05169
5.75497
7.75846
6.36171
5.39349
9.28587
4.33281
4.01948
6.34858
7.31715
5.66281
5.55567
5.02071
5.88772
5.48119
6.64383
5.6273
5.57221
6.38753
4.9824
6.71782
5.3624
5.90726
5.54939
5.88935
9.61989
7.77715
6.61425
6.16821
5.02051
6.02546
5.6127
4.88439
4.2828
5.44367
6.09198
4.98344
4.82075
5.80278
6.66913
6.56164
7.07084
10.0819
9.00854
4.66355
4.55274
6.11935
6.4548
8.15306
6.2813
9.03573
8.12837
4.38742
4.72501
6.79251
7.64229
----------------
insert (avg): 5.69841
----------------
----- init -----
9.4033
----------------
init (avg): 9.4033
----------------
----- commit -----
236.614
----------------
commit (avg): 236.614
----------------
# Loading records:	100
skipping run
