parsing config file ./lvconfig38.conf
parsing done
<<<< begin once 
<<<<< redos: 0 >>>>>
<<<< commit once 
----- insert -----
4.73676
3.63023
3.65273
3.93779
3.827
3.81403
4.02492
3.57261
3.89108
3.79291
4.04797
3.49836
12.8389
3.51564
3.7175
3.46505
3.61743
3.55343
3.94655
3.71292
3.71889
3.62106
3.78238
3.29647
3.48629
3.58083
3.589
3.37552
3.63269
3.61628
4.13347
3.95122
3.83591
3.7052
3.83296
3.47469
3.90969
4.02879
3.83867
3.82487
4.08137
3.8181
3.37942
3.49702
3.55861
3.63554
3.72364
3.51515
3.55788
3.5154
3.70985
3.7825
3.95492
4.00131
3.61117
3.59103
3.4639
3.84653
3.33377
3.46624
3.4525
3.80612
3.49465
3.27258
3.18165
3.63787
3.42064
3.492
3.37138
3.36771
3.50846
3.69854
3.57023
3.37465
3.48405
3.62271
3.7015
3.55283
3.80422
3.82672
4.09239
3.57213
3.82233
3.88166
3.59725
3.48818
3.37213
3.53996
3.32877
3.36486
3.32108
3.5973
3.67419
3.23234
3.37283
3.65952
3.62897
3.71948
3.47165
3.46385
----------------
insert (avg): 3.73914
----------------
----- init -----
11.1723
----------------
init (avg): 11.1723
----------------
----- commit -----
122.131
----------------
commit (avg): 122.131
----------------
# Loading records:	100
skipping run
