parsing config file ./lvconfig1.conf
parsing done
<<<< begin once 
<<<<< redos: 0 >>>>>
<<<< commit once 
----- insert -----
5.84873
6.55332
6.40155
4.92482
5.11988
4.57012
5.18631
4.55867
5.24177
5.23282
4.79081
4.63009
4.51857
5.0457
5.92303
6.73423
7.83436
6.14171
4.49672
4.10598
5.61642
5.62721
6.57452
6.05923
12.6676
5.07905
5.96359
4.76133
7.62772
5.56619
5.34258
5.57
6.17678
5.29969
4.95391
6.31592
5.07218
4.5641
6.26074
4.54141
5.72504
5.12099
6.28531
4.13295
3.94809
4.69984
5.42962
4.19972
6.83578
5.80272
5.52841
6.50859
6.04048
9.55908
7.07086
5.0205
5.49491
4.33974
5.02582
5.2934
6.63968
5.55812
4.94241
3.92458
4.95658
4.71839
4.42962
5.5822
6.25338
7.12974
7.08945
14.2053
6.21616
6.42049
5.88099
7.68049
7.86153
6.71531
8.82808
8.50604
7.98211
6.71282
8.18546
5.44147
6.65388
6.78219
8.04928
7.80478
6.85605
7.47438
5.39
6.2795
5.15173
5.11592
8.02234
7.81802
9.23554
8.5076
5.74267
11.7201
----------------
insert (avg): 6.18026
----------------
----- init -----
9.63271
----------------
init (avg): 9.63271
----------------
----- commit -----
322.623
----------------
commit (avg): 322.623
----------------
# Loading records:	100
skipping run
