parsing config file ./lvconfig23.conf
parsing done
<<<< begin once 
<<<<< redos: 0 >>>>>
<<<< commit once 
----- insert -----
5.30714
6.26652
5.66881
8.06742
7.6258
7.29949
7.35394
5.50947
5.5647
4.85871
6.70528
8.23721
6.98806
7.09923
8.44501
7.71518
12.3878
5.78878
5.63089
4.2447
4.89687
5.00063
6.70378
5.84551
4.82257
4.49561
4.76125
4.96134
6.64
5.0787
5.23401
5.07708
4.87875
5.08553
4.87882
5.30985
7.83598
6.44209
7.12071
6.28877
5.46339
4.77591
5.50812
6.07139
5.56468
6.19342
5.6096
12.1892
4.61116
5.61173
5.42854
7.01908
5.53899
7.61092
4.53702
5.25821
5.97776
7.02098
5.67862
4.83535
5.02358
4.93421
5.04677
4.41888
5.04923
4.83549
4.15794
5.09774
6.10419
5.37893
4.438
5.30241
5.8348
5.29019
5.09981
5.61479
5.7455
6.7017
14.3541
5.12306
7.02972
4.72337
4.15454
5.65647
6.75767
6.95279
4.99336
5.59251
5.65035
4.84884
8.38859
7.03212
4.79863
4.60217
5.09496
4.54968
4.588
4.78747
5.02013
4.7491
----------------
insert (avg): 5.92148
----------------
----- init -----
16.5896
----------------
init (avg): 16.5896
----------------
----- commit -----
216.789
----------------
commit (avg): 216.789
----------------
# Loading records:	100
skipping run
