parsing config file ./lvconfig18.conf
parsing done
<<<< begin once 
<<<<< redos: 0 >>>>>
<<<< commit once 
----- insert -----
6.0283
5.13353
5.33004
4.42342
4.83798
5.75161
4.81034
6.0987
6.60787
5.89725
6.37114
8.63368
5.73738
5.50544
3.86951
3.98103
4.5168
4.53799
4.72683
5.01329
13.0463
4.71319
5.07969
6.09133
7.32457
7.0201
5.39519
10.6856
5.30647
4.8244
9.84048
5.83723
5.44445
5.08014
5.97735
6.53139
5.80971
5.26535
5.93987
6.02809
4.2231
6.84002
5.38957
6.53928
5.9205
5.9965
9.52162
7.94684
6.43089
6.51905
5.37824
5.41938
7.6842
5.13916
4.99881
4.43731
5.45056
4.87784
5.23662
4.71239
4.79983
7.19125
5.91899
12.8879
8.52946
4.91839
5.07369
5.37275
5.5064
8.01514
8.61277
6.33206
7.53035
8.76178
5.95417
9.50342
4.83691
6.73372
6.93862
6.66256
5.00926
3.78572
5.69458
5.85065
4.5247
5.33891
6.06916
8.30914
8.50976
8.47234
10.4842
7.49789
6.14395
11.0743
6.45434
5.931
5.00427
5.49933
4.11913
5.53195
----------------
insert (avg): 6.27099
----------------
----- init -----
13.9494
----------------
init (avg): 13.9494
----------------
----- commit -----
202.795
----------------
commit (avg): 202.795
----------------
# Loading records:	100
skipping run
