parsing config file ./lvconfig31.conf
parsing done
<<<< begin once 
<<<<< redos: 0 >>>>>
<<<< commit once 
----- insert -----
7.97454
5.23321
8.06366
6.25606
8.75537
7.7792
8.54284
5.31932
10.0749
7.25917
5.9892
5.28385
7.65267
7.95425
7.35277
7.77017
7.90838
6.83547
6.12077
8.58882
7.99627
9.31205
8.39084
5.99566
10.077
5.11173
5.864
5.88997
5.11746
5.22817
6.16244
7.67893
7.60495
5.62011
5.22565
4.95682
5.2293
5.94727
5.59224
5.06101
5.08857
5.46953
5.00349
7.16224
6.66033
6.96986
5.68086
7.06738
4.4775
4.59201
5.73042
5.26469
6.78656
6.26976
12.0896
5.44159
6.10344
5.31362
7.21184
7.4094
4.88882
4.33954
4.74729
6.12062
6.97327
5.80856
6.08304
5.51131
5.18082
5.26589
4.99653
5.0117
5.83021
5.22119
6.25691
5.46187
4.41707
5.35871
5.75016
5.24284
5.17994
5.61819
4.36495
7.7387
13.5876
5.58288
4.53813
5.33115
4.58826
4.30524
6.78726
5.39213
5.39984
5.336
5.14928
5.06459
4.904
8.12054
7.27915
4.37238
----------------
insert (avg): 6.27676
----------------
----- init -----
10.5899
----------------
init (avg): 10.5899
----------------
----- commit -----
219.347
----------------
commit (avg): 219.347
----------------
# Loading records:	100
skipping run
