parsing config file ./lvconfig35.conf
parsing done
<<<< begin once 
<<<<< redos: 0 >>>>>
<<<< commit once 
----- insert -----
4.68566
3.99625
4.00144
4.51977
3.72503
3.90583
4.28247
4.55894
4.30716
3.94138
4.2247
3.996
4.02541
3.94378
3.92026
3.71552
3.74795
3.59992
3.75961
3.89333
3.98556
4.01092
3.63278
3.70852
3.53706
3.55518
3.85369
4.04337
4.13377
3.98
4.26157
3.45778
3.77753
3.66013
3.87139
3.4918
3.64234
3.58773
4.15721
4.06194
3.9959
3.62758
3.82976
3.74325
4.10423
4.20212
3.83101
4.01909
4.04716
4.11224
4.48881
3.95985
3.95467
4.04264
3.97163
4.18693
4.18045
4.24158
4.12927
4.27231
4.10885
3.96484
4.31705
3.89179
4.1589
4.25632
4.90185
3.75887
3.59344
3.83184
3.84687
3.67225
14.0909
4.38467
4.07624
4.06604
4.45262
4.19346
4.54787
4.0042
4.42207
4.16714
3.99273
5.05688
4.87066
4.55817
4.33104
3.79338
3.85691
4.34075
4.6655
4.30781
4.47184
3.97888
4.36415
4.55217
4.55105
3.85677
3.7009
3.79457
----------------
insert (avg): 4.15853
----------------
----- init -----
9.72026
----------------
init (avg): 9.72026
----------------
----- commit -----
146.27
----------------
commit (avg): 146.27
----------------
# Loading records:	100
skipping run
