parsing config file ./lvconfig14.conf
parsing done
<<<< begin once 
<<<<< redos: 0 >>>>>
<<<< commit once 
----- insert -----
5.60519
7.15888
6.19895
5.36259
5.66905
5.21476
5.17059
4.30377
4.50285
5.90937
4.57099
6.69064
6.57898
5.92707
6.55962
8.20176
5.86477
5.29723
3.67511
4.13642
4.3554
4.65579
4.27598
6.14359
9.04905
6.11369
4.05645
5.4363
10.9067
5.39546
5.30669
5.9023
6.86529
5.52265
5.70686
8.64637
5.7452
5.45033
5.2154
6.10759
5.76985
5.91168
5.66538
5.49703
5.59081
5.10717
5.22677
5.05485
5.59188
5.0275
5.40276
5.45567
8.3448
7.70819
6.56936
6.5823
5.60594
6.01112
7.04829
5.85808
6.06479
4.66794
4.20897
4.49557
4.39843
5.10458
5.02244
7.02118
7.23018
14.2407
6.05079
4.65504
4.7243
5.8763
5.54855
7.40077
4.90381
10.1752
7.22635
7.82969
7.38096
8.44943
5.89504
4.02071
5.37219
7.38465
5.95425
6.0904
7.25264
7.96736
8.19372
4.67756
5.68624
4.59266
7.57872
6.99241
8.51965
6.80365
7.52905
7.9375
----------------
insert (avg): 6.13609
----------------
----- init -----
11.4784
----------------
init (avg): 11.4784
----------------
----- commit -----
219.383
----------------
commit (avg): 219.383
----------------
# Loading records:	100
skipping run
