parsing config file ./lvconfig33.conf
parsing done
<<<< begin once 
<<<<< redos: 0 >>>>>
<<<< commit once 
----- insert -----
4.23364
14.1517
4.29361
4.24539
3.6698
4.60551
3.94321
4.64674
4.34628
4.50509
4.2268
4.11633
4.70784
4.89545
4.67015
4.24789
4.38291
3.78556
3.78386
4.66238
4.37058
3.94878
4.14802
4.6654
4.77087
4.64421
3.98644
3.81361
4.01789
4.01683
3.8903
3.61356
3.92597
3.28471
3.56726
3.79626
3.78388
3.87319
4.79244
3.96532
3.94568
3.70032
3.61235
3.84796
4.10002
4.48348
4.30531
3.9867
3.98575
3.82921
3.73651
3.80102
3.8127
4.64438
4.45951
4.25932
3.8773
3.8386
3.65774
3.83953
3.73907
3.72918
3.74035
3.593
3.56073
3.79756
3.67127
4.02827
4.2038
3.63036
3.5135
3.80905
3.81948
3.63183
3.78162
3.91315
3.72905
3.52268
3.67537
3.47104
3.59866
3.51445
4.14657
3.70098
4.49811
4.18578
3.77854
3.77059
3.73161
3.81057
3.78229
3.79486
4.36846
4.25275
4.11853
4.25713
3.76417
3.86337
3.77768
3.7836
----------------
insert (avg): 4.09778
----------------
----- init -----
9.75522
----------------
init (avg): 9.75522
----------------
----- commit -----
122.532
----------------
commit (avg): 122.532
----------------
# Loading records:	100
skipping run
