parsing config file ./lvconfig15.conf
parsing done
<<<<< redos: 0 >>>>>
----- insert -----
5.32633
614.485
890.403
57.4482
334.531
518.126
552.425
554.008
746.146
417.415
858.306
574.056
648.343
671.315
369.687
37.8792
612.638
376.522
289.84
777.877
917.977
920.258
615.259
829.081
638.093
474.353
606.453
868.072
435.968
469.477
566.01
406.031
104.676
836.061
499.866
3.61683
34.8144
115.527
119.488
527.174
212.341
834.652
39.8035
842.094
637.723
621.884
235.897
608.711
451.424
551.957
767.938
630.643
481.655
544.174
453.675
871.133
615.771
788.437
414.314
631.087
611.597
328.672
506.968
268.086
692.332
889.249
491.79
3.76376
5.3094
4.67966
727.538
5.23943
4.3763
4.70383
377.08
4.12616
11.0713
4.54664
121.208
4.37203
215.499
355.738
282.597
248.106
447.874
395.01
766.906
925.831
377.217
842.704
161.832
702.388
3.79327
4.08755
4.58208
27.1008
500.366
448.837
928.582
635.382
----------------
insert (avg): 444.715
----------------
----- init -----
10.2675
6.61409
7.3769
7.78966
8.83014
9.34781
9.94055
10.7887
12.1205
11.4899
13.2142
12.7219
12.5185
13.6677
14.3659
13.9579
15.2379
14.98
17.5275
16.3799
19.7115
18.916
20.1153
18.848
22.5271
21.3602
20.2375
21.2266
24.6139
25.2541
20.1701
22.9502
29.5763
22.2974
30.3988
22.8281
23.4054
28.6414
27.0837
26.4386
35.3554
32.3657
27.6012
28.4001
31.0184
35.6331
32.837
28.2007
29.971
37.021
32.9648
38.767
32.8531
31.5267
34.734
38.1835
39.5216
36.0519
35.7562
44.7111
35.7969
38.854
44.5248
37.6766
36.6383
41.2163
42.007
38.9324
39.5533
43.5236
38.9478
40.092
38.3082
41.8467
52.9868
43.5899
41.7622
43.6147
44.4107
43.6848
55.4392
48.0701
48.1302
51.9056
47.9639
55.9266
51.1369
59.4136
54.019
52.452
52.6905
53.4687
47.4401
60.0058
55.1343
53.3654
60.4349
58.3025
58.1855
60.3775
----------------
init (avg): 33.0104
----------------
----- commit -----
15.3346
106.022
932.225
657.362
470.067
441.557
436.917
239.546
579.214
119.178
411.308
345.72
312.155
615.947
946.835
372.801
608.575
696.965
198.135
67.6849
59.0222
362.147
154.941
338.763
503.388
372.79
130.951
520.26
508.235
411.661
570.013
865.441
143.173
469.509
32542.5
365.9
856.523
856.293
449.655
748.191
136.759
932.308
128.57
336.444
337.8
731.388
359.758
520.301
414.318
199.452
345.815
464.555
431.688
504.118
93.361
344.78
176.319
553.044
320.118
353.28
629.797
450.308
695.446
269.758
68.4313
465.678
35225.3
4271.07
1511.22
91.8475
1910.35
144.575
993.089
387.482
1666.32
226.824
1503.14
287.124
2288
406.705
583.281
674.648
695.508
503.132
549.096
178.933
19.2359
566.492
110.755
780.153
244.039
29054.4
2236.39
1431.93
21.0406
439.691
489.032
14.9659
311.226
336.072
----------------
commit (avg): 1502.2
----------------
# Loading records:	100
skipping run
