parsing config file ./lvconfig12.conf
parsing done
Error: curlCode: 7, Couldn't connect to server; Details: Failed to connect to localhost port 9000 after 0 ms: Couldn't connect to server
<<<<< redos: 0 >>>>>
----- insert -----
4.60093
594.96
980.169
930.714
725.894
967.517
721.713
179.467
591.395
309.699
899.595
307.904
400.593
687.194
586.243
614.986
237.623
958.385
316.857
234.707
830.585
430.839
932.566
565.645
792.781
438.753
840.509
413.686
488.192
397.375
550.027
645.194
282.781
141.388
616.537
568.771
899.718
3.65675
3.73778
631.384
388.413
693.618
581.026
767.206
176.491
221.579
414.391
541.16
800.611
627.002
836.065
586.76
640.071
369.114
689.831
829.925
546.159
800.596
591.414
547.404
534.721
687.426
410.366
4.39669
234.248
717.345
631.829
3.78782
508.658
175.842
4.68999
5.09159
4.60873
899.958
933.546
5.73245
656.371
3.94334
3.90037
549.615
315.945
376.44
456.486
864.688
678.318
344.446
889.217
756.222
776.428
901.345
913.318
4.23754
4.14156
4.01173
4.79705
61.5165
175.121
259.549
740.991
589.014
----------------
insert (avg): 494.655
----------------
----- init -----
9.01518
6.74813
7.29106
8.05405
8.34077
9.7004
10.7101
9.99099
11.6513
11.2554
12.4615
16.3376
12.8402
13.3934
15.5011
15.0279
14.4774
17.4509
17.2649
15.5974
18.196
17.9909
20.911
19.1804
19.4849
22.307
20.6472
22.2601
22.0503
23.8393
27.9457
28.2365
23.3521
22.9072
23.7363
25.252
30.1272
23.4298
30.5831
26.3305
26.0745
25.5015
30.6083
27.1886
28.4944
31.0454
29.7108
35.4082
31.3303
30.9505
34.0239
33.1752
41.1093
32.7667
34.9854
37.6114
34.6331
37.2358
37.0256
34.8853
42.3875
35.9633
47.1868
42.85
38.3257
36.3606
38.8153
36.2015
37.1783
37.1579
40.1695
39.0761
40.7982
38.7927
41.2365
44.8932
43.9398
41.7535
43.0749
42.0875
46.9875
45.0169
55.2857
50.233
48.2607
49.3613
51.7844
48.7538
50.2976
51.5268
61.1939
28788.9
54.0757
47.0399
51.2223
60.7914
55.7569
57.5406
51.8642
63.7094
----------------
init (avg): 319.635
----------------
----- commit -----
11.1118
13.1437
63.2976
267.147
22.5707
268.057
811.422
400.988
674.157
92.7349
669.694
587.028
303.609
393.932
371.219
746.95
25.6352
666.565
751.062
147.134
550.853
47.9866
414.689
189.619
537.113
138.953
563.349
509
560.677
423.353
325.736
694.223
833.524
358.467
407.662
76.2264
33824.6
434.672
16.0499
582.933
283.653
388.068
203.995
800.799
741.863
557.111
422.974
165.57
346.475
128.14
394.898
302.961
604.857
266.205
133.177
420.094
163.56
377.703
410.69
421.415
277.431
543.469
1560.52
117.321
247.51
328.412
34220.2
191.316
788.675
3799.26
320.277
1799.7
13.9655
15.9691
1195.94
60.2053
5758.62
278.251
279.138
634.096
582.202
482.803
85.8692
273.087
606.69
59.8762
194.338
175.13
44.1042
27.3177
89.9275
746.928
1844.32
1138.08
97.263
771.411
680.716
206.744
349.973
180.057
----------------
commit (avg): 1173.78
----------------
# Loading records:	100
skipping run
