parsing config file ./lvconfig0.conf
parsing done
<<<<< redos: 0 >>>>>
----- insert -----
4.25595
483.84
970.541
877.936
767.709
704.31
4.18588
96.1922
542.291
591.117
391.3
777.505
701.962
381.314
369.932
894.796
314.893
644.88
460.391
503.645
408.493
788.114
838.698
645.935
731.583
914.465
464.925
572.387
667.737
311.884
456.941
473.844
807.791
384.62
293.414
431.332
424.082
3.78587
4.24981
14.7923
807.362
3.69801
175.158
329.659
477.344
803.201
812.27
217.959
458.395
528.204
854.371
459.601
435.416
559.149
316.927
469.579
590.949
837.499
235.562
539.204
643.542
475.698
853.649
568.668
381.83
165.342
681.927
6.03381
31.829
4.10673
6.08445
636.298
4.35528
300.711
3.85698
4.37475
4.42295
654.54
530.334
4.05953
57.5288
4.76681
339.123
276.161
450.628
299.124
698.662
546.523
599.184
531.321
304.378
657.934
292.598
373.831
4.08404
3.75776
560.984
429.735
4.31513
115.57
----------------
insert (avg): 425.454
----------------
----- init -----
8.0082
6.19532
7.05055
6.86524
9.66169
11.3986
10.1719
10.1735
10.8041
11.9027
11.8703
12.6602
13.5331
14.1818
14.2694
15.6006
14.5484
14.6371
19.0399
15.894
15.897
16.7258
18.7625
19.3121
20.1286
21.7662
20.2033
19.689
21.681
21.6081
22.8905
21.844
25.4957
23.9396
25.0654
25.6787
24.551
24.4734
23.3633
33.7405
27.5893
27.0327
29.3648
31.4401
28.9255
34.3435
31.9069
31.6145
31.6527
37.0297
32.4408
34.9697
32.6481
34.7852
43.1796
34.9416
34.5213
35.4776
41.7059
35.5175
43.6538
38.3948
37.8563
36.9851
38.6762
44.3604
39.1839
37.8235
37.7064
37.5093
39.7276
38.5306
40.2437
41.4067
40.2984
41.4793
41.7896
41.9582
48.7691
44.7501
46.3602
44.9985
54.94
57.2745
56.5244
62.1128
49.3018
50.7684
50.3121
55.2921
52.5979
52.3405
56.1984
57.9112
49.1109
48.4151
54.605
53.2698
63.2303
56.5212
----------------
init (avg): 32.3956
----------------
----- commit -----
12.3948
22.6034
118.631
222.568
282.945
1254.48
628.228
446.646
397.023
599.992
203.376
285.49
608.075
612.713
90.9496
666.598
344.471
519.733
483.345
571.122
197.76
140.957
333.431
247.19
64.7831
514.911
408.3
330.068
648.857
519.824
504.255
166.093
591.873
681.001
542.79
557.61
32534.9
939.56
412.227
168.279
969.134
793.208
640.945
492.716
167.429
151.153
751.216
508.916
433.618
120.822
500.164
549.434
388.383
644.831
489.872
373.155
126.864
724.182
431.136
306.228
486.117
107.125
395.452
580.445
787.65
279.793
27846.2
35.7637
7516.62
526.165
197.419
1008.98
604.926
3282.51
2323.84
383.248
174.694
425.69
3286.36
558.011
2516.64
54.6912
651.258
500.5
634.97
248.799
403.444
350.412
415.512
641.008
295.424
647.23
567.253
28905.7
175.54
193.681
515.431
1633.45
131.197
710.519
----------------
commit (avg): 1494.39
----------------
# Loading records:	100
skipping run
