parsing config file ./lvconfig17.conf
parsing done
<<<<< redos: 0 >>>>>
----- insert -----
4.13335
159.584
737.29
541.849
420.287
281.297
412.78
386.453
969.796
237.423
560.669
501.94
578.498
648.904
617.228
841.602
768.243
342.389
618.301
385.755
416.522
541.735
202.603
504.261
289.411
789.348
451.781
819.028
799.144
717.021
673.037
399.796
584.21
610.057
3.52402
3.77407
470.03
497.932
390.779
28.315
805.206
86.7289
951.59
843.929
732.249
159.213
660.902
681.75
730.551
743.067
379.42
516.131
813.913
839.271
565.678
754.531
138.583
453.449
585.808
422.748
928.196
556.815
807.925
676.52
453.394
532.296
3.82332
5.72994
4.4866
131.279
4.3376
56.2997
3.59748
62.1083
867.969
249.367
562.707
914.102
4.2858
57.2684
800.081
718.596
733.036
539.14
827.149
596.954
298.069
757.582
575.971
445.929
307.11
4.44619
4.58304
367.865
263.741
827.117
233.216
534.205
559.09
405.378
----------------
insert (avg): 477.532
----------------
----- init -----
9.27373
7.4277
7.76991
7.85076
13.9393
14.0628
10.581
9.65292
17.4397
12.1058
14.0643
13.0505
13.2123
14.1621
15.2678
16.0961
15.0735
15.2552
16.1039
18.8174
20.6064
18.0458
18.9127
20.5114
26.2646
19.5457
26.6768
22.4757
25.7474
19.7648
21.9659
21.4166
23.1711
25.9029
22.3896
21.9577
21.9243
23.9692
25.2848
27.4388
25.0015
34.8034
28.8789
28.513
29.5008
28.1685
27.566
29.1454
29.1758
32.2664
38.5873
35.037
33.9933
34.6643
31.8778
33.7209
41.2033
41.9871
36.4305
35.7379
37.9651
37.6072
45.9674
35.0262
47.9749
38.4982
36.6914
37.5171
38.9896
43.9197
40.2842
40.4396
41.2783
44.2232
42.0539
43.423
47.2846
49.5416
43.2148
42.5572
44.5596
46.6109
45.987
50.458
46.1283
47.5893
58.7817
50.3668
51.2071
57.9638
58.8362
49.9349
60.6717
58.7025
56.4231
56.9918
60.0053
61.9208
54.4461
61.1728
----------------
init (avg): 32.8465
----------------
----- commit -----
164.756
254.749
449.687
565.782
706.847
576.665
599.467
22.9757
741.508
425.768
489.537
406.444
333.632
369.25
144.783
213.507
646.798
360.601
598.995
560.522
439.214
778.718
476.487
681.311
192.194
532.403
149.495
176.774
259.844
305.53
578.272
393.688
363.213
32835.1
603.737
13.803
480.61
586.085
941.439
170.084
878.317
20.7972
133.107
234.074
812.519
310.753
286.429
245.009
223.589
600.965
426.349
160.603
118.548
400.178
214.092
821.939
510.261
368.761
544.104
32.6432
405.852
147.571
285.079
501.152
427.484
34877.3
878.314
3638.9
301.561
3574.27
282.227
1819.02
34.7195
85.0288
706.088
390.521
39.1205
1671.35
178.047
162.769
230.338
225.202
410.329
123.884
355.901
642.636
192.668
371.205
500.856
632.177
30515
1760.13
174.411
680.782
117.042
704.33
403.928
389.232
530.2
333.285
----------------
commit (avg): 1466.33
----------------
# Loading records:	100
skipping run
