parsing config file ./lvconfig19.conf
parsing done
<<<<< redos: 0 >>>>>
----- insert -----
4.95486
122.637
840.855
310.142
119.955
160.639
470.137
155.069
405.937
273.581
714.585
637.821
339.053
522.452
465.128
783.001
535.162
625.758
391.284
666.925
645.749
829.47
429.798
775.536
548.977
926.68
955.75
881.444
117.131
886.457
844.71
185.101
791.591
518.839
4.24716
212.707
3.52384
402.415
931.709
491.929
396.412
942.197
456.293
467.603
843.711
391.767
561.22
779.409
849.88
922.88
920.859
281.236
400.71
677.674
808.027
182.17
404.936
294.774
231.585
497.456
881.774
285.906
503.31
672.962
217.741
932.574
933.412
5.25945
4.78087
564.174
4.73136
766.709
4.22008
3.5425
293.502
897.835
810.057
4.18374
4.24394
83.828
4.61107
4.09289
771.286
294.565
926.745
343.84
760.671
570.241
381.837
459.368
432.254
561.243
474.31
636.434
3.89963
394.722
13.7567
281.323
503.641
777.363
----------------
insert (avg): 477.106
----------------
----- init -----
9.51849
7.84557
11.6837
7.93672
9.6272
13.6784
10.4206
23.7353
10.7162
11.639
12.6286
11.4066
14.1704
13.4383
14.4194
14.2858
14.1872
14.8657
20.9451
16.3388
17.0035
18.9447
19.3824
18.2159
18.8505
21.5231
21.0443
24.7788
26.0388
23.7267
24.3261
24.1356
22.6546
23.0282
21.8605
22.602
23.4167
24.7457
33.1156
26.4757
34.1345
26.6775
28.2503
35.3637
28.8842
30.9714
28.7055
31.1665
34.2392
33.7555
40.8783
34.7375
35.8128
32.1928
32.2479
35.0354
35.4147
37.1445
39.1018
34.5306
43.6394
38.1116
37.1786
36.7797
94.0351
42.9406
44.27
44.5238
37.6167
39.4291
38.8698
92.4232
45.4618
38.8099
39.8658
50.131
41.9454
42.5193
42.9589
46.0886
48.8485
44.803
50.2436
54.864
50.011
53.8838
47.8589
48.1366
57.0055
50.8751
51.5006
59.9924
59.7997
52.6404
51.6981
58.5525
54.6324
51.9344
53.0341
56.1288
----------------
init (avg): 33.8264
----------------
----- commit -----
219.165
146.561
682.682
868.772
827.99
520.449
819.414
589.913
705.751
274.439
353.163
645.12
462.022
519.432
206.55
451.81
361.745
582.66
319.071
336.58
150.241
552.629
204.522
431.376
52.188
37.3665
80.1635
859.558
87.0559
131.943
789.003
187.273
457.842
33473.8
260.079
1324.91
222.253
34.7855
484.273
568.132
32.1681
520.256
492.685
128.352
576.643
408.256
194.086
114.995
42.4798
32.4007
692.328
557.78
289.122
161.383
784.178
565.448
661.815
729.153
463.905
77.8773
676.883
457.556
290.987
686.904
21.5595
21.5984
32966
2310.77
31.0839
1717.68
566.988
247.668
2120.46
15.2002
53.1378
152.138
2327.34
1351.42
95.403
1846.76
106.472
126.628
647.94
28.7846
597.764
189.94
379.381
563.609
491.664
513.229
385.327
459.116
312.383
30961.9
526.59
932.266
667.952
442.003
164.454
192.335
----------------
commit (avg): 1444.55
----------------
# Loading records:	100
skipping run
