parsing config file ./lvconfig30.conf
parsing done
Error: curlCode: 7, Couldn't connect to server; Details: Failed to connect to localhost port 9000 after 0 ms: Couldn't connect to server
<<<<< redos: 0 >>>>>
----- insert -----
4.63476
362.807
154.361
461.411
296.445
795.358
655.707
194.467
258.443
744.49
919.484
263.289
553.479
406.339
722.69
809.235
282.038
818.763
350.892
799.319
434.929
706.571
164.339
453.734
184.558
403.925
725.298
323.135
86.3487
896.678
191.046
347.128
890.045
699.863
4.21108
97.4006
4.21705
321.788
909.909
41.3554
500.069
547.24
914.735
831.051
110.673
427.084
792.958
487.73
937.525
384.869
764.169
841.319
912.138
925.559
327.148
918.628
115.511
199.464
679.071
746.359
864.859
726.735
561.101
556.961
798.42
3.81475
4.09474
446.137
4.0058
3.77167
4.40115
4.29012
3.99893
3.99306
488.247
4.12055
4.2304
433.158
342.02
657.864
491.22
851.426
820.494
359.978
716.842
356.98
405.128
910.487
3.93623
4.39689
96.7135
4.27976
410.374
343.284
393.026
545.566
708.018
419.761
823.306
697.374
----------------
insert (avg): 453.822
----------------
----- init -----
8.81584
6.41955
9.80725
8.29752
11.8458
9.75774
10.2744
13.2383
11.1559
11.9455
12.5513
12.3498
14.8498
16.8099
16.2318
15.0211
15.904
22.1537
19.7131
18.0851
17.0862
17.8564
18.4264
19.25
32.2631
19.9187
19.957
23.5769
26.0821
27.9949
23.4316
27.5968
23.2634
23.5292
23.9529
22.4312
23.2683
23.7719
26.2479
25.1821
27.2024
27.0317
30.1761
29.006
33.3745
28.5692
29.6386
30.8926
48.4976
43.2069
31.049
36.029
38.1611
44.2175
37.3336
35.6981
38.2825
41.1968
34.112
40.331
37.7045
38.068
40.548
36.5071
45.6501
38.7364
38.203
37.7249
38.7949
40.0251
799.416
40.9966
39.1172
40.6973
44.5337
44.2388
49.2254
44.6805
46.6966
48.0739
45.3793
48.5554
48.3645
50.0767
54.293
60.4194
50.3771
64.0523
52.8179
48.3814
47.4321
48.2909
54.1505
59.3685
53.582
60.8592
52.8986
59.1675
56.0087
50.5536
----------------
init (avg): 40.8899
----------------
----- commit -----
57.9945
835.538
529.698
690.532
197.593
334.95
789.963
737.948
235.285
68.4778
728.397
428.959
576.891
260.086
178.298
701.623
160.845
624.654
186.173
546.382
274.857
818.329
524.171
784.571
575.089
268.24
640.558
887.127
75.1067
785.85
626.955
86.4762
273.979
32534.3
313.238
1130.85
499.116
67.2264
930.521
472.597
427.258
54.347
145.527
852.563
543.788
177.04
476.781
20.0913
571.59
213.682
111.683
53.6094
25.3769
636.549
43.9545
848.01
766.301
279.913
213.755
96.0938
235.447
399.525
405.831
154.464
27974.9
8219.57
235.727
1743.04
2502.69
57.328
2510.41
366.153
966.794
298.74
3738.84
2405.9
286.823
597.942
298.502
461.742
99.0185
131.301
589.998
228.675
582.167
546.515
24.2308
30390.8
1074.31
275.643
1378.48
107.079
599.388
551.413
392.739
247.741
511.671
120.723
251.141
69.1905
----------------
commit (avg): 1500.3
----------------
# Loading records:	100
skipping run
