parsing config file ./lvconfig38.conf
parsing done
<<<<< redos: 0 >>>>>
----- insert -----
8.88336
859.481
976.302
979.883
968.938
974.796
974.908
973.679
975.412
974.42
975.904
975.407
974.554
974.738
975.52
944.204
970.499
971.651
971.339
971.475
960.813
969.664
966.96
969.198
971.043
963.443
967.426
967.13
965.572
963.525
965.007
966.65
961.812
962.539
961.551
963.949
962.806
962.639
961.894
962.968
961.059
961.622
954.889
959.819
958.12
958.821
957.789
954.825
953.599
955.586
956.012
951.002
954.31
952.393
953.939
954.68
954.551
953.339
951.146
950.291
946.442
945.87
948.236
951.134
944.426
948.198
951.812
948.646
948.161
944.317
948.039
947.559
947.015
944.004
945.15
943.629
944.349
946.842
944.916
944.189
933.814
944.589
938.244
942.738
940.426
940.797
940.804
942.488
940.353
938.613
937.935
937.925
938.204
939.18
939.43
929.55
936.261
938.613
935.558
936.529
----------------
insert (avg): 944.814
----------------
----- init -----
21.9091
15.072
8.07543
7.66661
10.3267
9.14278
10.0432
10.9459
10.4376
10.2533
11.6227
11.2425
12.5849
12.4646
12.9397
17.5783
14.9216
14.442
14.8945
15.6862
19.5458
16.4829
18.3149
17.5784
17.3824
18.8188
19.374
19.2089
20.3069
21.6257
20.7711
21.2423
22
22.7139
22.9965
23.0286
24.4389
22.8665
24.6807
24.2651
26.0646
25.2466
32.0957
26.4368
26.9233
27.8099
29.3915
30.0466
32.1503
30.6401
29.8474
32.8358
31.7116
31.9255
31.743
30.7236
32.2576
32.4576
34.4109
34.4936
37.4641
37.4515
37.1321
35.9722
38.9186
38.1446
36.3885
37.7165
39.4825
40.1786
38.3656
38.981
39.936
41.4477
41.7141
42.2799
40.5406
40.1891
41.2229
43.3018
48.4943
42.2697
46.676
44.2966
45.2446
46.2466
44.9259
45.1789
46.2693
46.8256
46.9603
48.2555
48.5044
47.6791
50.3751
52.3989
49.3135
49.9557
50.7826
50.8417
----------------
init (avg): 30.1743
----------------
----- commit -----
26.9251
15.3797
13.5121
19.9805
15.9798
14.4035
16.2283
12.9722
15.4786
12.6471
13.7014
13.2169
13.1544
13.7885
35.0516
14.851
13.8853
13.3925
13.8351
18.2282
14.0835
14.518
12.8829
13.5212
16.2037
13.7706
13.2971
13.6849
14.2643
14.8281
15.0972
13.3037
14.0089
15.3401
13.6492
13.1965
13.2596
13.4548
13.0486
13.3908
12.472
12.7153
13.904
14.9948
13.2351
12.9019
15.2705
14.7666
13.4356
14.352
15.9432
13.7455
15.0302
15.2133
13.9038
14.0629
13.6612
13.9867
15.3859
16.7739
15.7447
14.6019
13.7147
15.5444
13.6254
12.3545
12.8577
12.7775
14.9
13.8615
13.2135
13.798
13.9841
13.4499
14.6554
14.0764
12.9989
13.3154
13.7577
17.021
13.0169
14.7895
13.4641
13.66
13.8147
13.067
13.2869
13.287
14.7034
13.9452
14.5761
13.4388
13.2924
13.4859
14.3409
13.7435
12.4281
13.1842
12.5467
12.9537
----------------
commit (avg): 14.4245
----------------
# Loading records:	100
skipping run
