parsing config file ./lvconfig3.conf
parsing done
<<<<< redos: 0 >>>>>
----- insert -----
4.65818
146.57
3.70377
345.463
973.265
219.832
933.068
440.978
442.72
755.922
312.332
373.021
352.185
418.066
63.3819
792.855
803.793
316.315
443.778
871.589
611.609
727.916
250.317
685.133
957.764
615.801
539.947
809.441
837.517
481.681
508.02
571.625
567.561
955.562
507.77
3.94921
453.59
514.827
229.021
899.751
253.218
586.768
811.775
91.619
84.8855
302.173
839.303
833.097
609.37
579.735
792.807
899.686
341.834
410.679
475.951
811.303
505.992
874.654
817.278
298.264
497.845
822.1
31.055
738.305
895.106
905.671
3.75925
176.499
637.87
4.38267
760.947
491.092
4.59914
4.46955
926.87
917.49
943.304
680.036
4.26587
3.98742
656.544
4.27659
105.967
749.688
772.037
214.835
600.62
605.383
729.664
311.431
693.653
506.007
667.726
395.847
3.8515
4.26893
233.417
627.144
664.19
248.328
----------------
insert (avg): 502.072
----------------
----- init -----
10.2132
6.83595
8.14258
8.06106
10.5618
9.37611
13.7988
10.8346
11.5857
12.226
12.679
12.2334
19.9849
19.9901
13.8587
18.0959
16.5029
14.8521
18.242
15.5075
17.6332
17.8119
25.0781
18.0819
25.8078
22.2825
22.2851
21.0043
29.6649
25.0581
31.9526
23.4001
21.4991
26.8328
24.061
23.787
24.2376
24.435
30.2329
23.9829
25.4122
26.2875
36.388
33.6517
31.1354
35.4003
30.2058
30.3786
29.8498
30.6805
32.8791
37.7995
36.8321
32.8693
41.742
34.6365
34.2291
37.4517
39.5985
45.4668
41.6994
46.8595
48.4208
39.9091
37.7852
92.7718
35.3923
35.5289
37.9543
36.5199
38.9826
37.6301
40.2862
51.8259
43.2029
38.6937
39.914
45.7274
43.2761
43.2997
44.7768
51.5465
56.6428
45.8145
49.1826
57.871
49.2058
47.951
52.0241
58.301
51.8968
53.5632
53.4041
61.6363
55.3514
49.5846
51.6089
49.3482
60.2212
62.3883
----------------
init (avg): 33.636
----------------
----- commit -----
260.926
1307.97
325.094
18.9262
772.113
54.0173
546.491
553.36
222.468
674.643
620.35
624.773
561.871
919.432
193.556
178.92
670.591
534.626
115.423
370.049
250.976
728.332
291.801
20.0736
360.782
457.755
151.292
131.577
491.446
463.368
399.241
411.705
21.9112
473.646
32979.9
506.441
461.323
739.909
77.7775
720.776
389.891
153.671
869.286
885.691
659.25
130.957
145.474
354.939
404.884
157.683
65.5237
618.512
556.322
480.475
152.964
469.778
80.8709
143.169
655.56
459.564
133.374
917.134
223.638
66.0859
50.0622
25625.7
70.8776
323.76
6095.26
64.9213
473.201
4271.64
1645.76
18.4319
34.3618
17.3127
278.634
1781.24
1332.12
88.0722
2208.24
585
193.619
184.611
723.394
347.089
345.131
220.729
632.395
251.421
445.513
274.652
543.331
29370.5
1190.04
35.8136
326.44
275.842
690.9
655.559
----------------
commit (avg): 1405.12
----------------
# Loading records:	100
skipping run
