parsing config file ./lvconfig8.conf
parsing done
<<<<< redos: 0 >>>>>
----- insert -----
4.15294
507.762
959.359
899.607
315.119
636.192
699.325
409.194
574.32
259.039
230.032
722.925
588.164
584.33
909.178
658.685
648.868
406.1
734.22
537.194
693.564
957.722
677.844
555.341
217.297
831.513
257.252
469.763
561.467
730.806
911.172
817.503
255.434
409.454
846.983
461.742
406.904
3.89485
105.926
4.01349
4.00863
70.9323
388.619
406.693
257.311
157.766
116.076
668.899
665.702
614.708
573.237
458.716
496.551
586.687
759.031
556.364
407.568
125.74
313.42
865.211
466.71
842.668
715.37
541.593
525.066
497.282
4.23079
3.61787
4.67932
4.11658
3.72235
113.824
3.80955
592.139
160.495
763.415
4.29519
4.33322
3.71122
431.135
4.33431
3.91224
117.855
691.696
718.279
796.573
749.681
558.088
781.596
683.733
512.84
496.55
397.548
644.453
3.9404
3.81494
3.85458
6.6619
860.151
399.592
----------------
insert (avg): 440.74
----------------
----- init -----
8.97792
6.37223
7.55548
7.10171
9.57952
8.69857
10.8186
10.131
11.324
11.4054
16.793
12.6449
12.796
12.8587
13.9409
14.4238
15.9483
15.5192
16.1947
23.1832
20.9744
17.2649
18.5425
19.9928
21.8411
18.9389
21.4668
23.2395
22.4193
26.9067
28.1367
24.6336
22.4751
22.6044
23.9782
25.5329
25.2201
23.2995
24.3454
24.6055
34.3693
26.7693
31.1881
33.6062
28.8162
28.9984
33.9037
28.6155
35.5983
30.8645
29.7799
33.1099
32.64
31.8497
39.7678
33.1291
35.9883
43.4185
52.3984
35.105
35.3658
35.5319
37.8741
46.1489
38.6286
39.6164
37.4543
38.358
41.0561
38.0693
41.3572
43.1164
39.3293
39.584
41.9489
102.092
53.4312
43.9671
41.7973
43.5086
95.3595
43.7124
58.1833
52.4945
48.4828
50.5484
46.3981
48.9499
50.728
49.2168
49.5377
53.3065
54.176
56.9474
49.1023
51.2565
50.6876
62.4043
58.0922
53.7167
----------------
init (avg): 33.4414
----------------
----- commit -----
12.2585
33.8945
96.1403
674.42
355.313
290.135
582.274
414.229
728.312
764.003
251.75
400.561
403.807
77.8605
322.256
338.308
580.034
248.28
443.615
280.292
28.7448
300.463
425.348
761.605
146.302
722.155
508.368
428.23
228.861
65.0925
154.364
721.834
567.759
128.7
513.997
573.17
31661
169.909
1438.18
3384.99
15.8277
583.098
558.182
715.115
811.599
850.3
301.761
299.263
356.81
397.245
524.24
451.826
388.767
192.873
411.188
554.893
834.71
638.672
93.2237
497.523
121.333
246.816
413.922
434.657
462.883
27937
20.8123
6661.25
259.364
1636.65
109.383
4314.98
13.5583
796.231
2265.89
830.697
1813.95
1381.76
214.292
1756.33
290.346
641.38
246.599
234.558
153.374
200.291
390.88
170.145
267.455
435.281
457.572
544.312
297.476
29527.9
958.293
891.254
395.811
72.9085
549.207
500.319
----------------
commit (avg): 1486.21
----------------
# Loading records:	100
skipping run
