parsing config file ./lvconfig14.conf
parsing done
<<<<< redos: 0 >>>>>
----- insert -----
4.05814
310.889
835.2
713.249
805.547
849.536
901.627
829.271
944.629
190.935
910.776
499.742
392.956
280.138
221.307
117.768
380.583
795.848
700.493
506.228
413.901
540.745
443.85
800.98
400.475
526.492
627.797
441.013
558.604
253.259
846.519
660.116
941.289
558.345
401.348
3.62908
3.84074
478.079
587.376
690.075
147.385
102.508
410.189
382.823
707.864
397.079
740.247
372.706
859.797
584.367
792.015
643.555
816.826
930.617
526.327
302.003
907.064
261.207
462.638
652.254
524.785
453.459
632.57
670.936
936.675
483.65
822.351
915.321
911.249
4.18659
4.83733
683.415
796.562
373.877
4.50591
5.03138
3.70727
818.192
432.859
892.49
3.9969
3.72481
5.39516
630.119
251.879
388.465
526.607
625.524
413.711
921.714
875.352
339.019
695.325
835.569
3.70064
512.606
3.94988
4.61005
376.076
215.042
----------------
insert (avg): 503.71
----------------
----- init -----
10.1097
6.29056
8.13608
7.92669
9.437
9.75964
13.1313
10.2077
14.3923
11.471
14.9224
15.2782
12.8165
17.9263
13.4221
14.5541
15.6082
15.4707
19.4382
17.976
16.5013
24.0494
19.8813
19.2447
21.6603
18.549
25.6652
25.8237
20.9307
21.4083
21.6447
23.2514
31.6591
23.5696
26.9207
21.9593
22.5967
23.2234
25.87
27.8248
26.5375
29.2323
33.6504
32.8903
30.4003
27.7367
29.2537
33.0329
41.6516
30.1832
32.789
38.4118
33.8601
32.4916
34.3505
34.5987
36.6621
41.7772
44.6433
48.5123
39.1964
35.4621
40.7815
41.8237
39.2801
39.4386
40.0509
43.9412
44.0429
39.1953
40.3468
39.4362
45.913
39.9224
41.5561
51.4102
45.4951
41.7808
42.2867
43.435
44.3567
45.1958
43.4185
43.0762
50.6587
46.7598
49.2267
48.557
57.0506
61.336
54.9583
65.0496
57.6765
53.2864
49.0356
49.8341
50.2948
61.6833
53.4441
61.9222
----------------
init (avg): 32.9479
----------------
----- commit -----
12.2875
157.808
278.395
187.083
140.442
86.4534
162.176
41.0634
803.339
64.8908
485.981
597.62
698.389
766.766
866.439
605.448
189.194
283.417
469.966
572.105
432.884
537.141
177.309
578.22
456.605
345.814
544.171
411.408
725.934
130.37
315.243
23.5606
422.554
572.36
32676.3
658.797
106.196
389.722
283.443
822.736
870.802
557.177
584.845
265.093
570.367
230.153
593.079
100.391
388.579
173.328
334.356
130.676
41.5915
434.817
663.826
55.7655
698.278
498.714
292.816
432.144
513.501
326.738
288.315
22.1648
476.201
138.291
37.6098
43.8238
32869.2
103.935
217.453
155.314
590.02
1665.29
2262.33
2035.77
22.1991
528.61
60.9812
2418.39
2283.55
474.201
20.2149
685.291
569.37
419.167
324.75
526.853
18.88
72.2376
593.783
251.229
107.883
30333.6
46.9694
1287.6
660.749
504.608
723.125
255.769
----------------
commit (avg): 1409.33
----------------
# Loading records:	100
skipping run
