parsing config file ./lvconfig22.conf
parsing done
<<<<< redos: 0 >>>>>
----- insert -----
4.2992
288.081
374.892
872.092
642.463
195.97
372.712
235.607
452.731
200.597
768.576
302.404
659.696
574.456
106.824
371.789
745.412
518.161
919.226
740.445
390.01
770.181
873.036
384.876
536.122
596.984
749.17
411.632
522.222
795.586
469.748
155.038
310.568
932.846
3.67809
335.439
500.378
194.876
344.593
64.0387
327.975
339.093
364.399
463.499
647.778
571.382
687.084
753.808
961.383
510.02
454.1
635.309
839.546
932.71
482.804
210.128
835.226
321.424
556.011
831.445
4.63677
93.7551
412.655
324.475
4.33157
3.53015
5.1671
248.649
4.88085
4.1406
3.95114
4.12759
488.371
949.275
4.00395
4.51775
83.7256
558.058
222.214
742.238
536.88
459.938
856.885
830.449
710.86
672.354
877.087
410.306
4.19151
5.91244
250.572
411.754
279.294
557.684
357.295
909.899
917.188
708.066
925.029
888.475
----------------
insert (avg): 461.494
----------------
----- init -----
9.83758
6.52421
7.75238
8.86275
8.83116
9.19981
9.63456
9.8156
12.9601
11.9993
11.3575
11.2422
13.6386
18.7079
13.8829
14.4577
15.4047
14.7576
18.5786
16.6404
18.5046
16.5164
17.7533
20.5746
18.512
19.078
27.5633
20.8203
24.1537
23.037
20.8956
22.0809
23.1114
22.8557
23.4487
24.0098
29.1804
23.9926
27.241
25.5276
26.9116
31.2557
26.6094
28.7085
28.1669
30.0773
38.7702
30.3657
36.6066
32.6734
38.2451
33.4298
41.5569
37.1695
32.0996
39.5645
34.8885
34.73
54.6088
38.2723
39.3997
41.0197
43.0867
50.0047
36.3769
35.8963
37.5802
39.1839
37.2371
38.1264
41.9439
39.7825
39.5325
40.3585
39.4202
49.6142
51.031
43.777
54.9055
45.8555
50.5522
50.3133
47.7354
48.8407
47.7113
49.4696
51.8223
58.4981
46.1991
53.4058
51.5547
50.223
51.2236
59.9578
49.0115
55.9217
56.2576
50.7207
49.8738
50.4096
----------------
init (avg): 32.6149
----------------
----- commit -----
121.101
617.261
116.525
350.076
796.344
619.145
752.345
539.676
780.259
221.705
688.735
326.579
406.557
876.734
616.981
237.401
470.543
56.3193
247.6
588.326
211.586
112.118
593.92
444.293
384.066
237.7
554.729
453.598
181.252
507.585
824.82
665.888
44.22
34076.1
534.674
472.524
778.29
631.438
909.979
644.402
634.474
604.316
507.676
324.796
396.703
277.673
212.141
19.6238
441.805
511.295
325.429
118.782
30.6628
486.303
753.804
124.669
645.487
388.197
129.833
1006.79
815.495
543.288
625.01
34523.7
919.733
1556.57
588.574
3830.81
2015.83
2070.66
2089.42
286.992
13.6702
1910.04
515.201
357.319
385.956
727.017
209.575
408.947
490.422
94.4164
123.319
238.559
282.743
68.6779
530.192
29183.9
2820.18
583.486
535.168
670.659
380.605
603.371
25.159
25.8574
240.255
24.3096
61.5193
35.5241
----------------
commit (avg): 1520.46
----------------
# Loading records:	100
skipping run
