parsing config file ./lvconfig7.conf
parsing done
<<<<< redos: 0 >>>>>
----- insert -----
4.08029
450.226
911.138
791.285
193.653
745.412
745.459
468.649
626.601
725.436
641.648
554.527
636.061
918.655
417.366
559.761
247.401
890.587
677.362
648.263
641.04
402.501
824.535
485.469
318.492
554.055
172.522
442.17
477.149
707.705
757.733
423.989
267.784
170.609
389.159
638.655
822.389
3.92643
393.922
882.308
536.527
533.599
425.209
262.841
704.814
220.927
453.795
105.61
508.635
870.343
792.679
860.409
670.631
348.242
343.556
874.98
351.941
828.819
706.877
530.041
353.424
511.97
740.959
739.158
242.624
147.763
366.152
3.61417
4.31286
752.814
3.79742
4.21209
3.56433
7.23525
46.8157
3.96582
3.93366
132.47
4.22398
575.651
475.111
173.456
233.346
345.617
450.179
881.704
269.63
877.743
588.383
257.725
3.80175
3.63182
348.662
185.056
928.661
823.255
704.104
870.013
667.705
717.778
----------------
insert (avg): 470.144
----------------
----- init -----
8.58349
6.47186
7.18342
7.46005
8.75738
9.12154
10.3166
10.2686
12.1305
12.2297
11.8119
11.8815
18.9956
13.517
18.9916
15.1626
15.9789
24.2629
15.4263
17.6932
15.7123
16.7409
20.8338
20.0624
20.9573
25.1278
31.2583
20.3935
20.2095
22.1242
27.0297
22.2818
22.9329
24.2321
29.8454
27.4617
29.0358
23.7371
29.5833
27.1023
27.8801
26.5875
30.2037
27.0242
29.8265
36.0877
33.9571
31.7608
29.5502
40.7849
31.7708
35.9404
42.4807
36.0129
44.0662
35.9944
44.1139
34.2035
34.4073
34.3003
49.9907
41.6785
39.45
37.79
38.2077
47.8689
42.9047
35.9164
37.4168
39.3655
44.5213
42.0428
39.8619
48.8662
46.34
43.183
40.6424
45.1161
42.6524
42.6893
44.6247
58.0199
55.6746
51.4113
47.8889
49.8064
51.3365
59.0283
57.1983
56.4266
48.1217
46.754
48.5381
60.0752
55.0119
109.656
50.9032
56.0047
57.7695
54.5968
----------------
init (avg): 33.8521
----------------
----- commit -----
65.2388
81.9854
204.968
796.216
245.925
243.691
523.351
357.88
266.854
351.191
425.352
345.814
71.659
562.061
424.139
735.595
86.2674
306.544
338.666
337.277
584.409
150.983
495.763
660.343
418.601
798.057
537.172
520.232
253.306
214.308
553.509
711.305
802.655
582.654
332.92
154.788
32395.3
144.452
90.7649
439.16
436.847
544.886
710.363
266.046
748.456
506.724
863.869
461.271
87.1031
183.641
98.6665
303.877
596.378
619.476
81.9402
603.842
136.984
259.752
442.156
588.66
447.326
218.537
223.648
723.458
798.442
591.843
27901.7
12.5087
207.435
7387.19
5837.46
2361.35
1817.44
314.921
1917.95
1471.91
337.851
2286.26
63.6087
467.984
769.889
710.046
602.324
501.191
69.2401
678.524
62.2392
360.05
681.172
29937.9
134.701
423.407
753.502
55.7939
31.9561
245.092
71.479
274.017
237.281
393.167
----------------
commit (avg): 1485.34
----------------
# Loading records:	100
skipping run
