parsing config file ./lvconfig18.conf
parsing done
<<<<< redos: 0 >>>>>
----- insert -----
5.48684
303.677
553.438
392.395
583.195
136.214
643.032
299.584
530.165
500.743
548.247
421.745
769.856
319.889
75.6696
472.69
434.244
248.854
801.995
693.224
559.522
494.263
880.589
743.102
633.72
584.681
857.21
763.247
308.208
830.678
209.605
563.338
469.685
880.641
518.79
3.58251
74.3404
597.533
4.49279
4.40341
5.19611
284.956
425.34
411.255
790.938
860.651
956.127
827.247
516.635
704.409
681.905
88.9839
439.501
623.795
690.836
787.65
169.244
553.297
344.06
587.709
236.559
641.365
580.695
372.064
790.235
805.471
893.468
3.69042
3.97524
4.59171
218.129
3.97421
229.445
4.70751
4.58247
807.536
627.711
3.82826
4.31821
3.97289
4.47432
87.7059
567.582
739.726
813.755
739.715
380.314
758.366
371.395
815.863
533.894
368.33
715.535
4.09307
4.08401
4.20429
4.2111
282.407
664.265
882.103
----------------
insert (avg): 444.481
----------------
----- init -----
11.1254
6.62444
7.64558
17.1394
8.88277
9.47095
9.99002
9.79423
11.2894
11.3575
11.7392
12.2834
13.1826
13.7678
16.9287
16.1283
15.7401
18.7367
16.2655
15.2086
17.2667
27.047
20.835
17.742
20.0938
18.5406
21.536
19.6622
23.3555
24.7974
23.9185
22.4058
23.4835
23.2943
24.514
22.3859
24.2066
23.2869
25.5344
27.8901
27.2268
28.2577
29.0013
28.2908
28.219
33.6624
30.5649
31.5158
32.0268
29.3171
37.9718
38.2045
31.9064
33.336
32.4845
39.6916
36.4174
34.3676
47.964
36.1446
39.3385
43.6113
37.0233
38.622
43.427
41.769
42.3907
37.1867
39.0436
38.9993
37.7113
41.163
40.7645
40.9446
39.9689
40.1027
43.4391
42.6864
46.2928
41.0506
50.2764
57.0711
46.6188
49.2467
48.9572
45.8277
56.8444
49.1104
51.8
52.1426
53.1938
54.1035
52.7951
47.6996
51.1552
54.1358
60.2857
63.3787
57.8823
57.3803
----------------
init (avg): 32.4711
----------------
----- commit -----
131.144
437.723
589.598
409.082
855.625
347.121
689.518
466.882
478.236
438.599
570.98
213.845
668.386
906.974
511.224
548.251
738.732
174.082
297.216
420.163
476.505
99.7077
238.009
348.5
395.733
142.183
197.9
669.126
143.718
765.136
414.453
505.169
96.5329
464.104
31649.2
214.562
380.869
1524.78
2088.56
940.324
40.1752
547.274
565.881
175.673
103.323
15.4745
140.089
458.99
259.775
293.119
859.283
533.587
339.257
274.762
172.783
796.502
417.411
599.88
377.83
721.088
317.304
386.609
582.937
167.192
152.397
61.1595
25814.5
7883.17
279.943
640.799
997.614
687.744
3306.94
2737.89
14.9932
334.802
2029.57
1778.12
2040.6
789.722
24.0559
380.233
211.332
136.549
213.461
562.923
192.12
579.337
129.243
416.987
573.768
232.251
29174.5
1668.22
91.0516
1197.14
289.929
280.997
59.3007
420.294
----------------
commit (avg): 1471.78
----------------
# Loading records:	100
skipping run
