parsing config file ./lvconfig21.conf
parsing done
<<<<< redos: 0 >>>>>
----- insert -----
3.82127
29.217
953.18
251.09
356.954
85.4266
264.203
899.971
759.923
514.855
627.785
374.496
325.688
649.617
437.181
560.647
444.815
302.724
923.87
765.389
357.493
667.64
853.747
334.193
663.413
806.849
940.62
387.468
913.193
419.592
785.062
779.616
190.061
595.091
377.878
3.69008
202.715
4.24225
301.298
441.374
342.236
243.714
208.64
309.564
782.777
656.701
840.175
595.74
705.713
120.16
293.901
905.172
340.554
438.037
893.413
225.571
459.583
863.609
570.344
460.781
478.69
425.352
401.796
505.571
844.632
3.77706
199.766
764.035
3.6477
4.02436
81.2735
5.07943
272.867
4.67781
4.55986
4.18763
695.663
501.486
881.46
3.91398
70.2936
4.37661
348.575
831.947
840.871
260.366
398.429
719.523
414.841
895.233
549.169
615.443
824.084
335.684
3.89746
186.104
601.835
921.475
368.686
564.807
----------------
insert (avg): 456.546
----------------
----- init -----
8.85852
6.40682
7.43409
8.40398
9.01289
9.00615
14.8197
11.0868
11.5552
11.8122
11.8656
15.9245
16.2946
13.1207
13.6372
14.913
22.1792
15.4465
21.579
17.4759
23.23
15.9113
24.5796
18.4504
19.4295
19.7993
19.6362
23.1052
20.3184
23.7165
21.534
21.8014
30.6628
22.2485
32.7321
23.4415
23.5938
30.9752
24.7476
25.3454
27.7282
32.3093
34.0825
27.036
28.3786
33.7121
29.4691
30.6948
31.0879
33.4008
33.5065
32.7042
42.9566
31.6223
37.0295
38.6898
34.4373
35.2251
52.344
35.9888
38.8347
40.7951
41.9482
40.4069
39.2842
35.9279
36.3393
38.3051
35.8475
37.635
40.3115
39.8154
40.1506
39.3717
39.8197
41.5676
102.019
44.701
44.8589
44.3207
46.636
43.5741
124.763
45.595
54.0627
51.4469
56.6569
48.5375
57.1603
56.813
51.687
52.0147
54.2023
54.8326
48.3462
56.0257
55.1568
63.9731
55.5596
64.2625
----------------
init (avg): 34.1206
----------------
----- commit -----
12.8238
43.3417
740.07
632.316
906.494
723.736
88.7591
226.812
480.54
350.689
609.518
661.361
337.784
548.599
423.222
534.738
677.701
61.5624
211.635
622.295
312.694
122.819
648.155
316.927
171.061
41.5115
608.664
47.2814
558.608
192.411
198.978
773.535
386.51
589.027
34488
257.023
2568.12
71.6517
535.345
629.696
727.878
754.234
662.452
188.409
309.064
132.438
372.334
281.361
827.357
677.01
58.8031
614.776
529.789
66.7873
746.351
499.948
100.216
376.658
503.719
486.809
527.928
556.569
453.878
113.078
25666.9
56.2472
197.514
6538.24
885.726
373.492
1411.5
233.939
3192.71
2688.12
20.92
216.317
407.37
69.1446
2653.1
182.664
2325.41
156.709
120.076
107.915
685.375
543.096
232.2
529.348
47.6475
398.439
336.802
119.505
608.528
31204.3
498.156
342.237
17.6912
574.116
369.102
361.232
----------------
commit (avg): 1473.52
----------------
# Loading records:	100
skipping run
