parsing config file ./lvconfig13.conf
parsing done
<<<<< redos: 0 >>>>>
----- insert -----
4.45047
171.087
69.5314
942.438
533.157
333.632
840.064
535.715
576.07
147.423
724.756
289.05
492.271
640.341
385.43
655.124
596.539
589.104
473.291
878.035
329.918
682.27
839.158
493.372
138.539
870.997
497.401
641.814
241.431
590.155
740.391
610.073
371.674
529.831
580.118
3.45821
4.42888
639.008
778.978
69.9289
952.183
918.979
729.176
323.203
938.007
759.526
519.714
581.323
434.369
524.702
704.97
588.115
380.298
374.193
427.538
815.852
344.254
618.774
322.891
703.73
543.024
533.496
225.21
124.282
879.057
3.55716
5.20372
3.60254
173.483
4.95385
4.56391
4.34489
77.5978
3.97706
4.61931
4.02024
6.16659
394.12
622.192
936.013
515.386
526.722
585.027
625.795
789.243
827.704
791.655
359.736
586.353
3.69571
558.639
3.7406
220.443
658.583
521.686
682.687
635.531
332.091
572.791
716.934
----------------
insert (avg): 465.602
----------------
----- init -----
9.307
6.93151
8.73716
8.85593
9.04999
9.28861
11.0758
9.58244
10.8401
11.7664
11.8077
13.8806
13.3441
12.9561
21.3689
15.1476
14.4762
15.3728
15.5991
20.2041
19.7122
16.6628
20.2851
17.9773
18.2514
21.1653
20.5544
23.1164
19.6965
21.842
23.5023
22.3215
29.934
24.2884
25.3635
22.736
23.5592
25.3243
24.4953
32.618
26.0877
39.3935
26.9311
28.6993
40.4776
28.8752
29.043
31.7157
38.8473
42.9902
33.6158
31.9583
35.1309
34.1323
34.4278
33.493
38.7975
35.095
38.9189
42.0095
42.0181
39.7268
42.6542
40.3199
39.7535
38.2353
45.6615
36.7594
44.6322
38.4286
37.4193
42.6041
46.8448
39.6025
39.8836
41.6441
44.9827
42.5065
43.8978
50.2763
47.371
51.1297
47.8442
46.0495
50.0938
58.3208
49.8547
50.4262
56.1154
51.6003
99.0958
48.9087
49.3073
55.1286
51.0755
70.8414
52.1764
55.8965
51.8109
58.0179
----------------
init (avg): 33.3255
----------------
----- commit -----
159.987
921.518
45.9707
460.112
659.407
148.777
449.831
423.498
831.862
263.931
699.909
494.256
345.839
590.943
331.913
390.205
398.08
505.857
104.697
647.939
300.903
142.512
485.941
843.322
108.117
495.292
323.371
737.511
389.302
236.447
365.226
595.654
449.361
400.267
32478.8
684.743
109.48
199.35
895.361
22.4891
43.5335
242.851
649.174
23.1164
208.63
451.811
385.632
530.176
431.181
265.727
373.259
591.864
584.325
534.576
152.588
616.067
355.979
628.955
256.614
414.65
426.213
737.47
829.141
82.3812
36068.5
892.479
1328.95
357.521
1690.34
1976.3
3843.17
236.101
1719.87
383.664
3537.13
647.788
90.9819
329.053
17.4452
435.351
423.062
365.694
327.585
163.374
111.505
164.54
585.482
356.841
29013.1
626.393
954.894
367.252
287.369
429.485
243.677
310.025
621.384
367.351
227.29
225.074
----------------
commit (avg): 1486.8
----------------
# Loading records:	100
skipping run
