parsing config file ./lvconfig39.conf
parsing done
<<<<< redos: 0 >>>>>
----- insert -----
4.59574
564.783
980.62
981.306
977.204
977.841
976.321
978.638
974.058
977.96
972.384
974.099
974.301
974.104
972.433
973.253
972.301
969.893
970.785
970.516
965.943
966.449
968.646
968.547
965.644
967.609
965.419
963.013
963.785
964.95
967.25
960.776
962.549
963.729
959.627
962.202
961.89
962.037
961.243
956.291
961.327
955.325
959.668
960.015
958.931
957.433
957.422
956.494
955.134
954.903
952.986
957.835
954.672
954.788
952.055
953.218
950.535
955.323
952.747
950.659
951.49
950.398
949.272
949.802
952.117
950.385
949.772
945.641
938.365
943.607
936.05
942.423
947.031
946.654
946.773
934.459
940.584
943.168
939.167
938.321
934.911
942.516
942.246
940.222
935.218
933.428
939.508
940.649
928.022
938.056
936.13
935.427
935.021
935.317
931.416
938.876
932.241
934.262
937.254
924.382
----------------
insert (avg): 941.17
----------------
----- init -----
11.067
6.98149
7.15882
6.98308
8.66124
8.33317
9.74573
9.30052
11.6493
9.93708
12.2521
11.7032
12.0601
12.9245
13.0619
13.4938
13.9977
14.8217
15.7016
16.0378
19.1536
17.2698
17.4076
18.1199
19.684
18.4956
21.6896
21.2979
20.3327
19.8138
20.8576
22.8646
23.223
21.8724
24.9626
23.7501
24.8619
23.8929
25.0907
26.7613
25.9913
26.5414
26.8081
26.6985
26.5448
28.9746
30.152
27.5211
30.5004
30.297
31.3037
29.687
31.1554
31.8046
32.3612
31.9317
33.5333
31.5662
34.2825
34.2581
35.2447
35.615
36.4759
35.7786
35.8519
35.9445
36.5311
39.0383
47.2786
42.9363
45.4604
40.2404
39.1655
39.7799
39.6422
52.7817
43.5975
40.968
45.4281
46.3634
48.1608
42.849
43.8381
44.9047
48.9442
49.2428
48.2713
49.8517
50.8945
47.5642
48.4133
49.5906
50.6585
51.1615
53.3551
48.6501
53.6461
52.5829
50.4508
58.1643
----------------
init (avg): 30.645
----------------
----- commit -----
13.0859
12.4749
12.3311
13.4734
13.3158
14.0423
12.565
13.6152
13.1128
14.0168
14.239
13.9739
13.3393
14.1976
13.3549
14.2127
14.6486
13.5816
13.4749
15.4545
15.4398
13.8022
13.2945
14.4516
13.4928
14.1506
14.6981
16.2023
14.5083
13.2768
15.6462
14.2717
14.3595
15.3306
13.8745
13.7218
13.6401
13.7313
16.3307
14.0804
17.0727
12.8785
13.744
14.0658
13.8784
13.401
15.224
14.3461
14.7332
15.0525
13.0801
13.604
14.2384
15.0951
15.3052
14.8768
13.2659
13.6622
14.3011
13.5131
13.777
13.8168
14.1267
12.5541
13.3811
14.0822
15.4149
14.0068
14.9206
16.9989
17.567
13.2806
13.4623
13.3812
13.142
17.6144
14.2686
15.499
14.8771
16.3303
15.3634
13.801
15.5516
15.6651
16.3063
14.5298
14.7215
14.4738
13.9733
15.4629
14.9059
14.0986
13.0288
14.9852
13.1524
13.2909
12.9967
13.3471
17.4688
12.8756
----------------
commit (avg): 14.2865
----------------
# Loading records:	100
skipping run
