parsing config file ./lvconfig29.conf
parsing done
<<<<< redos: 0 >>>>>
----- insert -----
4.46335
226.04
166.237
952.958
31.7796
236.161
911.794
274.647
695.773
575.371
853.839
575.026
264.592
963.478
8.0609
633.034
778.821
190.802
311.299
775.332
705.266
460.133
283.651
518.667
646.11
703.275
868.73
547.884
435.253
759.24
868.263
752.971
861.894
584.708
4.1764
3.86517
732.748
789.661
587.732
684.158
428.473
492.229
513.092
575.583
568.478
366.013
429.673
871.751
806.096
530.934
465.514
839.439
598.9
736.48
946.84
584.679
888.012
308.818
906.17
528.327
428.109
22.7303
921.379
562.331
3.76531
4.08855
4.21495
4.10148
771.025
4.38133
185.764
6.64635
4.31291
839.873
887.311
4.54421
4.39917
3.76212
4.54653
4.27941
285.595
914.248
318.59
580.745
553.978
804.565
888.788
391.021
536.071
461.1
427.712
611.489
4.12378
4.59096
86.1399
848.766
357.45
815.331
364.542
556.882
----------------
insert (avg): 480.967
----------------
----- init -----
9.57841
7.84848
8.46632
10.9195
9.17581
8.57061
11.4598
15.7048
12.4459
10.8229
17.2831
11.7436
13.9998
19.4494
13.917
13.5112
16.3024
15.8188
16.116
15.7395
20.0092
18.1686
20.0799
19.5829
18.807
19.2231
24.4618
20.3198
20.3012
20.5842
27.5058
21.4805
23.0046
23.2585
21.5078
23.9735
33.3439
24.2079
24.5438
24.1232
26.6955
27.0878
33.3607
26.9802
32.3026
29.0361
33.7348
29.6805
31.5846
32.9827
39.7116
31.2679
33.7333
39.0014
37.6412
34.4185
40.0119
36.862
36.6462
35.7885
39.5412
38.0065
36.4734
36.9276
37.1163
37.904
35.8598
45.175
41.3132
39.2328
46.6632
41.4404
41.1612
46.2217
38.2207
52.9399
57.3651
42.2049
44.8435
49.9087
48.436
48.462
56.3354
48.2353
46.2051
50.0745
56.9553
57.9336
52.9322
60.9857
52.6685
53.8046
48.4805
60.6878
59.3532
55.075
53.9497
52.5111
52.5667
51.7377
----------------
init (avg): 32.918
----------------
----- commit -----
208.362
824.425
36.9858
958.198
756.087
80.0019
708.177
297.08
404.806
129.855
415.553
717.782
19.788
976.287
355.946
202.435
799.232
664.291
214.973
272.137
520.978
696.79
461.797
333.851
278.149
118.165
421.638
544.427
217.22
106.403
224.916
116.227
391.751
33305.8
853.058
17.1594
190.454
385.269
293.16
545.554
479.158
459.207
392.027
400.966
602.963
537.402
102.091
159.231
455.983
473.977
134.519
361.48
221.108
18.5534
382.347
78.3367
647.607
57.8799
431.43
534.438
942.144
39.3095
401.54
27915.8
29.3803
6774.27
1108.54
185.532
980.945
743.524
3081.22
922.825
22.4832
66.3491
1862
63.9048
3232.17
2478.27
354.601
422.094
24.9884
628.694
367.972
397.734
144.56
54.7909
551.751
409.414
484.642
515.631
333.815
29421.5
3272.38
40.5975
94.6175
589.772
131.021
591.223
382.368
134.357
----------------
commit (avg): 1461.95
----------------
# Loading records:	100
skipping run
