parsing config file ./lvconfig24.conf
parsing done
<<<<< redos: 0 >>>>>
----- insert -----
4.68986
375.63
137.736
603.918
650.666
804.924
925.545
657.772
629.614
523.206
459.811
850.105
896.202
628.137
90.8871
431.855
367.585
304.108
419.747
426.482
366.03
881.812
419.225
420.246
515.497
375.619
835.901
951.219
130.814
728.578
696.84
848.725
257.529
596.225
480.155
4.04817
4.59013
4.50465
505.399
139.535
716.828
252.003
637.218
796.556
772.845
432.474
336.231
681.731
559.94
867.123
580.564
776.215
471.667
301.76
261.202
926.543
586.462
608.763
718.872
442.95
946.459
520.798
6371.27
4.39351
3.91514
5.38911
4.69681
4.71393
176.67
3.39149
4.4012
4.05588
4.29993
3.86014
4.35302
4.38397
4.32815
510.281
268.774
501.223
788.657
813.632
665.13
372.971
912.23
331.108
606.803
887.131
385.971
4.07334
4.03702
83.7659
790.118
901.121
184.818
724.789
848.394
812.516
694.674
854.08
----------------
insert (avg): 520.967
----------------
----- init -----
10.8403
6.96656
11.3317
7.38517
10.8504
9.6208
10.9993
10.0491
11.8266
10.497
12.1867
14.7574
12.3536
14.4917
20.2883
15.4959
14.2476
15.9683
16.0351
15.4592
17.6326
18.6696
18.1876
25.6664
18.3002
24.6417
20.4204
23.347
21.7919
21.5425
23.0445
25.1683
31.1382
24.133
26.1181
25.8441
24.5921
24.7302
26.0869
29.8479
29.2848
33.3539
27.4802
26.5394
29.6352
29.8414
46.0715
29.4128
30.3917
34.4437
32.1817
40.4446
31.9081
48.869
47.0208
39.8733
47.1425
34.6358
39.3395
34.663
39.8756
36.9665
95.3167
35.2193
42.0097
39.0471
36.9338
39.2481
36.467
38.4425
40.7245
43.034
40.4573
37.5901
42.4361
41.1009
46.2183
48.3515
51.4304
46.305
45.841
46.9598
49.3168
48.6514
55.5339
61.1565
50.5245
53.3277
59.632
47.4881
807.326
49.0854
49.4316
55.4917
56.0774
52.9568
53.4567
52.4125
56.6999
53.6603
----------------
init (avg): 41.1729
----------------
----- commit -----
59.8554
849.522
390.165
334.614
188.684
68.8228
327.278
363.595
460.021
526.559
139.746
89.0962
358.724
887.916
554.178
617.801
682.33
559.203
561.864
613.746
99.2616
564.272
550.517
467.263
601.041
152.374
17.5109
845.782
250.842
280.653
126.196
710.86
376.94
500.407
32076.1
1979
4236.01
82.8628
836.455
248.914
716.203
334.008
176.834
204.108
533.387
618.561
282.218
419.009
93.4544
385.406
183.216
497.04
656.03
685.398
32.8017
366.07
356.49
242.787
518.624
17.3881
440.777
27307.2
1010.2
536.361
2398.81
1613.83
1990.47
248.729
1622.23
1961.59
342.133
1700.35
412.099
1445.79
2146.22
225.495
223.888
678.696
455.455
163.965
135.443
286.619
577.509
32.9853
608.542
346.872
54.6753
554.365
28927.9
701.497
369.498
162.381
45.6952
758.167
221.929
97.5344
142.968
240.419
91.3903
209.402
----------------
commit (avg): 1424.46
----------------
# Loading records:	100
skipping run
