parsing config file ./lvconfig23.conf
parsing done
<<<<< redos: 0 >>>>>
----- insert -----
3.93889
300.002
826.18
239.74
551.977
503.948
246.67
487.048
821.57
206.333
250.227
680.006
699.013
512.142
394.515
879.12
668.543
328.442
610.594
340.275
506.806
850.481
474.037
308.546
342.648
706.988
560.477
600.77
631.876
166.979
462.045
858.505
723.169
607.831
773.698
470.266
3.92659
3.93705
440.902
530.841
4.2468
516.116
902.617
629.926
442.881
142.109
355.857
701.695
706.751
593.444
819.135
655.141
242.454
307.895
799.756
386.983
657.278
399.441
236.302
553.918
218.839
259.595
578.54
37.7192
318.44
647.983
925.014
3.68149
4.18454
4.53463
3.86768
4.52159
4.3521
665.404
5.48085
4.11153
3.92193
3.87389
3.93925
649.933
847.12
859.278
907.653
576.706
827.819
718.336
348.77
651.972
802.704
850.951
556.006
4.33347
5.47504
651.442
584.701
906.064
205.692
868.807
615.817
803.915
----------------
insert (avg): 465.705
----------------
----- init -----
9.09513
6.17781
7.41188
8.72286
10.0752
8.88165
10.6349
10.3235
11.4984
12.0755
12.2099
11.4361
18.3688
13.338
15.5202
15.7267
14.7093
20.0528
17.544
16.48
16.4707
19.3851
20.1917
19.2578
18.13
18.7491
20.7405
21.8781
20.4714
22.279
21.295
23.471
25.855
23.6943
24.3266
25.1554
23.5925
23.4706
23.7292
24.6728
30.1851
25.2646
34.833
26.1822
29.3404
30.643
30.916
28.7528
28.9778
32.2894
33.4245
40.6106
33.1862
37.5336
34.3458
33.8674
33.5467
44.1177
37.1155
38.9866
38.1909
41.3357
38.1441
39.6913
40.4543
37.067
43.0135
44.8805
44.1525
48.279
39.4935
44.9015
39.0245
40.3656
45.0702
52.8875
42.0202
42.7314
90.0261
43.8435
43.6845
52.5778
55.754
46.3727
52.4853
52.6208
50.5639
52.8903
51.0029
52.2776
57.588
47.5731
53.3206
48.747
50.4117
52.0811
67.7341
59.2452
62.7718
56.1559
----------------
init (avg): 33.1265
----------------
----- commit -----
12.5228
167.845
753.448
436.671
489.04
744.043
501.883
165.82
788.78
728.279
307.915
284.274
473.673
592.927
104.158
317.806
650.636
376.427
637.486
479.95
128.595
505.256
672.131
637.763
275.443
417.889
395.053
330.233
810.732
516.714
117.94
249.456
371.487
200.574
510.913
31878.8
91.7238
499.047
447.739
2236.27
188.62
62.2352
344.545
532.141
822.509
614.948
266.259
263.792
380.177
146.553
313.135
712.502
661.219
158.318
579.988
309.289
555.853
730.92
401.938
744.405
695.048
386.559
924.084
638.481
314.943
31.9407
34652
1105.92
1900
1870.12
312.453
1086.54
81.1217
3206.65
692.447
2015.89
1116.52
2722.08
262.847
105.413
93.6235
32.3498
375.011
120.271
228.552
602.575
292.536
152.689
91.8714
385.414
28972.9
2006.63
207.657
365.797
42.705
724.831
71.8176
322.035
139.305
368.349
----------------
commit (avg): 1488.15
----------------
# Loading records:	100
skipping run
