parsing config file ./lvconfig5.conf
parsing done
<<<<< redos: 0 >>>>>
----- insert -----
4.06952
94.189
302.038
414.061
391.508
660.886
397.282
225.233
553.851
182.659
358.17
235.389
803.506
382.451
295.694
748.382
294.525
472.666
956.915
967.019
895.438
718.695
661.195
803.317
436.4
644.52
974.946
938.106
179.854
635.429
684.592
474.329
351.294
916.873
3.83669
4.07479
3.93232
153.182
758.908
441.281
4.84981
318.317
596.2
660.498
312.636
397.648
347.806
906.669
894.055
731.277
940.121
233.102
406.481
848.393
855.27
897.662
513.233
256.026
888.17
497.259
828.193
763.517
254.012
248.23
634.985
586.96
4.12734
288.549
696.233
4.32449
17.3523
4.09873
3.72773
782.869
666.574
3.92046
4.43843
4.44235
365.885
384.244
883.747
751.385
373.234
510.819
536.058
842.315
564.124
909.767
525.831
3.61593
5.06581
742.569
695.027
663.837
805.076
396.269
615.614
525.705
763.23
912.45
----------------
insert (avg): 494.988
----------------
----- init -----
53.1237
6.47081
10.1016
8.0109
9.09844
10.3773
13.5469
10.336
10.9739
19.0535
13.1286
11.3056
12.4107
13.7382
14.2055
16.5957
15.8114
15.1318
16.6879
19.7611
18.8974
16.1645
18.7421
17.3956
25.3777
18.4357
25.5773
21.6223
21.6319
22.2701
23.7049
30.296
24.4359
25.4757
27.82
23.732
183.458
27.3214
23.8734
25.2251
28.1272
27.3337
27.7117
84.6331
34.8186
36.6609
33.2177
35.9846
32.7912
30.6631
32.4054
31.5295
31.9539
34.3275
39.5986
34.682
33.7977
33.2996
36.2768
44.8453
36.8059
35.6644
38.9956
42.5196
37.2748
41.1377
35.2155
44.9667
38.546
38.392
37.9812
39.0422
40.1172
40.1128
43.8867
45.6475
44.6542
51.1175
53.1677
52.061
51.5327
46.9636
53.5132
56.9595
56.1331
49.2713
50.188
60.295
50.4554
47.3794
55.0444
54.7438
48.9483
67.0785
51.1668
50.7527
62.9389
49.8355
53.8161
50.4482
----------------
init (avg): 35.5075
----------------
----- commit -----
276.85
685.296
579.104
600.008
331.333
589.285
762.617
442.912
788.574
629.768
756.051
180.88
605.624
689.581
235.449
690.339
513.296
20.3907
19.3874
83.3084
263.812
322.763
177.675
536.876
334.874
22.0003
22.0089
797.045
343.769
292.258
492.857
624.234
57.5554
32576.6
1165.1
409.963
420.206
218.894
531.242
1416.44
207.022
378.035
253.812
653.016
565.067
615.164
60.1685
74.7486
237.8
30.9702
730.937
566.029
108.648
107.978
67.6452
454.18
716.81
67.4851
458.483
133.314
201.505
709.586
708.144
327.55
370.621
34608.5
15.4449
267.305
5510.34
394.21
1711.26
220.95
152.768
294.181
3578.28
464.976
2073.26
319.255
554.675
66.8188
199.957
571.104
432.393
407.525
109.234
384.509
34.6065
421.168
29883.3
3191.35
14.9577
256.09
267.898
142.359
553.44
321.473
426.772
181.98
33.0546
13.8001
----------------
commit (avg): 1473.9
----------------
# Loading records:	100
skipping run
