parsing config file ./lvconfig37.conf
parsing done
<<<<< redos: 0 >>>>>
----- insert -----
5.33238
420.633
970.129
977.115
975.482
976.641
975.97
974.452
975.309
977.174
976.233
973.206
972.586
970.863
974.639
972.246
972.897
969.912
968.807
969.974
970.77
969.233
967.86
964.226
965.014
968.082
966.935
966.628
965.188
967.699
964.728
966.886
961.734
964.153
956.578
961.247
961.534
962.485
960.63
961.726
959.523
958.604
959.342
745.253
956.709
958.765
955.969
955.824
956.877
956.975
955.432
958.523
957.893
956.534
956.281
955.543
952.196
954.635
952.89
954.108
1063.81
846.489
944.869
950.161
950.089
946.306
949.386
950.195
946.183
948.131
944.966
944.345
942.82
944.055
949.256
946.342
945.179
946.327
944.866
942.579
943.638
943.551
942.018
943.963
937.752
937.691
936.13
939.434
936.45
936.343
932.228
938.14
936.067
935.037
940.062
935.163
936.085
934.554
931.682
930.738
----------------
insert (avg): 938.539
----------------
----- init -----
10.5974
7.3881
11.8827
8.39868
9.29089
8.91072
9.82823
11.0358
10.4238
10.5288
11.5982
12.7081
12.7386
12.6927
13.6787
13.3711
14.7095
15.4824
15.9399
15.7764
16.3686
17.1752
17.996
17.3052
19.576
18.1538
18.9359
19.1992
20.0347
20.3162
21.6183
20.8309
23.0478
24.1851
23.2372
24.4856
23.7467
23.5695
24.5462
25.7402
25.6063
26.1368
27.1768
236.52
28.0543
28.037
28.6021
28.8264
30.0091
28.919
30.3298
28.5214
29.5007
30.8892
31.9274
30.6529
32.1856
33.4134
33.2438
33.4728
32.9239
32.2347
38.0549
35.1571
36.5173
36.9786
37.6285
36.5405
40.362
38.8617
41.0533
41.4235
41.5706
40.8792
38.2124
40.3426
42.0098
40.592
42.4075
43.9146
42.4795
43.4854
43.5983
43.5796
48.6726
47.6111
49.9818
46.112
49.1215
50.5798
52.6456
47.9262
49.3617
50.3457
48.3594
51.2917
49.7285
51.9037
54.455
54.6286
----------------
init (avg): 32.1261
----------------
----- commit -----
12.0462
17.6511
14.4955
14.4224
15.2335
13.7469
14.5548
13.7289
12.5041
12.7465
13.9036
14.6645
15.3945
13.3852
12.9513
12.6522
14.1206
15.5843
13.6264
13.2256
13.9216
14.4073
14.423
15.0385
13.5495
13.9974
14.2283
14.3497
12.8036
13.5674
12.7041
15.5232
16.867
13.8153
14.0067
14.8435
14.163
13.8828
13.1623
14.7407
15.2616
14.2038
17.0496
15.7712
13.3518
14.4087
15.6782
13.2348
14.1047
13.552
13.389
12.5617
12.5924
12.6168
13.1979
14.8191
12.7432
13.1668
12.3496
12.8723
12.7164
15.9809
14.8826
14.2554
15.4272
13.1829
13.6861
13.1444
13.2392
13.8347
14.1736
15.0695
14.6209
12.6023
12.7193
12.9155
13.139
12.9367
13.4914
13.8892
13.3155
13.6574
12.6733
13.919
14.3329
14.0675
13.6225
14.564
13.651
15.5936
13.645
14.1258
13.9332
12.3069
13.3379
14.0008
13.7098
14.1142
14.1747
13.289
----------------
commit (avg): 13.935
----------------
# Loading records:	100
skipping run
