parsing config file ./lvconfig32.conf
parsing done
<<<<< redos: 0 >>>>>
----- insert -----
3.55922
97.4745
937.708
934.49
929.334
914.753
931.08
920.996
917.73
951.363
943.59
917.217
967.894
968.864
959.404
930.247
962.752
968.584
969.261
911.064
899.331
943.157
916.346
906.384
926.266
879.826
891.912
854.613
875.435
965.608
873.82
890.574
879.666
965.35
918.48
951.525
927.986
931.031
952.822
927.084
943.223
881.984
924.349
903.18
960.932
953.048
895.969
958.336
886.654
810.381
886.377
931.365
919.759
955.381
957.489
886.903
953.727
909.688
923.201
928.49
888.405
951.146
945.247
903.726
850.896
923.877
909.115
923.815
941.953
884.049
894.671
836.953
899.324
925.76
948.092
928.792
890.652
910.075
893.898
912.391
874.239
910.504
940.921
945.614
863.423
910.359
922.149
899.334
941.655
940.47
874.087
938.716
898.176
913.082
938.169
896.467
907.36
804.191
872.001
931.553
----------------
insert (avg): 899.703
----------------
----- init -----
8.46485
6.04547
7.18378
7.36916
7.81015
7.99094
9.13533
9.61779
9.55963
12.1559
10.9887
11.2091
12.8308
12.4585
13.3303
14.0842
13.9233
16.0173
16.6728
16.079
15.5065
17.3993
20.2551
16.0303
16.7985
17.3175
18.0072
18.2065
18.8246
19.4114
19.2918
19.9293
20.4604
20.8433
21.347
21.5598
21.7691
23.5495
23.5759
23.2648
24.705
24.3286
24.3469
25.2829
26.0854
33.7097
27.0149
27.6506
31.9335
27.6227
28.6043
28.3848
28.6925
29.9771
29.9011
30.5889
32.9592
31.9029
30.9949
32.4449
32.6713
34.225
35.4584
34.4471
36.3342
36.1294
35.6665
40.2256
35.1953
35.939
38.0915
38.1395
38.2898
38.5367
38.5978
40.0295
39.8065
39.1688
39.7004
40.6318
40.2851
48.1362
43.4048
42.0454
46.6312
44.4731
44.9283
44.0138
44.9201
45.5393
46.5558
47.7142
46.9592
50.2889
48.7451
53.2742
46.5973
50.4959
48.2153
55.0166
----------------
init (avg): 28.7893
----------------
----- commit -----
12.191
55.1419
58.1098
63.0474
77.11
59.6889
69.7769
73.7921
34.9179
45.569
71.7595
18.9845
28.3043
28.5211
49.2353
30.6599
16.2754
15.4988
66.6948
83.7723
40.6828
61.4386
71.5546
57.0279
102.614
90.0623
127.384
105.739
14.7355
107.013
89.5259
99.9319
13.6587
59.6327
26.8758
51.4638
44.8005
23.8406
48.6367
32.3787
93.7315
51.6067
71.1319
12.6431
14.0388
76.3267
14.9044
80.4009
162.294
84.8144
40.355
51.3791
14.5796
13.1458
82.3307
13.1578
57.8228
46.096
38.8954
79.8564
14.447
18.9011
61.2944
113.215
39.8924
54.8089
36.1291
22.5565
80.2224
68.1002
124.518
62.0121
35.2888
13.1832
31.9419
69.5215
50.1721
66.2604
46.5899
86.8132
40.3074
15.676
12.7449
89.4404
45.3866
32.7835
56.5311
13.3395
14.1965
78.9748
13.3776
55.0849
36.6349
12.6817
51.1252
44.8017
145.715
80.1649
12.6128
13.3206
----------------
commit (avg): 52.8832
----------------
# Loading records:	100
skipping run
