parsing config file ./lvconfig33.conf
parsing done
<<<<< redos: 0 >>>>>
----- insert -----
4.29473
388.241
953.814
955.868
954.983
954.251
977.793
911.65
940.147
972.126
927.905
977.397
934.822
930.958
974.222
942.666
977.549
902.839
914.905
891.333
954.164
954.731
966.178
917.472
916.639
897.449
967.581
875.87
886.153
931.22
844.952
850.73
827.625
945.675
893.857
963.709
944.996
963.298
933.041
943.586
915.566
950.677
960.445
945.166
838.536
896.41
942.244
937.237
814.322
868.155
900.086
947.497
930.935
926.386
843.568
917.48
911.232
953.756
954.939
950.846
861.901
889.538
922.852
950.66
811.898
950.162
936.894
882.558
930
937.578
906.065
860.631
940.339
946.802
934.308
947.436
901.425
849.493
914.277
923.047
905.134
906.194
911.78
928.789
855.092
896.824
932.286
890.365
876.281
927.849
894.495
905.077
911.733
926.273
928.917
939.96
937.421
758.005
886.847
889.602
----------------
insert (avg): 902.79
----------------
----- init -----
10.2227
6.18795
6.71727
7.30329
7.50373
8.20417
8.88506
9.01465
11.378
12.6542
10.8122
10.9654
11.12
12.721
13.2043
14.254
14.9109
13.9571
19.9079
18.1573
15.0098
18.0779
17.3517
16.0684
16.8474
17.9734
18.3346
19.2426
21.0349
19.0618
19.6965
20.7096
19.967
20.1641
25.3902
22.8229
21.4351
22.6411
29.5171
29.5991
24.3635
26.5553
26.4337
25.5852
25.368
25.4468
26.2901
28.5283
28.1274
28.788
38.9931
29.0728
30.1317
29.8735
29.3633
33.3138
30.3712
32.3499
32.3127
34.9355
33.9415
34.0165
32.791
35.4515
34.9902
35.9749
36.1732
36.4608
36.3476
49.3584
36.1059
37.5123
36.4081
39.2219
39.3298
39.6635
39.248
39.6929
39.9446
42.9456
41.2526
44.2209
43.4956
43.7803
45.1375
43.6544
45.2375
43.3606
44.5215
45.3719
48.2722
45.6212
47.7239
48.6915
48.0098
48.0406
48.5347
49.0529
49.4077
48.5422
----------------
init (avg): 29.0274
----------------
----- commit -----
20.3688
39.5332
36.7203
37.6804
37.3949
13.2387
79.7242
49.373
13.8035
61.3203
11.9937
53.7823
65.8885
13.8573
36.5678
15.1351
83.9272
66.6258
84.2574
29.4074
28.3201
14.7405
60.375
66.6888
83.969
14.3599
104.717
93.4756
49.1981
135.218
128.586
152.782
33.9512
79.9498
13.784
34.7409
13.6115
37.7387
26.179
59.7868
22.6652
13.3808
29.3103
135.913
79.4793
29.9117
34.7467
156.542
103.625
60.6485
23.4639
38.922
43.6411
127.326
49.3032
58.1651
12.7845
13.5336
14.4598
104.883
76.1383
43.5847
13.6749
152.726
14.4703
26.3828
81.4204
33.2958
13.3836
58.4146
101.664
22.8689
13.8173
25.5821
14.0258
59.3368
110.064
49.0767
33.3871
51.9732
48.7082
44.8833
27.2452
99.59
59.5989
22.4885
65.9938
79.0515
26.8528
56.9831
49.0602
40.6319
25.1807
22.3849
13.1334
13.2337
192.773
64.3596
61.2258
55.7271
----------------
commit (avg): 52.9987
----------------
# Loading records:	100
skipping run
