parsing config file ./lvconfig27.conf
parsing done
<<<<< redos: 0 >>>>>
----- insert -----
4.96585
239.864
414.787
472.641
946.516
576.432
334.533
362.008
543.659
530.659
778.49
458.876
316.436
590.795
18.6876
485.165
711.719
329.789
794.088
324.767
376.723
694.466
893.967
786.715
900.091
676.907
616.986
772.022
397.758
808.867
495.367
364.074
915.126
486.451
494.733
3.55465
3.98506
4.3902
4.71084
168.944
136.125
693.892
435.737
777.927
598.974
804.92
771.362
677.201
561.581
889.711
131.076
805.462
817.102
397.418
464.349
596.553
684.519
432.196
916.888
439.588
944.163
117.5
904.987
511.924
311.546
4.41528
3.82793
7.47086
399.901
3.962
605.159
928.553
4.07002
3.83897
4.06794
295.268
6.02463
6.33742
4.23123
158.566
369.986
206.773
278.37
713.824
624.182
313.571
730.287
225.525
922.789
318.833
4.08324
3.87605
4.16577
4.09837
193.796
696.16
466.498
695.225
656.456
449.87
----------------
insert (avg): 442.375
----------------
----- init -----
20.6691
8.21338
7.82834
8.61801
9.14326
10.0281
16.2888
11.0107
11.0452
10.9514
13.0182
13.2132
13.4738
13.2557
14.8055
15.123
14.7778
15.7995
14.9817
16.3465
17.8297
17.2507
23.7297
18.6963
22.0451
19.732
19.1405
21.1234
21.3953
21.1267
32.1069
21.7228
24.5412
29.3996
24.4552
21.0144
86.8086
24.8235
33.7526
25.8749
26.8284
28.826
26.9712
27.9101
27.1531
28.6356
27.2911
38.6144
30.3497
33.7997
32.3894
31.5333
31.6759
34.0236
35.2861
34.4206
35.9944
36.6321
36.7714
36.2945
41.0447
36.9234
37.2249
38.5421
51.8014
34.3009
37.2009
41.3729
38.508
38.3727
38.0223
39.4178
40.9019
39.5243
43.8923
43.0244
43.9595
47.1285
41.555
46.9572
54.2594
57.2132
47.6616
47.1561
53.9183
54.987
54.4316
59.3483
59.6194
62.9616
48.2083
47.4366
51.0949
58.0255
58.9518
53.038
56.8514
69.9164
56.5081
58.5189
----------------
init (avg): 33.5634
----------------
----- commit -----
162.975
576.735
518.224
43.2392
416.739
649.83
624.602
456.1
445.364
209.533
532.645
666.739
396.131
966.168
500.665
272.761
657.961
185.724
662.157
603.305
288.791
82.0264
194.435
76.733
303.806
381.788
188.805
587.361
164.637
473.38
614.054
59.7827
483.769
486.679
32405.5
812.664
1074.95
2253.61
68.3283
835.831
278.152
543.702
188.344
375.252
164.143
200.777
287.741
408.253
93.8253
815.872
170.413
145.247
566.661
501.103
369.852
285.604
523.583
47.19
520.357
17.3977
847.423
54.4465
451.906
635.214
27262.1
7946.77
1834.33
389.432
2301.85
15.0491
29.8933
1876.76
44.4153
1400.51
205.003
3566.35
349.569
2276.99
456.168
570.931
741.229
670.339
236.606
322.616
630.724
217.737
710.684
23.8652
615.637
29873
387.258
1542.29
597.259
122.161
252.991
476.363
234.061
286.457
495.647
231.006
----------------
commit (avg): 1490.71
----------------
# Loading records:	100
skipping run
