parsing config file ./lvconfig10.conf
parsing done
<<<<< redos: 0 >>>>>
----- insert -----
4.36407
44.0928
124.597
897.191
488.531
210.726
777.059
877.689
624.674
489.305
484.959
403.904
326.31
785.104
427.751
465.005
582.757
383.273
817.905
716.818
468.13
870.991
402.894
364.279
783.969
915.921
818.783
832.533
741.516
401.682
237.925
937.167
362.157
471.137
590.454
4.09185
4.577
4.08852
5.7031
345.334
354.05
166.541
606.289
480.657
237.131
73.4371
678.308
477.744
526.03
547.202
409.448
853.289
391.926
551.063
724.514
625.33
768.427
264.813
443.949
693.709
673.126
487.01
936.713
653.308
659.508
434.422
4.04997
3.69001
5.76267
526.636
3.96885
4.03626
881.328
906.237
676.566
480.678
926.914
3.80493
4.20768
445.799
4.37449
4.12011
138.849
327.654
325.234
387.706
419.172
482.859
398.296
632.327
495.563
416.429
380.007
594.757
4.29716
3.89154
4.41632
4.50587
4.19772
4.92742
----------------
insert (avg): 431.206
----------------
----- init -----
9.77927
7.20376
8.78848
7.52578
9.10051
8.92404
11.734
13.6765
10.636
11.2001
16.3954
11.9839
13.5875
14.282
14.3995
13.7262
14.9884
22.363
16.6827
15.8308
16.5261
18.4842
20.7685
18.5116
19.7485
20.3255
19.6184
20.4715
23.1846
22.1343
28.6939
24.7303
24.5606
28.1368
26.0793
24.6077
23.1852
24.4773
28.7265
26.4335
27.5403
25.161
27.3614
26.7649
29.1709
29.8293
31.912
31.0491
32.5103
32.0366
33.04
36.9102
33.9544
40.8516
35.065
42.6788
44.1601
36.1144
36.9813
37.9432
35.7763
37.114
44.6701
35.4208
38.0129
44.529
36.0388
38.8481
42.9179
40.7872
38.8583
47.359
40.2261
39.6368
39.904
43.7315
42.1439
41.6842
43.5353
42.3134
45.0355
43.8119
46.6156
49.2508
58.4832
50.4661
52.622
57.6263
59.9341
49.975
54.6834
55.0074
55.4438
59.3448
47.3992
56.5619
50.4973
49.7388
63.2752
56.304
----------------
init (avg): 32.5883
----------------
----- commit -----
366.33
864.098
95.6993
503.653
782.95
214.206
103.839
374.928
487.745
499.43
586.461
657.18
202.982
556.565
522.288
400.275
598.892
160.769
271.004
512.908
109.885
577.379
614.574
197.206
64.1349
176.653
133.647
237.618
573.434
733.755
36.448
610.771
503.369
388.455
32933.3
928.302
502.613
1088.3
49.0837
619.909
806.557
368.074
497.375
729.318
895.41
291.078
490.637
443.497
420.347
576.643
89.0764
579.263
401.556
240.251
332.431
189.14
705.146
512.48
267.676
289.016
476.635
22.6029
307.782
303.464
519.898
34888.5
746.871
1475.63
189.536
1773.12
2203.91
13.4277
45.3229
283.446
481.634
24.6035
1210.94
1151.22
59.6253
1722.35
198.324
799.496
621.537
617.946
562.017
525.922
459.416
540.668
319.73
446.76
533.129
561.889
345.457
28894.3
709.792
773.142
1280.76
985.782
15.2697
724.763
----------------
commit (avg): 1467.83
----------------
# Loading records:	100
skipping run
