parsing config file ./lvconfig6.conf
parsing done
<<<<< redos: 0 >>>>>
----- insert -----
5.20934
4.05669
633.155
695.79
205.926
589.772
949.986
376.914
504.476
764.944
810.327
965.137
886.975
230.976
400.432
854.33
472.443
488.537
484.296
520.098
657.846
516.612
748.895
675.939
560.576
964.829
406.967
899.094
208.081
440.368
327.274
766.93
899.027
723.801
942.219
5.01088
4.27131
4.06616
4.24778
398.376
380.65
571.679
757.735
421.861
130.615
607.87
446.718
603.917
717.588
409.968
837.094
617.399
826.121
887.231
465.413
532.747
571.853
666.106
572.402
576.001
421.95
694.691
521.794
207.654
694.678
917.92
4.56732
4.60018
57.334
4.5003
407.798
3.63781
185.509
4.20275
4.1021
197.928
3.96243
4.59481
4.08231
237.641
3.83068
3.92862
338.148
871.178
667.958
371.275
562.375
647.588
841.07
326.519
479.121
572.394
242.639
4.89026
3.85659
171.635
272.839
477.247
620.525
514.76
----------------
insert (avg): 451.761
----------------
----- init -----
11.9672
10.4083
7.27632
8.03642
9.77149
8.99593
9.71017
9.87131
12.0627
13.3418
12.3617
17.7334
13.0944
13.0239
17.7869
15.299
18.8689
18.4769
15.6758
15.7451
16.6908
20.7013
18.7606
19.8333
19.4942
19.5773
19.5811
20.288
32.8401
19.7779
21.7961
22.3895
26.4844
23.2362
26.0074
23.5832
33.9756
23.6751
24.6253
29.8304
25.7903
26.9263
26.6806
28.004
28.5683
27.6877
29.0069
32.051
30.1503
36.9476
41.4427
38.7126
32.734
36.4679
37.7897
34.0744
33.7944
38.0438
34.2871
37.5406
43.1517
34.8029
46.3503
40.4483
38.3882
39.5827
36.7751
36.6474
42.7058
37.6296
39.6519
40.2409
45.0965
41.5491
44.1117
46.8065
43.3432
46.1097
42.2109
46.0259
44.6388
42.9836
75.8357
49.1027
51.783
52.675
48.0642
55.5356
52.1078
59.294
61.6196
60.9266
56.2835
52.6543
48.7538
59.2108
63.5696
58.3261
53.5541
51.8717
----------------
init (avg): 33.0977
----------------
----- commit -----
398.566
357.182
295.479
784.72
401.917
41.3138
611.34
492.194
210.924
175.834
24.4901
98.3903
752.292
583.179
132.558
506.964
497.416
494.427
467.212
324.414
461.474
234.223
303.408
416.428
17.4907
586.857
68.2689
762.565
536.933
649.782
211.587
74.0805
252.862
37.4257
31625.8
2276.61
263.366
1086.11
187.712
595.229
402.33
214.456
555.53
837.754
363.202
522.023
364.502
255.887
549.46
129.021
337.06
145.98
72.8614
495.055
432.917
395.021
300.831
387.57
387.875
533.223
271.097
436.391
746.609
268.293
41.0366
33948.3
1313.13
553.822
3491.07
19.3949
1257.83
470.634
1734.61
1856.93
69.3426
1771.16
555.266
893.918
349.819
1745.14
311.453
447.271
68.0315
283.466
572.609
388.357
297.732
106.224
616.587
458.381
369.232
697.805
31687.5
762.015
206.332
664.969
464.728
324.456
433.538
484.324
----------------
commit (avg): 1474.2
----------------
# Loading records:	100
skipping run
