parsing config file ./lvconfig16.conf
parsing done
<<<<< redos: 0 >>>>>
----- insert -----
3.79328
253.231
365.377
424.506
712.015
817.53
565.031
478.308
669.595
385.659
904.652
315.802
946.551
953.267
416.317
595.382
445.239
212.312
378.903
475.645
908.864
669.908
910.644
899.248
400.799
729.741
421.71
926.346
322.166
371.075
482.998
219.494
408.966
657.072
4.44845
4.24804
3.92716
115.836
968.01
73.5545
661.443
161.782
691.372
561.251
858.938
413.73
564.138
874.516
602.712
452.031
887.569
416.453
820.018
768.743
487.554
754.662
827.006
241.479
287.9
473.562
468.461
766.748
726.241
451.349
6369.19
3.89354
4.25975
248.365
5.01278
617.72
945.245
4.50818
103.145
4.40771
461.932
531.717
4.34611
550.682
459.707
490.058
314.069
487.079
537.828
917.109
810.092
624.364
682.769
809.217
445.295
3.94617
300.681
4.31259
4.0279
517.262
489.94
491.119
793.738
926.713
367.743
905.845
----------------
insert (avg): 552.752
----------------
----- init -----
9.41827
6.67818
7.3545
8.33024
9.00026
11.2605
11.0666
10.0259
11.0545
11.7863
13.4749
12.9108
13.2163
15.7112
13.9759
23.4283
15.7749
16.0236
19.1381
23.4693
19.2493
16.6487
21.0357
22.0011
18.884
18.4995
20.3635
20.1082
21.3221
27.9129
22.5142
25.4965
22.1258
21.7379
28.5745
24.7219
29.08
25.3852
23.6482
27.2823
24.9327
28.5157
27.1554
88.2914
27.8351
37.2219
34.5028
34.4041
40.0846
40.5695
40.3068
37.8341
36.0538
36.8522
34.6883
36.9799
32.8502
42.2465
44.2436
36.1915
36.6225
36.8272
39.23
43.2974
96.713
35.8151
44.1278
38.7926
43.2999
39.0594
39.4824
42.2086
51.6461
40.2945
38.7169
40.3097
43.5498
43.0077
46.3749
45.218
59.6231
54.2758
45.3412
54.1691
53.9356
56.4174
53.0985
55.4986
52.1759
54.0686
52.1853
46.497
59.605
51.8541
59.0095
53.1356
52.3332
52.7475
53.8976
53.9919
----------------
init (avg): 34.399
----------------
----- commit -----
178.804
627.027
566.267
279.347
171.893
425.603
509.103
330.33
590.304
81.2155
677.241
38.6068
30.4298
568.329
382.832
534.94
778.628
596.709
503.388
70.3975
310.876
71.3958
78.3996
577.088
255.121
572.512
38.9946
657.562
599.653
495.191
749.972
573.148
321.426
33560.7
1246.07
1471.21
480.695
13.197
898.305
313.454
814.027
276.769
351.361
110.728
549.219
404.29
90.7666
359.829
503.313
75.9308
541.572
143.841
193.993
475.668
218.222
133.988
713.927
668.477
490.731
499.33
192.459
233.552
504.694
27282.2
459.352
727.285
688.253
4053.04
245.452
14.6407
3614.38
185.992
2434.62
12.714
431.289
2353.39
19.2399
481.552
469.756
622.237
457.941
414.616
29.4687
138.129
316.133
269.114
131.149
503.231
29003
581.507
955.99
1305.14
58.5684
451.051
454.143
153.685
24.0725
573.843
39.6566
42.6476
----------------
commit (avg): 1397.72
----------------
# Loading records:	100
skipping run
