parsing config file ./lvconfig1.conf
parsing done
<<<<< redos: 0 >>>>>
----- insert -----
4.28595
699.54
942.798
544.411
582.971
680.287
745.97
967.203
668.546
298.984
956.539
626.011
243.273
929.239
335.312
592.285
561.981
606.731
634.473
427.178
859.02
314.267
593.823
759.505
870.68
793.9
454.002
555.409
843.537
155.903
855.932
753.57
418.935
641.688
844.466
426.348
3.79274
3.62593
4.1666
4.10288
844.602
4.02988
739.194
114.377
700.877
388.804
621.166
719.981
740.36
693.716
729.228
166.309
593.527
824.047
419.393
420.018
753.7
927.104
765.088
344.668
878.148
392.857
3.85755
196.762
466.047
462.286
4.28782
4.01269
4.00903
236.814
4.74981
3.73856
304.144
3.93164
4.19928
22.8684
3.92246
649.152
4.67042
187.456
675.726
680.394
361.685
473.95
910.835
548.298
540.241
927.631
644.885
335.838
755.645
3.64945
4.11492
3.9666
4.00888
834.918
417.639
598.945
730.172
921.978
----------------
insert (avg): 479.273
----------------
----- init -----
10.1713
6.24884
7.18133
7.53063
8.08491
8.76369
11.2384
13.7143
11.2079
11.9422
14.4522
13.3773
13.7019
15.4069
13.8871
14.3087
14.3805
17.9046
17.6634
19.104
17.6226
17.7985
18.6557
25.1924
22.761
21.5413
20.5028
20.2016
21.1099
23.1064
24.0365
23.3218
23.8226
23.6013
23.651
83.9765
22.6494
23.476
24.1123
28.9767
32.3458
32.3924
27.2408
36.412
28.8255
34.7803
29.48
29.3848
33.0012
29.8121
32.6876
41.1964
34.9106
35.2143
34.1771
36.1922
41.9512
40.906
34.4815
37.5072
38.6188
44.8679
35.6729
38.3795
47.1834
44.8828
37.1589
35.8289
38.1649
39.377
40.0417
41.6592
42.4672
40.9908
53.3753
44.9716
40.4435
40.869
48.349
56.8847
54.7487
48.3104
50.3857
47.987
54.129
57.1828
56.5732
57.3946
51.0249
59.7997
54.017
28787.4
51.1176
51.273
64.2939
59.3654
53.0685
52.1314
55.0085
57.8515
----------------
init (avg): 321.166
----------------
----- commit -----
12.8234
53.6556
447.691
409.484
309.788
241.497
22.661
319.039
690.028
26.2226
361.633
745.515
52.7233
652.969
390.728
426.913
374.123
351.626
546.634
127.836
666.968
386.121
216.249
103.262
186.221
524.75
443.914
117.997
821.939
118.971
223.746
555.062
336.41
129.649
540.449
31805.2
401.925
3533.83
126.266
91.796
1003.51
192.142
853.996
264.356
579.757
344.494
252.461
231.359
273.663
254.161
773.405
377.437
135.788
546.966
542.391
202.303
42.5075
194.129
617.83
82.0237
562.862
1574.24
151.088
487.031
491.406
33841.9
958.684
518.631
278.285
1253.49
3760.24
553.193
1722.18
2069.34
38.0277
3171.92
90.6768
2695.58
19.0994
260.53
271.618
589.612
474.214
35.1018
394.461
401.362
18.3704
305.964
603.022
189.239
69.1811
2312.98
1033
665.021
54.4776
528.109
347.574
214.972
19.513
317.611
----------------
commit (avg): 1190.03
----------------
# Loading records:	100
skipping run
