parsing config file ./lvconfig25.conf
parsing done
<<<<< redos: 0 >>>>>
----- insert -----
4.08285
3.71082
808.539
5.83131
522.794
955.805
564.369
457.183
679.815
564.125
509.792
344.237
211.657
502.374
855.893
152.137
355.481
622.814
450.919
517.033
344.517
690.198
961.418
712.529
573.223
160.993
951.763
950.28
422.336
775.862
578.238
338.431
735.626
949.971
869.367
3.9263
4.48422
476.377
748.369
201.449
4.29011
3.6656
465.088
543.43
321.904
730.873
275.17
779.961
444.386
513.451
323.683
731.87
223.073
789.314
667.157
738.422
909.858
327.193
394.613
937.582
776.78
706.185
298.276
138.954
546.086
257.835
3.45768
3.53831
123.669
4.61579
4.2734
4.83471
796.667
578.9
6.74949
3.95198
4.2252
601.952
595.653
265.797
477.412
617.142
843.404
709.103
360.408
392.401
426.304
463.239
319.968
4.01256
852.293
3.63442
527.429
144.011
163.153
552.637
857.59
546.176
380.694
594.112
----------------
insert (avg): 456.205
----------------
----- init -----
9.89918
6.47097
7.5308
8.66986
12.6201
14.2651
10.3268
15.147
11.9239
11.5715
11.7006
13.0042
15.9509
12.9792
18.199
14.801
16.1431
19.3038
17.9483
21.4068
18.7197
18.1487
20.5647
19.0412
17.6006
20.7636
20.3762
19.9578
21.5069
21.6529
21.8277
26.457
22.8173
27.9489
23.6402
21.5044
25.1922
24.1094
24.2384
36.2216
26.1368
26.0096
27.3061
27.795
37.7159
28.1596
30.7278
30.6654
39.9865
41.0919
36.704
34.219
39.2606
31.5652
33.9617
35.1339
39.7941
50.5268
36.9338
44.0859
44.5306
36.7962
39.1347
46.2653
37.2453
40.7452
36.0855
36.7227
46.1286
39.5166
40.811
42.0597
38.9564
48.9709
44.1303
40.897
41.9216
41.9632
44.7411
47.6123
48.1525
45.3652
51.9187
50.6485
50.3371
51.8583
58.6111
58.3086
53.8448
52.7084
47.9952
47.3065
48.9145
53.8072
51.6097
52.9926
54.1862
55.2588
59.4927
51.2659
----------------
init (avg): 32.9975
----------------
----- commit -----
13.7358
166.04
1009.13
441.052
29.066
426.483
532.069
303.504
432.041
467.89
642.673
776.457
481.69
128.056
830.508
631.335
358.388
534.001
453.907
641.933
288.319
18.5365
269.357
406.206
820.472
27.5575
47.787
537.917
203.586
399.026
636.506
235.865
26.867
106.394
32844.8
1126.97
471.369
229.256
758.408
1925.68
446.865
77.9447
434.508
634.308
241.261
694.485
187.683
519.237
443.771
652.413
219.992
742.854
172.391
300.093
222.772
55.1838
628.452
559.42
20.8391
177.679
257.241
664.424
812.14
416.215
701.529
34231.7
876.765
640.231
1420.55
3606.1
2910.17
90.1557
375.813
3751.12
1984.96
126.881
361.141
350.145
690.426
471.251
335.508
104.072
240.35
590.558
556.28
517.313
474.778
627.064
28992.9
45.6883
1220.8
153.309
802.988
785.712
393.261
86.7758
401.188
557.968
356.989
193.001
----------------
commit (avg): 1502.88
----------------
# Loading records:	100
skipping run
