parsing config file ./lvconfig4.conf
parsing done
<<<<< redos: 0 >>>>>
----- insert -----
4.16282
55.0428
261.888
797.642
668.126
375.258
382.858
126.377
913.426
324.375
791.161
674.51
919.051
350.058
133.311
496.748
688.666
576.133
496.677
657.824
632.834
782.43
232.54
584.168
423.797
714.295
777.39
695.586
194.933
308.34
823.66
720.61
632.65
712.035
672.34
3.50054
4.33172
4.5253
570.753
522.518
566.754
373.446
717.981
793.096
631.247
951.869
289.537
594.54
494.114
932.104
434.848
573.193
496.261
584.517
545.527
645.239
290.754
291.418
412.047
180.393
314.38
752.03
51.3755
515.773
523.349
471.369
3.77695
5.00347
421.417
3.92168
4.23982
4.07011
226.809
4.02187
3.80334
4.44042
4.7047
3.91784
495.877
710.469
778.804
324.711
387.251
728.61
275.096
751.539
590.642
816.417
414.156
571.183
3.82132
473.152
6.76975
212.112
676.349
427.95
623.387
910.103
517.37
931.344
----------------
insert (avg): 454.509
----------------
----- init -----
8.6936
7.72426
8.37731
7.3692
8.79228
9.41697
10.756
13.2347
14.6706
11.4696
12.7134
12.5001
14.3074
13.5424
13.3713
14.8146
16.24
16.0533
15.7627
15.9257
17.4393
18.6612
18.9465
18.0179
25.3255
19.6757
20.211
19.2651
21.4604
23.7612
22.7389
20.3841
22.354
23.9805
27.0032
22.3484
23.731
30.8498
25.7779
24.6727
29.8154
27.4227
26.3718
32.5316
36.9176
33.9626
38.2282
31.0481
30.0454
42.8292
34.5906
32.6147
32.2626
34.6601
31.5325
33.9412
36.1142
36.195
33.2827
37.5157
38.1291
36.0809
40.9057
35.5211
38.2506
46.3219
35.7454
42.8333
38.7818
38.9366
41.2907
39.9859
51.102
40.2567
42.8218
41.7389
41.6984
41.0413
50.4207
44.5887
51.7469
60.4341
56.2341
52.1548
56.8572
47.3332
51.4191
52.0854
51.8657
55.8916
46.1274
47.8492
51.5635
51.2298
57.5129
54.4528
53.2365
58.1
53.5804
56.3734
----------------
init (avg): 32.5672
----------------
----- commit -----
275.457
729.734
195.117
321.925
615.843
607.298
859.752
82.2203
651.735
197.001
316.089
64.0734
638.39
852.099
489.554
294.757
412.012
481.601
329.341
347.509
199.335
749.6
394.328
552.913
264.595
214.651
274.2
786.33
664.217
155.532
258.242
345.75
263.204
305.752
31817.8
1100.51
1011.53
378.876
450.217
404.85
600.105
254.132
179.999
322.888
18.9625
670.918
373.735
476.128
27.8533
536.686
385.896
476.579
375.258
422.975
320.853
675.356
677.449
547.911
782.146
645.014
213.302
909.631
446.564
438.012
481.711
34546.3
786.984
117.236
3444.62
2331.88
3652.54
166.086
1997.76
1647.61
368.255
1581.02
353.885
276.601
242.732
170.344
614.602
556.396
217.608
668.224
203.173
355.448
137.415
529.572
369.757
29045.7
381.647
2621.18
60.4525
266.378
514.445
323.947
34.9645
425.174
13.4925
286.928
----------------
commit (avg): 1499.24
----------------
# Loading records:	100
skipping run
