parsing config file ./lvconfig36.conf
parsing done
<<<<< redos: 0 >>>>>
----- insert -----
4.59436
814.275
976.435
973.589
976.498
979.699
978.684
977.162
973.6
976.202
976.673
976.381
972.456
974.428
968.649
971.179
972.087
974.938
970.649
971.357
971.808
969.315
968.781
969.54
967.769
968.553
965.604
969.866
967.081
967.73
965.927
965.919
965.113
967.609
966.389
962.425
964.401
960.887
962.134
963.501
962.643
962.949
961.037
961.455
960.585
957.517
960.361
959.62
960.532
958.583
957.498
957.711
957.115
955.798
956.046
955.971
951.839
953.351
952.523
954.555
952.574
954.511
950.998
951.746
951.666
952.278
951.036
950.139
951.499
950.17
949.322
948.687
949.482
947.701
945.274
945.888
943.182
944.765
943.265
944.541
941.849
944.497
942.609
944.883
938.971
943.688
943.451
940.605
938.383
941.008
940.477
940.817
937.037
933.948
937.98
936.588
938.452
938.503
932.022
934.01
----------------
insert (avg): 946.161
----------------
----- init -----
10.8604
7.31297
8.2707
8.25453
8.79055
8.00262
8.99619
11.0056
10.9473
10.3926
11.23
11.1566
13.1112
12.6762
15.1313
14.8979
13.5405
14.0452
15.1373
14.8638
16.243
16.4884
17.6162
17.7339
17.8845
18.4584
19.845
17.3627
20.3417
19.3598
19.8092
20.4935
20.805
21.1427
20.946
23.5381
22.4228
24.0045
24.8681
23.5955
24.8536
23.5126
25.2791
26.1676
26.5668
28.5496
27.1963
27.4752
27.2722
28.2239
29.3984
28.7179
30.8503
30.5881
31.0338
31.2344
34.0329
32.539
34.1435
32.7307
33.6325
33.7928
35.2144
35.0035
35.3131
35.0164
36.0117
36.4445
36.162
36.7461
37.8498
38.0208
39.1416
39.009
41.0985
42.0102
42.4255
42.0398
43.671
43.1015
44.9322
42.8065
44.5493
42.8294
48.2698
43.683
45.0993
45.7454
47.3405
45.4522
46.388
46.7459
47.5968
50.942
48.055
50.1727
48.0869
48.428
53.2764
52.5973
----------------
init (avg): 29.1665
----------------
----- commit -----
13.7579
14.7279
17.5411
14.1684
12.6665
11.9358
13.2207
13.8348
13.5289
12.2996
13.005
13.9225
13.5007
15.598
14.6286
12.9959
12.3731
13.6978
13.2533
12.8549
13.5217
13.9065
13.2308
13.1131
13.1824
14.4115
12.6087
12.539
13.0669
13.8114
14.2272
13.1497
12.3285
12.7413
13.3258
13.5888
14.7533
13.0382
12.73
13.0079
12.9884
13.3215
12.81
12.9757
13.5155
12.8122
12.8041
12.1663
12.8066
13.4214
13.22
12.7321
13.0305
12.8718
12.4784
14.3348
14.0214
13.3284
12.9878
13.5405
11.852
13.2046
13.2213
13.0885
12.4666
13.4429
13.0212
12.4618
12.7521
12.793
13.6947
11.849
13.0913
13.2504
12.7087
13.9717
13.2488
12.8034
12.3216
12.9513
12.9982
12.4051
12.9107
12.2668
12.0434
12.1058
13.9722
14.1916
12.9173
13.2356
13.6017
14.9978
14.602
13.2342
13.3422
13.3878
13.6364
14.008
13.277
14.2295
----------------
commit (avg): 13.2752
----------------
# Loading records:	100
skipping run
