parsing config file ./lvconfig2.conf
parsing done
<<<<< redos: 0 >>>>>
----- insert -----
4.23939
263.976
385.339
564.93
254.354
387.469
279.134
420.54
250.649
639.438
473.164
447.218
783.497
603.991
306.119
580.062
956
563.005
651.721
763.512
770.596
843.764
818.541
889.974
828.93
800.418
809.323
797.884
220.195
380.453
315.411
866.483
801.822
942.023
929.496
3.86463
3.71279
3.8604
191.311
371.248
865.294
3.61672
173.003
778.878
678.611
374.5
687.155
434.634
754.249
467.779
483.56
406.897
623.95
477.68
607.678
280.7
850.95
671.536
601.382
418.428
197.268
276.329
894.846
923.313
408.8
308.884
302.308
3.83847
4.01362
3.9826
819.35
4.45071
4.26344
3.80985
7.92948
36.6007
3.68921
3.98292
480.375
582.827
363.541
763.035
838.371
473.173
499.719
770.51
899.75
854.85
207.597
725.21
912.223
4.07767
722.696
4.05975
585.325
297.218
758.216
311.963
646.303
624.248
----------------
insert (avg): 483.411
----------------
----- init -----
8.81553
6.39016
8.12118
8.4643
8.50424
10.0985
10.0732
13.342
11.3285
11.3258
12.7936
11.3995
12.1684
13.5342
13.6561
15.7467
19.1737
16.4006
15.7684
15.2735
18.5308
20.8238
17.9287
17.9744
20.1795
20.3914
19.3349
21.4267
32.1568
30.086
22.7853
22.6691
23.0153
26.1287
26.0825
21.7524
21.9373
23.2982
24.6693
24.8835
89.8214
26.8795
29.8225
27.0836
83.8029
27.8591
28.4906
31.5369
31.7284
30.0033
34.389
32.2178
41.0241
37.3645
35.9187
35.7574
34.7457
34.8398
36.3414
38.0452
37.6406
43.4585
42.8758
43.1271
48.9623
40.5426
49.2218
36.4667
44.8715
803.119
44.7573
38.7949
44.5989
38.9842
47.9314
45.3948
39.6303
42.599
43.3594
45.0543
46.2904
47.2117
47.9709
48.8909
49.396
50.0328
50.7101
55.7344
58.7359
51.6217
57.6671
55.2043
49.23
51.1392
59.5592
60.6889
52.3692
60.3808
53.3487
56.3613
----------------
init (avg): 41.5004
----------------
----- commit -----
79.0507
605.032
426.677
737.404
604.03
710.959
564.902
748.246
337.254
515.239
543.664
203.601
382.917
677.941
403.631
25.4415
424.043
328.677
224.165
210.146
134.739
164.722
88.7006
151.647
180.449
188.841
163.188
749.921
587.653
661.944
111.119
174.345
31.6372
50.2285
31548.1
859.606
824.21
465.324
606.389
41.9538
1699.4
66.8157
195.685
242.414
593.003
285.513
532.886
212.59
505.917
482.251
562.769
328.242
491.545
350.615
684.356
113.218
295.526
366.961
538.339
765.277
678.063
63.3148
34.5693
541.878
648.444
649.205
34832.1
945.756
334.724
126.473
3616.22
2123.02
293.888
1658.89
36.8636
5813.88
214.394
363.221
366.844
593.921
186.986
110.958
478.689
450.377
180.027
48.0502
94.5768
730.962
219.564
28.5447
27153.2
14.1942
2188.89
113.781
642.524
191.774
625.684
298.258
376.295
252.854
----------------
commit (avg): 1441.73
----------------
# Loading records:	100
skipping run
