parsing config file ./lvconfig35.conf
parsing done
<<<<< redos: 0 >>>>>
----- insert -----
3.71034
400.925
980.822
979.45
979.273
968.213
915.007
978.735
925.743
928.282
956.682
956.575
943.05
985.341
947.422
912.517
940.315
919.66
931.502
960.314
967.998
919.506
943.04
940.846
944.029
1044.84
864.421
959.465
837.125
953.579
932.159
964.165
965.696
932.006
964.355
907.546
965.485
919.196
964.334
912.781
961.597
961.962
950.811
929.712
881.995
936.541
955.92
947.946
850.381
821.693
957.304
912.844
956.201
936.142
945.829
952.545
918.384
945.819
936.497
915.923
946.254
926.504
874.95
926.867
894.61
914.982
925.249
951.635
951.079
906.722
950.427
848.194
950.016
937.704
908.813
914.498
946.732
921.008
945.61
926.89
918.193
882.793
922.679
899.665
897.761
920.258
907.796
858.802
897.693
894.455
904.71
894.887
930.081
837.812
888.827
913.193
915.826
796.146
927.41
911.96
----------------
insert (avg): 912.818
----------------
----- init -----
10.2707
6.73621
7.21147
7.42314
8.35766
8.03842
9.66606
9.0075
11.7453
10.2521
11.0971
10.8768
11.9246
12.0857
12.4241
13.2033
14.1502
20.2032
15.8063
15.5314
16.1744
18.1124
16.0345
15.6849
18.3114
18.2707
18.3014
17.3988
18.5144
19.2283
21.8777
21.4682
21.3994
24.5456
21.4641
22.4635
23.0219
22.9751
23.3025
23.385
25.3263
24.5821
24.8276
26.4517
26.2041
25.3167
28.3207
27.888
27.6796
28.2064
29.7879
28.6078
30.3532
30.1856
30.5019
32.904
32.9601
31.0511
32.299
31.5854
42.0518
36.741
42.798
34.8879
35.0284
34.9437
36.7671
35.2701
36.1749
40.2584
37.7376
36.278
35.7678
38.0757
38.3761
39.3832
39.9916
40.7535
40.6279
43.9905
43.1695
48.665
43.1831
42.2991
44.5003
44.3113
44.7578
43.7392
46.4791
44.9918
48.8889
44.6333
46.7694
50.9
47.6561
47.5864
47.9687
48.7488
48.5503
53.8392
----------------
init (avg): 29.0053
----------------
----- commit -----
12.4004
12.1012
12.7923
12.8262
23.6472
75.0367
12.8514
63.4352
59.8565
32.4972
34.4505
43.1084
12.1686
41.3716
67.8628
52.892
61.0631
53.6435
18.2881
14.5063
63.4115
39.3281
37.3392
37.4972
13.3647
40.8239
23.3335
144.626
26.6498
45.8143
14.4114
13.3667
43.1286
13.6397
69.6919
13.0559
57.1446
12.95
62.849
13.1125
13.5037
24.5518
43.7333
92.2406
37.9708
15.1934
25.1041
120.831
150.23
12.7649
58.6463
13.4183
33.4498
23.9756
14.7139
48.4196
22.3985
31.5951
51.9576
13.0509
36.5614
81.5666
37.8195
70.4428
50.266
37.3123
13.1551
13.0278
53.081
13.1446
114.361
14.2075
24.0747
52.3929
46.8193
13.1685
37.6596
14.015
28.6587
39.9394
67.3951
34.5612
57.8299
57.3582
35.7864
47.227
97.3293
55.9439
60.3507
46.1405
60.2686
23.3086
111.404
63.1294
40.001
35.4283
155.086
24.4325
33.4299
24.2378
----------------
commit (avg): 42.7241
----------------
# Loading records:	100
skipping run
