parsing config file ./lvconfig21.conf
parsing done
# Loading records:	0
<<<<< redos: 0 >>>>>
----- read -----
3.80974
2.58098
2.80485
2.61739
4.61492
2.61691
2.84902
2.98306
2.96511
2.99423
2.95575
2.3987
3.24695
2.36011
2.59253
2.42586
2.85908
2.64754
2.19449
2.39241
2.08342
2.14105
2.4019
2.52192
2.61553
2.34653
2.22234
2.5753
2.60073
2.33172
2.43605
2.60113
2.61645
2.15931
2.26407
2.20578
3.44285
2.41379
2.98292
2.51774
2.892
2.39821
2.38515
2.11123
3.73456
3.35837
----------------
read (avg): 2.67978
----------------
----- update -----
7.08589
10.1733
560.363
8.34675
6.36263
10.9675
9.12019
49.7088
19.3127
8.11744
29.0659
165.759
8.01546
11.4058
9.94606
1568.78
8.53144
42.7883
9.2782
7.02303
6.76908
8.48763
391.168
776.567
8.6519
598.635
7.69331
781.354
6.88737
651.986
10.467
9.34029
519.674
26.0216
467.255
16.6237
371.775
7.24756
447.611
6.752
666.458
7.60998
6.83015
7.52738
28.1872
43.9851
7.85131
8.53324
9.84764
51.7982
11.7285
41.4451
9.32329
7.92932
----------------
update (avg): 158.892
----------------
----- init -----
53.5523
51.0899
59.9818
64.1084
67.0916
60.3258
58.2805
63.6953
65.1454
96.1454
66.6206
65.1907
61.1569
63.4691
64.711
65.2683
75.3403
73.039
78.1121
126.253
71.8286
68.2549
65.188
228.781
74.1379
65.3145
70.9799
75.1728
63.1504
74.6805
64.8517
69.0094
69.6051
66.0286
72.3085
69.5113
77.2112
86.2704
74.8331
71.539
71.7084
79.5105
75.5989
73.2682
81.0407
73.6622
75.3287
321.898
68.869
72.3011
76.6779
75.0249
78.0571
72.2009
71.6255
76.6474
77.0538
80.888
77.8677
77.747
91.3092
76.8986
77.4383
78.3941
80.9971
80.8789
84.5697
80.9944
79.9743
83.9225
85.1676
80.7716
82.881
91.834
85.0685
89.7948
85.233
88.2683
86.8467
97.3143
103.177
119.976
104.407
99.4008
104.886
110
100.888
111.011
104.06
98.4392
111.186
104.263
99.5745
101.93
112.492
112.878
99.3297
112.904
110.583
123.557
----------------
init (avg): 85.4771
----------------
----- commit -----
5.42129
19.3555
16.2516
880.605
5.65523
1490.78
304.78
735.125
6.20106
6.15461
1039.58
477.52
9.90204
5.90815
9.21518
7.69825
6.77599
6.44714
7.28863
1447.84
1477.44
18.1473
5.47422
18.369
5.46595
4.95299
5.45864
369.753
258.379
1572.06
4.79049
7.1638
72.7304
5.07083
29593.1
5.36971
2592.69
771.015
1367.04
3639.03
4.99697
5.45403
18.6686
5.25406
5.18657
19.1037
38.7148
13.8634
4.99041
15.7922
42.1788
15.2367
14.7944
14.399
4.86602
5.43194
3193.31
14.5919
14.9898
14.8571
64.8235
4.84477
4.77256
4.99115
68.7139
5.37162
5.31133
17.2804
4.95057
4.81562
70.3518
5.06342
5.11476
5.55072
20.2827
19.2049
4.72807
40.9676
1827.69
439.931
6.02194
237.689
5.29717
7.84871
6.37797
1217.87
1582.71
900.942
5.35666
1117.98
136.749
81.6839
7.44827
86.4866
441.719
135.834
6.30688
1747.02
188.596
6.75251
----------------
commit (avg): 623.002
----------------
# Transaction throughput (KTPS)
LakeVilla	/LakeVilla/src/YCSB-C/workloads/workloada.spec	1	0.00122561
