parsing config file ./lvconfig10.conf
parsing done
# Loading records:	0
<<<<< redos: 0 >>>>>
----- read -----
3.82441
2.48265
2.56214
4.14173
2.36283
3.39286
2.83274
2.6416
2.16018
3.16664
2.62434
2.76004
3.23823
2.64951
3.16357
3.06626
2.55281
2.50644
2.54766
2.42006
2.99811
2.36595
2.45239
2.33846
2.78798
2.6204
2.91222
2.53861
2.78985
3.28836
2.54745
2.49657
2.45095
5.50445
2.8191
2.4769
2.67297
2.68794
3.15
4.42231
6.81783
3.39542
5.5722
2.85709
2.71153
2.70804
----------------
read (avg): 3.03217
----------------
----- update -----
7.92921
8.3754
39.9489
10.3901
8.56472
7.9726
49.82
10.299
34.0097
8.78095
17.7134
14.0826
7.2402
8.32113
11.6895
36.9686
7.9214
8.6317
9.50189
323.185
55.7231
8.2683
20.414
7.22272
6.90864
6.94137
9.28001
7.73613
44.284
8.42441
7.29169
10.1383
581.516
9.86584
11.4441
53.9848
9.34304
8.51774
9.04441
28.8569
29.9671
10.0819
77.2753
10.3842
56.6035
9.87266
7.55071
8.79369
190.251
32.4385
247.479
7.34041
10.2379
6.99623
----------------
update (avg): 41.5153
----------------
----- init -----
99.1959
63.6753
59.1588
59.9888
66.6939
68.7797
56.904
57.0149
59.1218
66.0201
58.9386
57.2216
66.1127
68.0814
62.5963
62.5633
70.8291
87.508
68.5908
73.6933
65.6232
76.2161
70.3327
68.1582
67.8523
108.319
82.194
75.8479
81.0414
74.6834
72.7436
76.9628
73.8191
69.9647
75.4463
69.3115
76.0804
76.5854
80.8633
70.5613
97.5878
72.8452
77.7014
67.5153
77.5058
75.5741
82.575
78.8389
75.5711
83.7285
79.682
74.436
81.3892
84.3156
91.0671
89.2374
92.9892
91.2792
89.645
85.1915
91.5406
84.6598
94.8291
89.0316
87.9269
83.641
94.895
97.2453
92.9749
88.2613
89.8533
105.719
95.3114
103.652
103.833
95.9977
100.205
102.239
104.347
102.835
98.7669
147.49
105.014
105.004
107.088
106.855
112.305
111.056
103.85
95.9092
101.379
92.8795
103.173
109.694
107.306
105.217
107.256
105.042
107.372
110.804
----------------
init (avg): 85.4643
----------------
----- commit -----
5.88883
355.611
30.6728
21.5337
5.72287
1063.71
1412.78
448.79
7.77765
5.52839
133.989
188.867
6.6594
6.80738
6.13361
5.5537
5.51078
6.04845
5.52743
31.1027
285.656
631.281
6.45979
297.535
6.85806
5.33126
7.00186
512.198
39.7856
6.35593
6.04703
6.78103
2786.66
6.35338
34372.1
5.30262
332.737
110.846
17.5277
908.82
5.39943
5.51652
154.459
4.96382
5.60648
272.903
1172.4
2769.42
5.90762
13824.9
182.893
1283.54
325.662
616.561
5.90374
5.49544
789.304
26.1545
195.562
1183.6
100.616
5.76746
6.22293
5.77395
274.815
6.01041
6.81074
62.6325
7.08937
7.45303
308.858
6.41069
12.1007
7.17823
1286.92
429.42
6.42704
479.915
79.3082
271.133
5.96488
457.73
6.6318
6.74172
9.52108
28.6315
109.168
25674.1
6.97405
88.8632
266.321
52.4007
5.60062
339.447
1148.19
66.9918
5.66035
503.102
43.6012
4.79928
----------------
commit (avg): 991.432
----------------
# Transaction throughput (KTPS)
LakeVilla	/LakeVilla/src/YCSB-C/workloads/workloada.spec	1	0.000891033
