parsing config file ./lvconfig7.conf
parsing done
# Loading records:	0
<<<<< redos: 0 >>>>>
----- read -----
3.93273
4.88627
2.77235
2.84836
2.67167
2.54025
2.67437
2.54971
2.59576
2.82577
2.66471
2.56732
2.71868
2.43867
2.40551
2.61863
2.4007
2.67703
2.92874
2.92373
2.89539
2.41969
2.23024
2.53561
2.69841
2.26093
4.16758
2.83442
3.15831
2.98317
2.83215
3.02067
2.46624
3.60938
3.44738
3.2399
8.05283
6.10032
2.43869
2.90041
2.44934
2.79518
2.35803
2.92877
2.45708
2.53938
----------------
read (avg): 3.01001
----------------
----- update -----
6.63426
8.57055
673.808
7.69365
11.8783
36.1323
52.6067
66.1385
26.8439
49.144
15.4961
6.72928
54.1405
36.0956
9.52555
475.267
6.91373
11.5773
29.7139
7.38455
6.73491
13.9799
9.26179
8.57715
8.8561
8.50435
7.38892
18.5917
15.7572
7.72452
39.5453
9.51589
7.1691
18.7574
7.3779
9.55963
9.25892
15.3302
41.2643
9.31841
256.63
44.4425
225.292
9.22309
30.0976
8.15465
50.004
9.53244
7.69762
53.3436
8.85914
250.45
7.91972
487.049
----------------
update (avg): 61.3604
----------------
----- init -----
53.8935
59.0412
53.2854
65.4966
59.0297
59.2979
56.5661
59.5381
68.2878
59.0336
66.5909
65.5316
58.9338
65.4865
64.0058
95.2668
66.9176
71.7784
69.8234
72.7241
76.9535
69.7492
61.2247
63.6813
64.0919
73.5166
65.4275
72.7649
65.1262
64.2075
65.8548
66.103
68.8345
65.3634
67.881
69.0692
67.7547
67.8895
80.0266
75.3624
71.8404
70.7925
78.3035
76.5943
78.6813
83.5377
71.9152
77.6251
78.1537
83.9408
80.1944
81.5908
84.3701
85.4136
81.4483
86.2758
81.7853
89.2057
86.2203
87.8584
95.0345
85.8698
123.135
100.17
108.064
91.1517
101.761
96.3855
96.0995
95.8346
101.69
104.634
92.1705
93.7344
93.8267
103.206
95.9976
98.2296
107.169
142.504
107.425
105.015
105.688
133.859
107.832
104.809
99.4771
95.6542
100.825
107.322
103.168
107.308
100.002
114.258
106.961
105.813
110.853
116.475
108.851
104.867
----------------
init (avg): 84.5029
----------------
----- commit -----
5.75407
86.5056
14.0922
2200.52
5.03775
54.7745
443.758
536.693
5.08535
5.9268
67.8918
740.512
5.47126
7.4198
7.93419
5.36928
5.45185
5.53918
5.59247
3320.98
1667.75
2174.64
4.98323
1653.53
5.73091
9.19649
5.94614
26.6165
16.8065
6.95932
5.29677
5.3993
19.7794
5.59822
27624.9
5.74328
16.7917
15.3136
1365.83
1583.78
5.04171
4.64722
424.89
5.04758
4.83893
1378.68
234.542
2271.73
6.6693
15644.1
701.211
875.645
127.818
633.899
7.44125
6.9843
109.337
363.027
1162.8
950.533
322.059
5.72827
6.08704
6.24457
261.523
6.29117
8.61449
108.087
6.87783
9.1152
293.823
5.80494
6.84052
8.23287
799.753
67.4536
10.0194
28.8581
332.922
30.1101
10.3739
76.0296
6.64222
6.45075
5.73283
25705
458.286
549.665
6.33991
91.2495
259.148
1488.96
5.76297
171.585
233.896
46.4823
5.82474
116.079
210.358
6.11574
----------------
commit (avg): 1004.54
----------------
# Transaction throughput (KTPS)
LakeVilla	/LakeVilla/src/YCSB-C/workloads/workloada.spec	1	0.000875538
