parsing config file ./lvconfig13.conf
parsing done
# Loading records:	0
<<<<< redos: 0 >>>>>
----- read -----
4.04346
4.35391
2.53816
2.52944
2.98058
2.71591
2.24756
2.45828
2.23753
2.23531
2.34566
2.78644
2.76946
2.34702
3.00313
2.88809
3.49376
2.24206
2.60741
2.47178
2.72212
2.13907
2.67733
3.68187
2.28902
2.68688
2.3449
2.69467
2.44562
2.682
2.22098
2.48158
2.36071
2.51871
2.47515
2.16304
2.25815
2.59209
2.41608
2.61088
2.93533
2.75986
2.87882
3.23866
2.56996
2.43477
----------------
read (avg): 2.66464
----------------
----- update -----
8.25385
9.27716
342.546
51.2928
7.97975
9.09295
9.59221
9.29659
10.8261
11.5345
386.856
52.9441
24.0506
11.1766
8.06713
7.58446
22.1814
57.8021
42.1722
6.90849
8.49792
11.2191
9.16653
8.20555
429.926
10.2236
8.41167
16.0767
8.40826
34.5318
52.4083
8.66433
154.55
34.814
7.90627
27.1542
10.1732
7.92911
11.017
18.7129
10.4708
21.9175
8.05101
8.24854
9.81737
91.4783
45.6861
44.7259
7.64933
9.03569
43.0325
11.4696
7.67685
9.86535
----------------
update (avg): 42.5288
----------------
----- init -----
66.0802
56.8377
57.3131
56.6478
64.0855
71.5178
56.4934
62.3358
61.546
74.5928
62.7526
63.2026
62.0825
62.3814
69.9269
64.4292
71.7116
66.736
77.498
125.96
68.2939
65.7372
78.305
68.1942
78.1601
70.3073
85.3783
78.2985
77.9239
82.8849
88.7994
69.533
79.2969
70.6275
66.6401
73.638
69.8749
1635.88
73.0011
69.278
71.4192
78.5111
79.6057
75.7065
76.1748
91.3869
72.5962
79.5632
73.3188
75.1096
91.7389
83.145
79.6207
84.5059
93.1168
82.1609
93.0812
84.8146
86.8214
91.1941
87.7951
94.2081
86.7687
94.0582
92.3788
91.0777
99.5179
100.449
95.0063
101.187
101.015
96.4607
100.229
99.2249
94.6641
101.471
94.6767
99.3441
100.507
94.7761
109.896
104.37
104.731
107.523
99.0903
110.536
111.83
107.83
115.271
110.824
95.9399
107.237
105.113
126.973
102.519
107.136
106.468
105.704
111.991
104.796
----------------
init (avg): 101.284
----------------
----- commit -----
6.22895
84.2332
52.3058
171.577
7.17056
970.214
96.5425
274.115
10.0833
5.68044
336.357
1841.92
5.22255
6.22302
6.16088
5.72522
5.94809
8.46732
6.35212
325.982
141.283
330.729
7.79369
166.559
5.43724
5.75983
5.34264
577.617
991.628
5.48718
6.98066
5.84809
1251.35
5.1724
347.282
1578.39
308.442
31269.9
1315.87
154.597
5.11108
4.98507
4237.59
5.10095
9.94294
936.493
14.0821
14.9351
5.02169
13595.2
365.006
635.84
690.576
193.238
5.46639
7.02695
816.371
315.361
206.438
63.8111
1091.26
5.21889
5.49403
5.67407
148.242
6.38255
6.24938
190.421
5.66611
8.17366
387.598
7.85285
5.5703
6.33957
54.0067
408.363
5.52402
314.198
174.822
236.485
8.38657
138.493
5.67186
7.83816
6.56113
435.71
174.003
91.2555
5.62467
26291.4
365.733
28.1311
5.90643
534.743
368.744
1524.31
4.96055
67.0634
120.547
5.83472
----------------
commit (avg): 981
----------------
# Transaction throughput (KTPS)
LakeVilla	/LakeVilla/src/YCSB-C/workloads/workloada.spec	1	0.000886562
