parsing config file ./lvconfig6.conf
parsing done
# Loading records:	0
<<<<< redos: 0 >>>>>
----- read -----
3.72187
2.52119
2.4218
2.74158
3.58752
3.76083
2.53885
2.58573
3.52553
2.38219
2.68279
3.34763
2.82101
2.7017
2.23429
2.33452
3.804
3.05248
3.6766
2.7148
3.5466
2.55581
3.20029
2.89064
2.27455
2.0408
2.22086
2.79532
2.87717
4.41941
2.28276
2.47435
2.31164
2.88233
2.52018
2.34591
3.00699
3.53999
3.00183
4.02424
2.39962
2.94875
2.32943
2.26287
2.47939
2.91437
----------------
read (avg): 2.86311
----------------
----- update -----
10.0417
8.54501
729.997
24.2901
10.1092
7.86931
50.4664
9.80352
7.35154
8.51891
8.91561
7.75813
8.96555
7.16019
9.77029
8.13715
9.60815
64.0168
25577.8
6.88837
32.0745
9.80493
6.68732
8.44135
20.2009
35.8153
8.99576
7.57235
23.2574
7.63467
10.4671
329.811
7.31275
490.529
8.88956
50.5811
13.8027
9.79491
9.24622
7.0938
9.7016
45.8347
7.15464
7.28792
9.64763
22.536
9.50491
35.4955
9.87349
46.5443
7.05783
7.02505
9.5044
69.5131
----------------
update (avg): 517.976
----------------
----- init -----
54.6705
52.0403
52.022
51.8838
55.867
57.1538
57.289
69.6072
60.5151
97.5546
62.7346
65.1826
64.2066
73.556
93.2936
88.346
70.0556
68.6768
69.6138
107.932
68.3297
80.9604
70.746
81.0769
67.77
79.6304
71.8881
76.8497
66.8506
70.3802
78.8083
85.1423
81.768
70.9658
81.4681
75.5876
71.301
72.89
227.918
72.5211
75.8419
78.2843
76.1285
82.0812
77.4079
82.4072
75.6057
83.2461
75.5963
72.7254
78.6249
88.0934
83.022
78.8755
79.1351
77.9314
109.435
90.0184
98.3877
90.3246
90.2868
88.902
94.039
104.26
90.9369
94.8064
94.4612
87.0876
96.8098
98.0895
97.659
93.3609
112.464
101.622
101.019
97.2701
96.9167
92.4817
99.0214
103.997
98.6824
105.179
101.041
101.202
108.552
110.107
107.547
107.381
116.437
112.056
157.798
111.776
106.127
101.804
108.363
109.315
106.509
159.732
108.771
105.102
----------------
init (avg): 88.572
----------------
----- commit -----
5.06885
40.4349
55.1387
2925.02
5.41816
126.784
699.374
965.583
5.63397
5.67457
299.644
415.593
8.21572
6.89871
12.6431
5.70426
6.98385
6.11575
7.36168
400.771
510.382
112.135
6.23702
482.406
6.6887
5.59553
5.9474
375.944
30.0832
7.92218
167.808
5.74303
21.313
6.2525
573.789
8.49331
3781.6
16.3972
3316.01
878.62
6.2498
5.51299
272.04
5.61524
6.23543
1965.02
244.126
1141.3
5.8628
1934.91
400.654
1087.64
12883.1
602.755
5.22873
5.87949
345.067
79.2898
306.105
15.5712
450.434
7.70268
5.92104
6.89676
145.453
5.44867
6.39848
350.89
7.0111
6.02925
737.472
6.65175
7.51915
5.50646
28.4143
889.314
7.02201
273.035
21.2859
193.531
12.6437
2835.61
8.17633
8.00334
5.30587
55.6867
360.137
249.118
5.77985
137.747
127.5
25652.7
4.94503
1265.82
300.913
117.249
5.75125
252.94
201.61
5.75231
----------------
commit (avg): 724.169
----------------
# Transaction throughput (KTPS)
LakeVilla	/LakeVilla/src/YCSB-C/workloads/workloada.spec	1	0.000899184
