parsing config file ./lvconfig27.conf
parsing done
# Loading records:	0
<<<<< redos: 0 >>>>>
----- read -----
3.95271
2.71738
2.89052
2.13407
2.18329
4.76888
2.29719
5.05073
2.65737
2.91011
2.32636
2.96608
3.15443
2.47714
2.99935
2.7881
2.20155
3.00088
2.48228
2.53835
2.53591
2.50064
2.0722
2.25197
2.19961
2.02925
2.18271
2.84677
2.21884
2.22312
2.58373
2.28838
2.77563
2.57407
3.72777
2.55497
2.67604
2.75435
2.97569
2.99036
2.59157
2.78619
3.47861
2.49477
2.91905
2.38801
----------------
read (avg): 2.74167
----------------
----- update -----
7.14624
25.7099
12.6613
141.086
53.8715
284.11
51.8261
207.57
44.8639
9.92289
8.75227
7.31468
7.8145
10.2746
8.69686
21.8533
7.80445
7.04626
52.5316
7.6288
7.2291
8.59316
429.055
6386
6.78474
8.18447
6.8923
8.31665
748.399
9.56975
564.693
6.75734
47.964
46.3933
7.50582
7.52304
9.77079
49.3506
7.49988
9.30342
52.4751
9.37348
8.76789
56.2257
10.0655
307.487
39.6512
7.79158
11.872
9.37186
16.6316
9.43171
8.06951
10.8131
----------------
update (avg): 183.561
----------------
----- init -----
54.4534
66.2776
67.8747
62.0296
59.9815
59.284
63.6449
59.296
57.5382
55.6463
101.117
59.7054
61.239
59.2291
61.2112
64.51
68.217
71.7714
71.2884
74.2386
62.3952
65.8401
71.4836
78.5022
69.1856
69.5681
70.2882
74.5534
71.4232
76.6112
71.9259
104.022
69.1822
68.3942
71.188
80.2939
68.4192
71.3371
77.5507
78.0126
73.496
79.792
71.3891
70.2914
78.905
74.4243
74.9009
75.242
71.3077
70.712
70.9441
84.4711
74.8586
73.1413
75.2079
79.8075
84.4439
73.5737
81.37
90.9791
86.2202
86.0688
88.6889
87.0239
93.3149
99.3667
94.535
91.5419
91.4384
102.671
92.8801
90.7928
107.768
99.5608
94.0189
107.676
98.5132
103.865
104.978
105.883
108.086
104.97
105.278
101.146
111.671
109.519
101.894
115.443
116.701
111.282
101.102
102.772
103.747
113.733
110.913
160.075
99.3926
113.921
113.427
111.863
----------------
init (avg): 84.4173
----------------
----- commit -----
6.91969
228.861
442.626
182.365
5.42028
209.289
329.476
275.99
5.61071
5.86968
173.418
576.07
5.48246
8.43942
5.60579
8.80752
6.1783
9.77104
5.8844
292.275
2019.99
242.38
5.92461
1045.96
5.60486
6.28638
5.9079
346.34
1207.57
7.86077
5.63035
8.38598
2265.46
4.83454
31233.5
5.62377
3318.81
414.753
3256.99
1394.57
6.25961
5.92077
19.3159
5.56295
5.3401
19.7351
3183.5
64.828
5.08191
15.0462
14.0075
14.455
14.3987
81.4043
5.24689
5.00737
17.5585
40.7073
843.811
1629.16
1356.82
6.97339
5.34083
6.20831
206.464
5.73117
5.86769
124.513
5.46014
5.20532
210.203
5.87937
8.96889
6.02313
675.438
723.552
8.98259
973.824
591.436
1322.35
5.90854
345.299
5.99411
8.53725
5.63256
56.2413
168.157
21.2801
9.9598
26678.4
818.563
635.56
6.05175
188.854
482.882
255.16
5.40344
62.9322
133.336
6.49044
----------------
commit (avg): 917.39
----------------
# Transaction throughput (KTPS)
LakeVilla	/LakeVilla/src/YCSB-C/workloads/workloada.spec	1	0.000887478
