parsing config file ./lvconfig9.conf
parsing done
# Loading records:	0
<<<<< redos: 0 >>>>>
----- read -----
3.83026
2.59441
2.08271
2.50281
3.4485
4.02948
2.42921
2.27249
2.95385
2.92216
3.1766
3.58
2.84827
2.82807
2.6557
2.47094
2.67797
2.3632
2.69919
2.91746
2.30559
2.53652
2.18723
2.08163
2.42787
2.19157
2.1955
2.76937
2.15776
2.14523
2.53842
2.38858
3.31802
2.36828
2.3451
2.7095
2.64512
2.85426
2.58827
2.62724
2.85083
2.33678
2.97769
2.3484
2.49434
2.89988
----------------
read (avg): 2.66461
----------------
----- update -----
22.148
9.10667
52.1309
22.5014
8.51389
8.91479
100.68
10.8394
20.209
8.97607
298.025
44.9008
13.208
12.0958
59.388
7.99976
9.13739
26.4769
8.0634
9.02692
8.72749
6.92053
1571.03
6.16272
7.1483
8.39001
42.3432
6.42218
773.302
7.22029
606.486
6.53018
802.832
6.61724
400.857
35.045
8.11366
12.6624
85.5286
56.3014
9.85623
32.1495
9.45443
41.752
9.29055
10.5568
7.48157
13.9667
9.9552
56.7143
10.4827
8.45166
14.4691
8.38799
----------------
update (avg): 100.999
----------------
----- init -----
65.1916
89.1932
65.3906
72.2475
58.3939
64.1445
56.378
58.0887
63.0102
81.3088
61.0537
61.3171
57.1555
68.7079
58.1369
66.5604
65.9755
108.8
79.8374
77.854
66.9992
66.2199
76.2548
70.5433
74.4813
67.3926
74.3204
66.6576
77.0861
72.4564
76.8574
74.8673
65.5965
71.3341
75.9716
70.0775
69.4621
75.6339
75.8999
75.0159
84.1604
105.524
78.4913
71.5554
71.3336
77.6413
72.5393
67.9199
72.7554
71.0251
70.8801
70.9853
89.5515
73.7601
73.5619
75.98
83.5422
77.1064
76.0409
76.3877
80.1075
77.5927
79.9517
81.6749
78.2964
82.7419
96.0947
85.4681
88.5916
93.9621
101.365
90.1515
102.231
92.8395
138.44
101.018
100.754
102.865
89.9042
98.4363
100.48
105.571
102.011
95.7623
97.158
103.512
107.01
99.9831
109.63
106.942
103.679
108.175
111.94
147.35
111.75
120.798
108.662
123.613
117.486
109.139
----------------
init (avg): 84.1575
----------------
----- commit -----
6.48001
149.533
269.478
1389.88
7.7081
559.189
124.321
231.676
5.63027
5.22851
1888.57
612.605
6.101
5.44512
5.43057
6.12011
10.5003
9.09599
6.63357
120.753
191.397
893.729
6.09181
2023.5
7.45888
5.25377
5.84376
539.78
33023.3
5.31463
5.38655
4.96942
479.532
6.52628
102.497
5.51538
1611.21
2081.91
2222.7
374.381
5.5416
5.77571
973.615
6.25059
6.75342
17.4087
14.1785
6429.6
5.04907
15.968
14.9219
42.6014
14.4973
43.0702
5.31644
5.06995
18.2909
23.7278
14.181
131.053
42.2416
4.92278
4.88951
5.30821
670.231
5.60811
5.44531
707.203
8.54997
6.16809
97.6784
7.85951
12.3202
11.2413
235.032
1002.12
6.50363
74.9145
563.932
250.798
5.75142
1838.71
5.2263
9.50207
5.15516
79.5974
558.656
131.001
6.67421
762.779
347.784
582.17
7.02813
216.282
254.492
299.633
7.37011
412.51
25666
6.09881
----------------
commit (avg): 917.348
----------------
# Transaction throughput (KTPS)
LakeVilla	/LakeVilla/src/YCSB-C/workloads/workloada.spec	1	0.00092675
