parsing config file ./lvconfig26.conf
parsing done
# Loading records:	0
<<<<< redos: 0 >>>>>
----- read -----
3.71484
2.71216
2.72933
3.10549
3.02293
2.60354
3.45088
2.49295
2.9228
2.7003
3.45133
4.18337
2.83813
2.69786
2.45118
2.22216
2.55894
2.71608
2.79699
2.26441
2.69635
2.61858
2.39345
2.452
3.17326
2.50104
7.38443
2.51744
2.23592
2.79255
2.94533
3.1112
5.52098
2.62468
2.41212
3.45534
3.02423
2.74963
2.01425
2.53559
2.30755
2.68172
2.74086
2.44205
2.63375
2.47153
----------------
read (avg): 2.9146
----------------
----- update -----
40.8517
11.0532
100.268
28.011
13.9124
27.8963
24.3607
8.65262
12.2244
24.329
11.2325
774.085
372.417
15.7678
7.83821
28.8688
11.7951
428.109
30.5604
587.865
55.8608
13.3828
14.9418
13.1025
308.973
38.0226
41.9478
9.75896
7.23776
9.68967
57.1373
9.939
7.33228
10.0299
10.8505
46.7433
44.5077
7.57202
9.20328
398.124
10.417
714.609
38.6812
221.633
25.9358
681.943
7.51477
658.233
9.69647
682.88
8.01167
757.435
7.05177
669.508
----------------
update (avg): 151.259
----------------
----- init -----
67.2837
64.6526
69.5856
56.4278
64.9748
60.5323
69.7262
58.1464
71.1106
118.223
133.988
64.5036
70.4669
68.7371
68.8133
116.575
70.4975
77.3178
72.699
82.7417
65.3937
62.4181
68.045
75.0853
64.3983
73.208
65.9596
64.8887
72.7074
65.8165
72.1632
71.9472
81.9752
79.6473
71.9265
71.9554
70.758
70.3702
82.1602
75.9905
73.3342
86.0854
83.3011
79.3177
87.1243
77.7907
82.5532
85.1122
82.2021
89.2805
85.0406
88.2648
93.9583
93.9138
89.8761
92.0029
87.0172
100.622
96.2191
83.2147
76.1802
93.0346
85.2865
128.633
88.4991
93.5028
92.688
89.2358
94.7688
85.2026
96.0699
89.5038
92.7575
107.023
105.141
95.4735
99.1212
100.587
92.8201
95.3893
91.8483
94.598
94.9935
99.6495
95.1765
98.7506
98.8686
92.9888
94.2529
94.5916
95.8872
87.248
91.3379
91.3992
104.353
94.6969
94.1035
94.8539
94.7938
100.438
----------------
init (avg): 84.9579
----------------
----- commit -----
5.9285
73.8315
229.646
3545.71
5.90606
506.193
724.725
776.214
6.06691
6.68807
153.072
767.66
5.44804
5.6664
6.52729
5.86893
5.27386
5.35729
6.42875
2214.36
425.622
215.37
7.9802
32112.6
5.40901
5.1404
5.6832
8417.95
13070.6
5.94039
5.30056
6.18665
364.798
5.39971
155.604
7.14645
56.0243
206.94
16.3878
1779.96
7.43172
5.87775
2088.73
6.42972
5.94663
554.357
108.237
191.637
5.56901
1487.93
375.701
69.4475
917.11
176.303
6.64859
6.63287
196.675
153.92
25907.6
161.113
1176.06
5.40773
6.26185
5.30377
615.516
5.58356
5.40757
1177.9
6.26476
5.49613
92.4188
7.21224
6.06676
6.31881
21.5337
17.2931
6.48361
74.412
18.5984
102.154
5.3344
23.6447
5.16294
5.30738
5.73605
83.155
16.7877
23.3723
5.45206
18.2951
15.1164
14.2658
5.29062
19.0411
16.1427
15.4711
5.09376
16.71
16.0382
5.30481
----------------
commit (avg): 1020.48
----------------
# Transaction throughput (KTPS)
LakeVilla	/LakeVilla/src/YCSB-C/workloads/workloada.spec	1	0.000826356
