parsing config file ./lvconfig12.conf
parsing done
# Loading records:	0
<<<<< redos: 0 >>>>>
----- read -----
3.9541
2.23993
2.35409
2.34632
2.60185
4.07673
2.64608
2.75256
6.30608
3.27663
2.9759
2.92609
2.81916
2.55106
2.75513
3.07971
2.9043
3.10031
2.50217
2.90856
2.74848
3.07764
4.30649
2.51486
3.14864
2.811
2.72837
2.7803
3.05976
2.61735
2.79385
2.52866
3.04692
2.34636
2.36508
2.39461
2.37351
2.93009
3.17119
4.80195
2.3036
3.289
2.53753
2.81657
2.94507
2.71717
----------------
read (avg): 2.96154
----------------
----- update -----
7.21309
7.88614
7.78007
9.28174
7.47426
7.69319
38.4407
8.85935
9.3657
9.48396
36.6083
47.2126
14.2715
8.0462
7.34666
8.30116
36.3502
18.0746
57.0736
6.87408
14.6957
7.5107
8.3077
56.6659
6.90561
8.88522
7.43204
11.0054
23.9992
9.79922
8.31089
9.55774
8.50151
16.2274
59.5098
7.47146
7.41849
53.3372
10.9475
30.0997
15.3954
13.4926
40.1839
9.76877
302.938
7.85041
423.391
7.50922
545.361
6.92169
540.358
50.7545
561.122
6.61947
----------------
update (avg): 60.2202
----------------
----- init -----
57.4926
100.77
58.2684
53.9865
55.6384
62.5081
56.0034
56.9409
62.4928
62.1465
71.7832
59.0781
63.1598
65.4799
76.1352
75.4377
70.8966
67.3868
79.8962
68.2486
63.0796
76.495
66.3126
74.247
70.6072
65.9763
66.5031
71.1101
66.3446
68.9035
72.6031
70.9385
79.8012
73.5669
71.5122
67.3723
71.26
66.582
71.9015
74.029
84.4849
73.2035
87.8478
78.1356
79.2828
86.1283
83.918
78.9783
82.4684
80.6631
95.7177
82.2666
86.5529
93.5059
86.0363
126.093
96.8728
95.8123
94.6383
91.5278
97.8256
126.559
126.56
100.225
103.633
98.3109
101.692
102.827
90.5994
86.0718
135.501
87.8387
91.6565
89.1062
99.0597
100.481
100.454
102.154
104.374
95.3162
101.211
96.6522
103.38
99.5592
104.656
102.003
96.9364
99.0568
98.663
107.732
103.175
100.549
104.307
100.175
101.068
95.8389
98.9158
97.0525
97.3718
96.3368
----------------
init (avg): 85.4191
----------------
----- commit -----
6.18282
580.699
1946.61
382.955
4.88306
32.1135
60.7186
890.79
6.08383
5.44473
480.892
833.02
5.61593
8.49118
5.65655
6.98197
9.83047
7.46923
8.99277
61.0433
599.241
1623.04
6.11273
1549.39
6.98228
6.44569
7.85645
3617.08
30389.1
6.28089
5.67937
5.79678
735.463
6.27925
1077.45
4.7639
1596.71
2775.74
14194.8
1142.54
7.04019
5.51037
797.367
8.47129
5.35562
994.438
1025.56
267.686
7.95468
391.601
1256.83
285.014
579.041
149.738
6.71728
6.13664
134.999
22.5045
1211.14
785.082
1048.32
6.26116
6.7321
6.01488
72.5545
8.28186
7.96118
25599.3
5.97681
4.8734
294.154
5.07207
5.3159
5.11102
246.836
2236.56
5.9298
440.901
139.924
80.1288
5.55793
20.046
6.05063
6.01985
6.19126
41.4694
221.856
35.1236
5.47655
224.799
15.7468
114.849
5.40539
22.9952
73.7147
14.9861
5.11622
37.664
14.8072
6.29322
----------------
commit (avg): 1037.6
----------------
# Transaction throughput (KTPS)
LakeVilla	/LakeVilla/src/YCSB-C/workloads/workloada.spec	1	0.00084633
