parsing config file ./lvconfig22.conf
parsing done
# Loading records:	0
<<<<< redos: 0 >>>>>
----- read -----
3.7675
2.62147
2.39875
2.9121
2.67193
2.55751
2.55333
3.24672
2.9409
3.04544
2.85168
3.28453
2.71398
2.93863
4.06002
2.57968
2.36383
2.44293
2.57868
3.84233
2.43554
2.09859
2.943
3.03798
2.4552
2.54422
2.37848
3.19938
3.24756
4.25103
2.67288
2.21377
3.35179
2.38333
2.33615
2.30681
3.00196
2.96314
4.88544
2.49018
2.70751
2.48445
2.78108
2.8343
2.61284
2.80812
----------------
read (avg): 2.86515
----------------
----- update -----
23.6453
20.6627
52.505
12.0473
8.16342
48.0718
47.5804
6.51411
17.0559
9.10057
84.8116
10.551
13.0929
7.69081
39.3398
8.9625
17.0805
9.92558
7.71735
10.1688
9.2259
9.04219
15.0441
532.788
6.64655
649.832
7.09923
26.8142
22.6559
32.1851
10.5856
9.18617
7.8864
10.1558
6.85209
8.54224
9.62158
27.3014
48.6741
9.69073
23.095
42.1817
9.90072
46.3077
9.10383
7.31785
13.6211
296.96
8.22225
555.001
34.476
7.08449
9.51951
184.992
----------------
update (avg): 58.5611
----------------
----- init -----
58.5137
84.7923
70.7362
58.2963
59.1278
89.3066
56.6966
64.6086
69.9245
65.5094
72.0052
64.0202
61.6961
68.3574
62.9661
74.1268
101.327
71.6175
118.338
81.1874
66.9799
80.2071
72.2433
72.7277
76.7481
70.9413
75.0429
74.7002
80.8302
72.802
80.9279
84.3929
74.064
77.9743
70.4482
73.5365
74.0394
76.1822
71.7271
69.8984
68.9267
78.4986
74.7946
133.985
84.4125
94.6568
101.21
100.946
74.7595
73.3091
84.2291
81.3829
85.3715
78.6692
90.509
80.0967
81.8328
81.3397
87.3823
90.6863
96.2616
91.3547
134.668
90.0611
90.1671
95.5683
119.727
98.94
95.6849
92.0194
97.1802
91.6114
100.438
89.9754
219.521
98.6487
97.3179
132.886
103.545
112.685
96.2717
98.1814
93.6706
110.077
109.841
107.458
103.422
108.994
107.424
148.529
113.372
111.899
129.826
117.162
100.972
109.41
113.656
108.421
108.862
104.352
----------------
init (avg): 90.2663
----------------
----- commit -----
5.52293
202.048
929.232
195.367
5.59456
632.464
1381.4
162.837
6.13634
6.67409
1000.13
547.142
5.85094
7.18551
6.53122
6.03179
7.20897
6.79242
6.931
182.54
162.305
71.1726
5.24699
423.492
6.31453
7.39088
7.30215
99.0062
474.063
5.46654
10.0178
6.21758
276.522
5.23893
383.432
7.37981
212.32
33634.2
5099.34
357.413
5.41019
4.98669
19.3713
7.17089
5.46711
27.3691
25.9669
87.6363
5.77833
16.3235
54.3027
778.178
13541.6
272.973
5.36101
6.77522
264.044
552.584
815.31
559.476
155.331
6.82302
6.21488
6.85353
225.701
6.47849
5.31611
92.7368
6.10361
5.70765
1463.43
5.83801
5.83457
5.78061
519.802
286.851
6.65675
814.977
409.538
288.29
10.4753
106.127
5.62509
6.93152
6.56738
105.774
456.696
116.334
5.80826
162.919
47.6329
21.5889
5.83563
27306.6
1789.79
89.6898
5.59561
27.3276
85.5761
5.79072
----------------
commit (avg): 983.065
----------------
# Transaction throughput (KTPS)
LakeVilla	/LakeVilla/src/YCSB-C/workloads/workloada.spec	1	0.000884272
