parsing config file ./lvconfig20.conf
parsing done
# Loading records:	0
<<<<< redos: 0 >>>>>
----- read -----
3.70923
2.60119
2.96764
2.74853
2.48659
2.78754
2.95114
3.05621
2.37161
2.45487
2.29981
4.29062
2.7641
2.85932
2.84371
2.50708
2.66335
160.021
2.16833
3.03246
2.27298
2.38863
2.44721
3.07027
3.25915
2.67453
2.78145
3.21102
2.60487
3.44718
2.53153
2.331
2.70595
2.18908
2.92057
2.35091
3.25473
3.06524
2.57209
2.47053
2.54736
2.70476
3.31212
2.57835
3.09328
2.65629
----------------
read (avg): 6.1962
----------------
----- update -----
8.32687
10.7783
8.15336
14.1763
47.2075
9.06807
7.44366
8.78336
9.40029
7.72911
12.5707
27.3124
8.92953
7.00057
7.29937
55.4481
7.78688
138.081
62.9401
7.33273
8.48466
69.3656
53.2083
48.7983
9.82728
7.94338
9.42211
192.502
7.69675
9.18065
9.33536
380.723
7.92131
23.9532
10.4997
7.76598
9.94944
57.9903
8.29748
58.3791
10.0479
7.70431
9.01369
20.7851
9.37403
475.839
25.0791
9.24648
16.2171
7.29054
10.55
8.77613
8.43184
9.23446
----------------
update (avg): 38.6037
----------------
----- init -----
53.111
66.1537
65.4029
67.0786
60.1456
56.4232
56.9207
57.7707
66.2515
69.4263
62.2819
62.9523
67.2768
62.257
66.0714
71.9456
68.4188
66.8284
75.2718
72.1649
73.687
69.6809
75.7427
69.5719
64.2407
70.4032
65.2464
66.2026
25640.6
65.8162
70.7342
121.358
68.9365
63.3474
66.1454
72.1974
68.9492
74.6028
80.2175
71.5274
74.229
72.2459
73.7049
75.6732
72.5181
73.5849
82.0622
78.7639
77.2112
85.5071
88.6823
89.233
81.9351
90.0533
85.0294
93.2804
94.3683
92.6981
86.1487
92.9204
90.8822
95.7664
92.0204
95.7824
95.5839
92.8965
90.5789
106.545
88.3561
95.305
106.66
102.834
94.709
101.256
125.61
97.8109
99.6294
96.2602
98.0189
100.843
109.582
106.45
109.876
115.46
138.587
113.436
167.873
101.232
101.669
106.652
108.125
103.302
105.666
99.8052
110.014
110.864
111.561
117.592
111.662
107.75
----------------
init (avg): 341.977
----------------
----- commit -----
6.2592
164.68
117.713
955.224
5.50861
1829.74
666.488
388.979
6.32432
5.6183
1398.6
1337.99
6.21689
6.26378
5.88342
5.55246
5.54759
5.85419
5.68536
486.194
105.453
263.823
5.80719
1361.33
5.80997
5.75474
5.48696
4068.17
3775.88
5.09705
5.08805
5.73961
4262.98
5.38426
434.382
7.46741
17.8385
18.3428
788.957
15.1422
5.40834
5.34752
402.732
5.50995
5.13578
99.925
15142.6
310.019
6.34758
411.914
58.6409
62.6784
507.272
208.461
5.74337
6.11239
55.0724
262.847
504.419
323.34
176.883
5.3959
5.69769
7.61655
103.417
5.80844
6.88055
345.281
5.74876
10.0873
152.743
5.78701
5.6295
6.1195
555.025
1145.54
6.79524
178.715
232.42
116.135
6.45471
1090.16
5.83621
5.71019
7.91561
178.717
17.702
26488.2
5.84499
79.87
772.218
484.742
5.19457
176.864
920.687
167.293
5.6321
18.4162
196.976
5.50059
----------------
commit (avg): 746.814
----------------
# Transaction throughput (KTPS)
LakeVilla	/LakeVilla/src/YCSB-C/workloads/workloada.spec	1	0.000880097
