parsing config file ./lvconfig28.conf
parsing done
# Loading records:	0
<<<<< redos: 0 >>>>>
----- read -----
3.94376
3.08262
2.67307
2.29244
2.24323
2.21148
2.59075
2.64876
2.6365
2.74878
2.5415
2.53776
2.34176
3.34057
2.49234
2.62083
3.13882
2.31261
2.42537
160.509
2.54017
2.66521
2.76757
2.52739
2.49028
2.12408
2.15107
2.76255
2.42743
2.98906
2.44501
2.36911
2.63525
2.45816
2.53457
2.37986
3.20389
3.05493
2.78071
2.65574
2.88775
2.9184
3.22849
3.36145
3.13989
2.75299
----------------
read (avg): 6.12136
----------------
----- update -----
9.43888
8.42871
714.05
33.6121
42.435
9.20792
22.5996
8.57573
7.5718
8.99121
75.3156
28.3351
204.4
7.62784
40.506
51.9286
13.2318
7.22326
57.8505
7.6118
6.95537
7.98044
7.04739
17.5364
9.71088
8.44561
10.0522
716.875
7.13519
620.158
24.2998
25.7091
8.04099
10.9981
7.6071
32.4905
10.3322
7.7135
7.66278
9.07418
9.72101
51.1846
52.201
47.7647
9.32516
418.462
26.9814
130.3
49.2786
411.075
8.85519
9.80922
34.1699
10.3256
----------------
update (avg): 77.4856
----------------
----- init -----
52.7638
52.4289
50.2554
53.7202
59.1534
64.9353
61.6196
66.8187
58.8114
67.9091
63.1615
61.3293
64.8196
63.0293
70.8767
64.7116
74.9674
66.9056
74.0262
98.1866
64.4781
63.5679
70.2436
79.0083
67.8363
76.1117
71.9863
118.559
73.5747
77.5642
76.2554
78.5164
104.72
77.3798
74.9452
239.897
117.156
69.3386
81.6704
73.9384
72.2295
74.6929
73.1919
69.5992
77.2443
73.8428
83.5604
70.575
80.459
80.0386
88.4787
88.4985
95.5086
85.418
78.3994
78.5976
86.3555
78.1458
81.8043
92.8115
95.6794
94.4576
92.579
92.9834
99.0838
95.0944
92.3899
91.3594
87.8027
94.6834
99.011
100.536
93.692
96.4093
99.1446
98.7186
93.4655
136.362
99.2712
94.1251
91.8169
93.3785
105.144
135.39
109.216
147.64
108.173
107.85
111.462
114.117
109.983
112.249
113.665
117.318
111.005
112.34
103.079
115.548
114.921
109.035
----------------
init (avg): 88.4681
----------------
----- commit -----
5.59523
17.7319
96.7139
1629.42
7.09266
626.553
136.113
890.782
6.03366
9.93031
472.414
236.138
7.69297
7.10886
5.87113
8.17674
5.62121
5.28609
7.15867
382.145
109.972
224.254
5.76349
22.4176
7.72081
6.17286
5.94627
534.788
789.96
6.93517
6.5706
7.13115
376.894
5.11083
18.9943
6.59371
19.0898
4569.26
29224.3
2974.81
5.30606
6.89472
85.4093
4.84986
5.99785
490.526
895.435
573.394
7.08395
18.355
19.287
21.4412
16.1033
14.7195
5.17366
4.94646
14623.2
954.009
855.637
118.696
86.2955
4.92962
5.96087
6.16669
595.139
4.88783
6.1147
216.517
5.73805
8.74517
42.0441
7.51265
7.30337
6.38764
637.187
688.194
5.70236
689.878
1371.8
915.241
12.7789
96.4639
6.33801
5.64689
5.89679
77.0002
59.5597
360.416
6.70889
137.587
169.472
17.7669
5.56428
26192.7
307.31
153.888
5.84215
466.438
738.053
7.15616
----------------
commit (avg): 963.57
----------------
# Transaction throughput (KTPS)
LakeVilla	/LakeVilla/src/YCSB-C/workloads/workloada.spec	1	0.000896872
