parsing config file ./lvconfig29.conf
parsing done
# Loading records:	0
<<<<< redos: 0 >>>>>
----- read -----
4.0906
2.70239
2.41706
2.61679
2.54568
2.25962
2.2137
2.52699
3.23721
3.73994
2.35238
2.49569
2.74553
3.07582
2.83392
2.50844
2.4571
2.80005
2.74301
2.99181
2.28097
2.3539
3.78245
2.34523
2.9123
2.88659
2.57207
2.42335
2.50223
2.35674
3.27159
3.09472
2.26391
2.77494
2.58616
2.18269
2.24096
3.01215
2.34737
2.38558
3.77025
2.32363
2.71047
2.58435
2.60749
2.94084
----------------
read (avg): 2.71449
----------------
----- update -----
12.4858
8.35378
424.383
7.91156
7.85613
9.60051
48.2539
8.72463
44.848
9.10412
163.415
6.59689
28.7118
53.9321
8.22992
8.32503
11.1466
74.4929
7.66533
33.4863
8.59027
9.17014
765.794
39.6354
40.2854
7.99926
7.43121
10.7738
9.40707
7.2702
11.2939
8.01605
54.028
9.39393
33.9969
10.8671
29.4198
7.19086
27.9875
9.575
8.2089
24.4364
25.4006
9.36811
11.1288
10.0377
17.3131
8.50178
7.59279
10.0312
36.4529
11.4893
7.23201
13.5936
----------------
update (avg): 42.3414
----------------
----- init -----
50.9747
81.7991
66.8835
69.393
69.7786
60.1009
58.3737
61.1291
70.6167
61.1179
67.9766
57.7846
56.468
57.4314
63.9163
71.4059
67.5994
70.3346
70.563
69.3005
64.6066
67.5922
66.317
72.5324
66.5766
79.3888
71.601
77.9522
72.375
71.8255
89.8196
77.0004
75.2294
76.1079
75.8657
72.1312
105.676
76.3677
71.8621
78.7595
79.3709
73.8502
75.9804
73.9261
76.3014
72.5454
75.4182
79.0086
73.3963
78.4848
79.2328
87.2536
87.2146
86.9717
87.7471
81.582
93.9841
86.9214
93.5501
91.9287
86.1135
95.3125
91.7702
92.5481
111.547
91.7198
90.1226
106.554
97.4416
98.7116
96.3264
90.6788
96.7604
91.0766
96.0257
101.476
96.187
103.961
102.955
105.677
101.351
104.772
107.132
103.726
101.97
109.46
113.547
105.494
158.411
145.275
155.483
103.907
98.4654
138.249
103.845
110.117
111.066
102.962
102.935
107.742
----------------
init (avg): 86.7608
----------------
----- commit -----
5.99271
57.2459
67.165
297.073
5.56489
1110.74
166.389
71.9389
9.89285
6.76253
128.652
73.4424
6.36043
5.74952
6.99471
5.75361
7.30128
6.74418
5.2515
116.736
472.905
1273.33
9.95602
379.437
6.00549
7.76253
9.63225
1594.33
95.6092
6.28564
6.43009
7.33815
563.342
7.51576
195.777
9.48984
385.013
207.528
4368.34
29133.2
5.35906
5.95229
84.4409
6.53563
4.84605
1554.46
957.665
3490.4
8.54837
340.055
13996.1
1075.99
389.896
342.765
7.79917
5.23031
156.027
804.125
534.913
192.352
213.744
6.66355
5.81542
5.71303
425.976
5.5938
5.73709
595.258
5.8578
5.32816
269.474
5.62324
5.87703
5.2881
284.311
474.751
5.81529
596.342
1421.52
31.1774
5.77732
26.2498
6.33875
7.15909
5.64208
172.033
389.416
289.871
5.45696
138.784
25828.5
179.308
5.4681
2184.15
716.858
217.914
5.73544
87.4392
38.6389
6.45575
----------------
commit (avg): 995.574
----------------
# Transaction throughput (KTPS)
LakeVilla	/LakeVilla/src/YCSB-C/workloads/workloada.spec	1	0.000887414
