parsing config file ./lvconfig18.conf
parsing done
# Loading records:	0
<<<<< redos: 0 >>>>>
----- read -----
3.85724
2.74982
2.75641
3.05745
2.33083
2.41626
2.20143
2.60257
2.54479
2.69377
2.88842
3.07834
2.45547
3.69784
2.5064
3.39628
2.58944
2.43669
9.13271
2.5398
2.30951
2.26621
3.37726
3.03645
2.45748
2.96073
2.56572
2.88614
2.5944
3.20262
2.95439
2.38062
2.99153
2.8861
2.9343
2.74738
2.66773
3.27396
2.77017
2.43403
5.18482
2.71109
3.57558
2.32251
2.30434
2.65324
----------------
read (avg): 2.96479
----------------
----- update -----
36.6249
8.54392
26.417
7.32474
8.10141
8.88673
326.602
26.0158
7.31875
10.8904
491.903
8.21708
42.0886
28.1768
25576.9
7.15831
9.41053
293.047
7.17548
1583.61
6.80692
35.6531
7.6806
11.714
47.5584
9.3256
61.448
34.1377
9.86572
9.18779
8.04947
10.0588
140.934
7.74459
49.9229
15.2231
7.45274
47.207
9.3326
18.7375
12.977
11.9956
10.5217
140.868
7.12644
9.80061
26.9319
9.99897
49.7134
24.6245
10.0491
8.20523
9.05392
252.421
----------------
update (avg): 549.014
----------------
----- init -----
91.788
98.3002
65.8884
62.7872
58.451
65.3282
59.928
59.9539
61.5413
67.6281
61.1154
61.031
67.3149
58.2396
68.7197
63.0484
70.8334
68.0156
96.219
72.1236
82.1591
70.938
77.9999
71.7132
70.5572
76.7358
79.2127
74.612
78.4501
70.9134
74.6039
66.2236
70.3429
74.6446
70.7751
72.8668
68.282
74.9621
70.8876
76.2195
68.9327
73.486
72.3286
89.746
78.2096
85.2643
86.4446
87.7927
88.7673
95.2518
87.4035
88.1063
90.9271
90.0451
84.8881
89.2715
84.042
85.6824
89.4549
92.9073
93.1743
93.3897
145.823
92.7537
101.229
88.2639
95.7905
91.8565
92.2263
95.3497
101.901
100.921
95.7848
104.9
151.754
101.027
97.5332
108.139
99.3152
108.593
109.471
169.052
96.006
111.274
108.467
106.237
102.894
111.039
111.009
93.9119
99.449
103.473
106.97
107.957
109.597
105.49
109.692
103.922
106.947
154.332
----------------
init (avg): 88.4722
----------------
----- commit -----
6.50271
127.387
206.186
351.839
6.28748
592.091
109.167
131.472
6.15453
5.58663
137.189
1287.58
5.1779
5.10855
5.6388
5.07782
9.48752
6.19901
7.56484
82.1138
117.56
874.586
6.32998
1285.84
5.76817
6.2098
5.52217
387.143
6532.83
5.47002
6.68646
5.5826
6286.46
9.59984
382.071
5.131
27.3709
1230.21
313.175
108.266
5.21174
4.93618
15957.2
5.803
5.79217
505.744
384.637
57.347
5.40094
288.212
194.532
48.299
957.184
171.498
6.17098
5.98911
472.572
118.027
295.638
169.053
1342.84
7.39096
5.45869
6.74216
99.5404
5.93906
6.39674
1044.92
6.14828
6.00286
51.2567
5.9024
5.5335
8.38342
110.428
582.679
5.81815
181.743
89.0104
57.8147
6.2662
38.5346
5.57339
6.85446
5.81763
26181
316.226
297.249
5.95106
260.933
826.437
745.347
5.45051
83.4661
164.11
87.8506
5.93621
231.091
30.1405
6.58045
----------------
commit (avg): 732.956
----------------
# Transaction throughput (KTPS)
LakeVilla	/LakeVilla/src/YCSB-C/workloads/workloada.spec	1	0.000876547
