parsing config file ./lvconfig23.conf
parsing done
# Loading records:	0
<<<<< redos: 0 >>>>>
----- read -----
3.85136
2.92633
2.35143
3.1252
2.91697
2.9924
2.54034
2.283
2.76253
3.19846
2.58089
2.78462
2.40772
2.94273
2.36448
2.66579
2.95522
3.97951
3.36384
2.52536
3.96562
2.58455
3.18825
2.30041
2.78884
2.25056
3.03459
2.55641
2.79524
2.60759
2.96983
3.09725
2.95356
2.88809
3.23842
25573.3
2.42974
2.41628
2.93907
2.09776
2.65379
2.40557
2.44753
2.37896
2.79619
2.76995
----------------
read (avg): 558.682
----------------
----- update -----
7.28433
12.6741
10.275
125.144
35.3016
20.4599
9.42804
7.58439
14.3092
8.5405
8.22205
43.7487
13.5147
97.9092
38.6304
11.0815
6.67879
9.89208
8.19214
9.47372
7.43042
7.3591
7.15592
49.2175
7.60098
16.498
9.48024
8.98198
13.7842
7.63863
8.90773
13.8961
12.933
9.82038
10.6361
8.87086
48.5675
8.31663
8.40303
32.8162
11.3823
7.93684
9.58875
8.57615
56.1502
9.09381
361.718
33.124
470.48
7.57522
587.94
8.92922
636.175
26.2396
----------------
update (avg): 56.1402
----------------
----- init -----
82.3392
60.4768
63.9245
57.2162
59.3887
62.7165
64.5824
55.5884
59.4058
58.1787
70.5488
70.0201
67.434
74.251
92.3205
74.7373
68.7511
75.7953
71.9898
69.9025
67.5177
74.4851
66.5253
111.066
69.2759
67.6466
68.6813
71.1113
229.146
72.1007
76.3039
66.8306
76.0222
80.6247
97.5058
68.623
70.0705
71.9559
77.145
76.4411
91.0197
70.5325
84.8328
74.5295
72.7259
82.2276
79.5656
89.5582
82.1889
76.1954
90.1148
80.4596
89.7441
82.0359
89.5072
89.7211
88.6144
85.5608
82.0059
94.3279
97.2908
95.5366
84.8973
92.1084
129.375
89.6471
98.7491
103.077
98.5924
104.165
108.543
101.503
256.846
93.9787
95.6443
85.671
94.0809
103.534
107.472
93.0931
158.598
100.112
103.917
93.3049
100.13
144.586
101.391
105.408
102.824
109.414
103.566
101.905
92.6886
95.1047
95.917
107.057
97.9205
103.284
103.409
99.0941
----------------
init (avg): 89.4755
----------------
----- commit -----
8.23294
189.297
314.507
359.124
5.74385
529.031
658.962
393.471
5.79168
6.90306
2430.08
587.879
6.19924
7.11245
6.29734
6.06543
6.10557
5.34171
6.78986
197.268
1562.11
153.636
5.96523
261.257
5.74122
5.64003
5.5024
52.9289
57.1038
7.52121
8.38233
5.66123
536.904
11.3859
1620.95
5.07979
31136.3
812.079
760.972
1066.07
6.33073
5.39965
2024.83
5.21181
5.85539
2204.5
104.295
14519.7
5.18604
2968.58
143.375
767.652
883.139
552.876
5.91348
6.52917
142.738
862.977
276.029
159.902
2346.29
6.12894
7.99792
6.91955
945.728
5.8018
5.51846
139.098
6.77247
6.346
32.9876
8.61958
8.94242
5.98254
382.999
1060.64
5.81617
53.1637
615.5
587.292
6.24277
368.47
5.31667
9.01539
6.99688
170.468
17.6002
236.983
5.57331
273.392
18.8957
84.1615
5.34065
25.0044
23.4686
15.6739
5.87199
58.2433
15.9826
5.03739
----------------
commit (avg): 770.587
----------------
# Transaction throughput (KTPS)
LakeVilla	/LakeVilla/src/YCSB-C/workloads/workloada.spec	1	0.000853234
