parsing config file ./lvconfig17.conf
parsing done
# Loading records:	0
<<<<< redos: 0 >>>>>
----- read -----
3.98562
2.34757
2.58595
2.47418
2.58456
2.75448
2.82213
2.8695
3.38761
2.52408
2.47403
2.59433
2.47895
2.96615
3.11363
2.19568
2.79481
2.60534
2.51695
2.91715
2.67435
2.34949
2.57877
2.68451
2.25325
2.55381
2.39947
2.45836
3.27905
2.57925
3.01742
2.40175
2.8518
4.84893
2.71678
2.762
3.1368
2.53461
2.48126
2.28333
2.57184
2.53575
3.03271
2.78208
2.6101
2.24241
----------------
read (avg): 2.73071
----------------
----- update -----
7.39271
8.62804
32.5177
37.2636
7.56499
18.1768
9.08917
11.1879
47.9249
10.4384
52.8011
23.5634
143.145
8.14002
365.717
7.58009
9.32402
7.37563
28.062
7.3177
10.3932
7.45997
8.39225
9.96338
8.81258
239.813
10.3797
8.15491
10.3608
454.085
35.7962
46.0916
10.2267
15.0671
9.9315
44.5044
31.3351
8.07066
45.8822
8.83632
7.18484
9.34167
293.362
6.94318
8.02691
40.4046
8.56276
8.9084
359.822
7.29426
562.63
6.97355
528.499
7.72189
----------------
update (avg): 68.9341
----------------
----- init -----
109.077
54.4798
60.7959
60.0245
55.2825
56.3968
62.8011
62.6557
63.0637
113.764
67.509
67.5775
60.9604
75.7471
69.67
75.1643
68.3036
70.0922
76.648
75.866
74.2996
76.814
68.8495
72.4018
73.1833
72.0825
75.4876
69.9786
74.2615
68.5536
123.741
67.6125
73.548
80.3727
73.7637
80.2621
74.9434
69.2094
69.2975
69.1182
81.1581
75.3023
83.4094
76.8888
86.3815
81.2865
76.544
82.2442
82.6435
77.8418
85.2184
90.9821
91.1305
88.178
91.4921
80.9315
91.5796
91.6302
92.8652
94.0629
88.7175
86.5112
86.9098
94.2161
94.439
97.6154
99.2983
152.043
101.435
95.3847
115.741
101.252
252.184
103.461
108.082
99.6407
89.8348
91.5425
103.655
96.6968
96.7313
102.771
107.324
95.1242
105.592
96.0858
101.404
102.989
103.087
158.174
111.128
110.302
110.061
103.07
104.145
135.484
108.83
114.958
106.776
113.928
----------------
init (avg): 89.6206
----------------
----- commit -----
6.66432
37.3193
216.204
1443.98
7.64142
630.097
574.524
1769.16
6.95806
7.47554
63.91
1495.7
8.0628
5.793
6.16844
5.82334
5.91328
5.94467
5.34641
177.356
114.681
216.771
8.43576
145.732
5.79705
6.0348
7.08334
1146.46
33769.2
5.53822
5.62037
5.50508
434.857
5.71634
162.438
5.06728
3673.66
2189.46
14591.7
869.471
5.69147
5.79164
635.848
7.23055
11.116
565.492
1027.84
88.1538
5.23565
228.443
1195.94
607.611
142.882
20.4443
5.92739
6.33281
48.8966
968.768
211.76
537.879
345.105
8.26299
7.80719
5.67595
331.432
6.60693
5.78739
608.959
5.79334
6.92641
147.391
5.50449
6.18617
6.63708
25638.3
60.8759
4.8372
649.171
43.8106
93.107
5.52983
204.8
5.51871
5.52522
6.11634
676.133
1137.69
161.001
5.88057
53.8864
208.996
87.5071
5.70013
18.7187
23.9992
70.7797
5.72622
94.0441
40.4255
6.10578
----------------
commit (avg): 1009.89
----------------
# Transaction throughput (KTPS)
LakeVilla	/LakeVilla/src/YCSB-C/workloads/workloada.spec	1	0.000860129
