parsing config file ./lvconfig14.conf
parsing done
# Loading records:	0
<<<<< redos: 0 >>>>>
----- read -----
3.8928
3.16716
2.18452
2.73257
2.40956
2.5764
2.60708
2.20364
2.14024
4.6803
2.69625
6.75744
2.85238
3.24481
5.20038
2.30167
2.45001
2.78425
2.5924
2.23824
2.86948
2.66831
2.19672
2.29255
2.43365
3.00726
2.94802
2.4988
2.80926
2.5357
2.64326
2.56475
3.28315
2.48943
2.67684
3.89291
2.40252
2.52329
3.01561
3.2015
2.72148
3.02455
2.82253
2.45495
2.43732
2.38671
----------------
read (avg): 2.88071
----------------
----- update -----
7.59801
9.48362
123.716
21.9969
457.017
7.51345
19.0914
7.75845
8.34703
9.41031
34.4208
9.27833
11.6802
7.74058
7.54205
7.42835
7.09901
24.8574
31.2911
774.955
7.91609
340.471
6.6793
8.375
100.455
16.4353
766.477
6.79682
753.188
7.73001
8.36495
17.7154
189.756
7.58487
14.2712
8.84019
38.9762
7.48821
9.35358
45.5017
9.42479
227.169
38.9121
9.28629
8.91318
7.86682
9.63825
52.42
9.95082
19.191
11.1174
523.988
32.9729
7.04611
----------------
update (avg): 91.0833
----------------
----- init -----
67.1584
55.9133
52.3461
61.9326
63.9296
61.512
59.1179
59.4502
62.6965
57.4386
60.7333
67.8264
60.807
65.3819
65.6953
121.277
66.9025
65.4588
72.8065
80.6212
72.1463
76.411
73.9526
69.1099
69.1527
75.0435
81.7885
73.2357
76.8929
76.402
73.3166
77.9984
77.004
76.7427
68.9657
70.2772
77.1785
78.577
78.4244
236.858
70.4813
90.021
80.5595
70.6376
72.0162
74.2576
74.5209
70.5749
72.0734
69.0479
72.4534
73.9145
75.0042
80.2941
80.4275
79.0977
91.349
91.5994
80.3183
88.7449
91.0637
89.7157
148.181
98.1227
97.344
86.9674
92.2835
90.0435
96.6733
92.8243
107.54
96.1624
103.393
95.3338
97.0863
91.0558
101.464
92.3007
92.3545
90.39
101.916
101.037
106.402
144.632
160.148
108.11
97.1703
107.644
110.691
106.381
109.705
115.339
131.119
116.833
115.406
112.201
97.338
176.51
110.915
110.107
----------------
init (avg): 88.3578
----------------
----- commit -----
5.28031
54.1221
293.753
283.835
6.58281
42.5917
774.85
399.757
5.37909
6.74501
1435.52
382.281
5.46462
5.51995
6.18285
5.21723
6.07127
8.47331
6.16974
367.702
548.698
149.374
5.53266
212.165
6.12832
6.07558
6.7079
1741.59
59.5031
8.47053
5.36976
5.43768
1096.08
5.10686
37109.8
5.23224
365.043
3086.15
627.841
88.9163
5.08296
6.94722
19.3825
5.1309
4.88919
9562.23
13.2093
13.6925
5.12973
61.506
13.4146
67.9102
13.6128
183.385
5.28899
5.73287
525.607
281.984
256.132
802.725
723.092
5.92245
7.209
5.60704
107.441
5.39628
4.92861
185.258
6.1585
5.8158
666.832
5.50541
6.06721
6.08493
37.464
683.472
5.63917
317.944
62.7655
1041.18
5.4608
634.358
7.12295
6.16408
8.78335
61.4562
440.141
99.0437
8.045
782.969
44.8184
179.08
6.76268
103.939
17.2055
27136.8
5.4182
706.886
81.57
5.59785
----------------
commit (avg): 953.251
----------------
# Transaction throughput (KTPS)
LakeVilla	/LakeVilla/src/YCSB-C/workloads/workloada.spec	1	0.000897928
