parsing config file ./lvconfig2.conf
parsing done
# Loading records:	0
<<<<< redos: 0 >>>>>
----- read -----
3.84628
3.15547
2.61789
2.29581
2.96133
2.73838
2.75428
5.5246
2.10598
2.71899
3.57187
2.35819
2.78516
2.29592
2.55675
2.89551
2.77526
2.54248
2.66272
3.50102
2.58928
2.74092
2.68479
2.82657
3.56234
2.80816
3.01466
2.68941
2.93642
3.30265
2.83916
2.91196
2.51603
2.43024
2.88719
2.37696
2.92961
2.40399
2.31265
2.87119
3.07252
2.81401
2.75743
2.33384
2.80152
2.5204
----------------
read (avg): 2.83908
----------------
----- update -----
48.9665
8.69025
614.51
20.1549
7.39203
13.3209
8.07891
47.1133
9.01867
12.1446
7.37691
12.3337
44.1532
9.87979
8.08753
9.727
33.0803
7.92321
20.0853
8.12132
30.1506
7.30754
8.13154
40.7175
9.21267
7.00716
8.54247
7.03797
22.631
50.0271
10.5574
12.7579
11.804
10.5982
7.60216
9.29026
7.76469
9.19701
7.60091
47.0358
9.65728
8.9961
10.0595
53.4798
9.40313
8.49144
10.9179
27.2346
10.1139
8.31565
10.3061
7.24668
7.78098
56.1349
----------------
update (avg): 28.0235
----------------
----- init -----
54.9314
56.2104
52.9072
55.0849
76.9935
59.4739
58.8994
61.1829
63.093
55.744
60.1329
62.6156
57.8325
66.3662
63.8331
70.0095
65.4703
68.0489
74.7831
81.1207
67.266
72.0462
69.6662
72.8251
70.6927
68.3288
71.4337
81.1451
69.2464
72.0477
99.7828
74.9047
81.2187
76.1797
106.725
75.3901
79.1831
72.8807
68.4333
71.1115
70.6851
76.0681
81.3249
76.2619
82.578
111.244
73.8798
82.0898
90.0274
97.0118
81.4525
76.2957
87.0927
79.6141
89.3944
81.8212
193.616
88.8351
93.8749
88.9088
89.2213
86.098
118.948
94.3854
94.3291
93.0428
93.3715
111.032
97.1849
91.8903
97.5828
97.0051
98.1398
108.133
98.6267
89.0635
95.9896
109.56
97.1825
101.082
102.431
102.948
96.2445
105.145
134.25
102.166
102.698
112.912
110.053
103.248
104.071
107.682
115.658
115.348
117.443
97.2988
103.708
110.239
117.24
101.039
----------------
init (avg): 87.1101
----------------
----- commit -----
5.58719
72.8958
62.3549
676.283
5.6823
467.627
302.049
699.497
6.31149
5.35142
471.688
190.572
5.71607
5.698
5.10555
6.17865
5.2652
5.81754
6.09067
825.595
24.0279
202.315
5.23285
213.786
7.11575
7.70823
6.02325
912.984
812.886
5.91447
5.40648
5.89348
330.655
6.66994
237.698
6.14639
1271.52
2247.92
1679.85
30116.6
5.69374
4.94571
447.373
6.2916
5.66467
51.3485
1309.92
924.262
6.19947
807.337
249.744
1675.77
1539.81
14141.2
6.76931
7.09406
237.677
730.904
414.989
105.261
223.777
6.2277
5.74163
8.17256
331.757
5.79195
5.84055
103.776
5.67036
5.54923
349.32
7.04615
6.85848
5.35231
1659.73
18.3979
5.4721
618.627
328.158
492.773
6.04806
319.491
7.32024
7.86967
5.97529
81.5783
227.036
235.131
8.74702
317.717
421.809
176.861
6.35817
98.3974
26436.9
275.246
6.05064
546.306
552.987
5.90683
----------------
commit (avg): 985.537
----------------
# Transaction throughput (KTPS)
LakeVilla	/LakeVilla/src/YCSB-C/workloads/workloada.spec	1	0.000902757
