parsing config file ./lvconfig4.conf
parsing done
# Loading records:	0
<<<<< redos: 0 >>>>>
----- read -----
3.87765
2.71879
3.22931
2.84669
2.32585
2.57086
2.31054
3.13709
2.59635
2.70642
4.2692
2.85985
2.94741
3.29685
3.3006
2.67238
2.83398
3.35869
2.65696
2.23076
2.63065
3.11165
2.73947
3.61967
2.411
2.62566
2.56643
2.67611
3.81647
2.60831
2.58609
2.69705
2.20393
2.77191
2.76483
2.78151
2.21185
2.17163
2.75726
2.51368
2.46062
2.10231
2.85129
2.77028
2.32877
2.75107
----------------
read (avg): 2.7886
----------------
----- update -----
11.1243
7.74879
7.29392
9.32644
32.2288
13.5923
12.1752
9.12632
9.27906
10.9871
7.62163
8.01708
10.435
9.30999
70.3531
7.7519
259.844
7.09474
8.63692
44.9917
40.7182
8.85615
6.39474
8.38937
792.033
7.31846
28.4998
39.4013
746.57
6.70394
7.95241
735.827
6.33324
806.295
7.52232
24.8203
8.12872
49.4301
8.369
519.654
6.7178
773.467
29.1562
297.609
9.46451
14.1044
165.69
13.0706
8.73556
6.88751
9.04914
7.81627
9.34712
9.0691
----------------
update (avg): 106.969
----------------
----- init -----
65.6333
61.3993
57.4849
56.8423
63.4572
65.7629
59.5032
55.68
62.3359
104.417
81.2598
64.9363
65.0334
65.774
70.9891
85.6056
71.4134
77.8057
72.4923
79.2862
75.83
69.6382
66.4019
68.6407
76.8021
74.4583
70.266
110.669
69.5698
77.4788
72.8444
73.3058
103.116
77.2277
118.468
70.7282
69.9351
68.1401
68.8223
78.1821
73.4022
75.0809
75.6928
83.5499
90.9966
92.8355
71.1995
71.4558
77.2118
79.0626
76.2317
86.1799
86.2792
73.7681
77.9074
82.9734
1651.25
77.808
76.5821
77.1688
79.1675
77.3245
77.7121
78.5808
81.3527
86.7552
87.0862
80.9176
81.4353
3253.68
86.7695
79.309
81.3323
83.2565
89.8844
87.8078
83.7125
84.5543
87.1431
84.517
91.4566
86.6735
85.905
88.4487
90.5666
88.4453
102.737
107.852
108.803
105.524
98.8482
111.398
108.65
109.83
105.551
99.4846
108.588
117.83
111.685
113.737
----------------
init (avg): 129.786
----------------
----- commit -----
7.56318
1264.31
578.521
326.069
5.99679
1485.11
41.7828
489.487
6.34492
8.13724
297.889
770.075
7.2579
5.32219
7.31427
5.88923
5.92259
5.36358
7.66597
162.335
1367.5
327.571
5.65166
450.325
6.33657
7.44632
7.5917
355.06
14.3927
5.49409
5.61744
6.56192
80.3022
7.88093
296.938
5.37563
1579.51
92.0996
31092
1527.54
6.11714
7.54239
2328.3
5.52442
6.67262
523.388
620.789
31.4419
5.07849
19.4367
21.8639
31.8865
22.9023
1204.9
5.37422
5.13578
18.7717
43.2142
16.9638
13.7601
53.9748
4.93036
6.35446
4.67951
1589.98
5.48211
5.4649
18.6671
4.99385
4.85561
18.3176
4.89962
5.20217
4.74772
18.7385
14.2742
5.07293
34.5363
14.404
95.6198
5.13416
15.6022
5.00304
5.17477
4.95766
914.271
131.803
329.811
6.93242
295.411
1285.55
211.591
5.40959
213.29
604.997
395.335
6.21095
779.181
776.292
6.80633
----------------
commit (avg): 555.826
----------------
# Transaction throughput (KTPS)
LakeVilla	/LakeVilla/src/YCSB-C/workloads/workloada.spec	1	0.00130501
