parsing config file ./lvconfig11.conf
parsing done
# Loading records:	0
<<<<< redos: 0 >>>>>
----- read -----
3.78189
2.59102
2.90983
2.40972
2.34137
2.09429
2.59262
2.98328
2.38794
3.32888
2.25853
2.5785
2.76832
2.47984
2.78565
2.28062
2.89882
2.3254
2.61037
2.24773
2.22482
2.95735
2.66773
2.51537
2.43576
2.88788
2.91505
2.31702
2.93748
2.43045
3.22858
3.08324
2.62793
4.45287
2.59358
2.54215
2.36722
2.24759
2.73464
2.47362
2.65281
2.77758
2.51335
2.43043
2.57851
3.75348
----------------
read (avg): 2.69568
----------------
----- update -----
11.2771
20.5805
8.08975
43.5006
13.7656
8.71811
9.84857
10.1741
7.28484
47.7452
9.69625
20.4862
7.92077
50.675
8.56175
7.87885
9.39465
48.1809
30.9921
8.0086
9.67776
7.4007
30.6625
9.70419
8.38559
9.33835
15.0058
10.5425
22.9914
34.1834
9.92032
54.9821
10.1572
24.7916
9.65878
51.9704
25.1949
7.43093
9.32844
327.806
22.8093
155.067
14.703
8.08285
33.988
10.0292
9.4492
9.03975
310.815
7.37002
480.759
44.6417
455.728
48.7703
----------------
update (avg): 49.6882
----------------
----- init -----
64.77
54.9072
54.7451
61.973
61.6171
102.722
57.9158
55.6576
64.8503
58.607
68.7347
63.8059
71.2644
61.5152
76.1645
66.5154
118.92
68.6838
70.8689
79.1619
70.2086
72.8256
62.9873
62.5999
63.126
72.9586
69.6523
66.941
74.6034
64.8854
77.6223
69.604
72.1056
65.7434
65.3558
74.9255
71.8533
74.882
74.316
74.9517
70.9742
87.069
86.4823
82.2973
84.2724
88.3413
88.2518
87.2073
81.0254
87.2648
88.0662
88.1275
89.1118
90.1665
89.865
82.8215
94.6564
83.872
84.5449
93.2971
89.0759
91.7241
97.9044
126.758
105.95
96.1583
98.8061
137.394
98.1157
100.812
104.141
90.9858
92.3379
98.8673
94.6329
92.0656
83.4416
91.2347
94.4891
94.9767
102.931
96.8145
95.4162
103.195
96.0338
149.231
98.5647
106.734
107.637
100.765
98.4129
100.817
109.552
108.49
102.599
97.0706
101.262
106.893
99.7466
105.207
----------------
init (avg): 85.8051
----------------
----- commit -----
5.33364
84.928
978.062
828.116
7.97575
208.475
852.137
821.686
6.85413
5.24043
232.498
2473.16
6.28525
6.05424
6.78482
9.68702
8.06381
5.8643
6.37612
1022.73
80.5166
4115.08
6.009
1602.58
8.85064
7.62942
25586.8
3641.67
1409.79
5.5006
5.86449
5.53837
3127.29
5.19622
214.81
5.24915
3401.06
14013.5
1098.23
74.113
8.41717
6.33152
717.962
11.3645
5.62573
380.373
579.507
291.72
5.51444
128.455
618.756
118.667
580.78
462.79
5.68623
5.89867
647.384
405.322
143.934
849.534
280.15
6.18921
5.96725
6.24034
846.258
6.44761
6.13236
298.579
5.4178
9.0024
25718.8
6.63943
5.94797
6.06865
49.2513
22.7959
5.67518
325.723
307.33
216.011
5.61994
314.437
5.69444
6.56532
6.42604
935.458
313.074
126.137
5.75875
141.229
258.498
166.997
5.64691
17.7343
95.4743
87.0482
6.36262
142.127
16.7513
5.97244
----------------
commit (avg): 1027.63
----------------
# Transaction throughput (KTPS)
LakeVilla	/LakeVilla/src/YCSB-C/workloads/workloada.spec	1	0.000859752
