parsing config file ./lvconfig16.conf
parsing done
# Loading records:	0
<<<<< redos: 0 >>>>>
----- read -----
3.84276
2.81201
3.06007
2.45038
3.07298
3.25501
2.30541
5.63517
2.59853
2.47171
2.59786
2.78521
2.60258
2.48677
2.74089
3.15062
2.37249
2.68841
2.24477
3.05539
2.79319
2.68181
2.74453
2.51737
2.81933
2.08708
2.60532
2.52497
2.70223
2.89038
2.61616
3.06202
4.52455
2.7469
2.82832
3.15028
2.52666
2.62632
2.6389
2.24358
2.3222
2.77131
2.86474
2.66025
2.22155
2.39204
----------------
read (avg): 2.7998
----------------
----- update -----
9.53897
9.84413
9.85297
44.3778
7.68967
11.8378
9.16747
9.46096
23.7937
777.259
9.81276
9.10338
25574.4
8.20506
9.42098
8.56076
7.31042
8.65497
7.5512
8.30095
10.9664
20.5145
10.3545
54.5069
8.66554
10.1198
8.98995
26.4678
49.4011
9.20785
157.808
7.87047
283.269
7.71844
8.8214
12.3854
13.254
22.1857
44.8067
7.4983
9.61361
411.56
39.461
18.4595
9.77684
341.315
7.23366
319.521
7.07768
527.262
12.3039
689.743
7.68843
592.791
----------------
update (avg): 561.717
----------------
----- init -----
68.0261
68.0418
67.7377
60.4947
55.5279
55.6184
70.8977
60.1628
63.2398
101.842
65.1439
63.8235
64.972
69.0602
69.1332
71.3564
68.1716
77.7671
116.249
74.6852
71.6817
66.639
62.1808
68.1176
65.3737
74.8
66.4895
128.373
66.8481
74.2003
71.5819
71.5151
78.8391
71.5256
80.091
71.6545
70.8985
70.0823
75.1547
69.5432
85.2741
103.961
81.4916
81.0461
74.9522
73.3693
79.0532
78.6164
85.5193
81.5149
83.4426
80.7626
80.3069
91.1589
90.3144
84.5233
85.0907
88.4199
86.5524
92.692
89.7412
91.6754
100.405
90.0553
101.022
87.1175
100.341
101.969
95.5048
127.843
131.816
122.053
100.042
108.072
110.334
108.226
93.3232
118.609
97.5065
87.2985
94.3817
107.156
92.7393
101.481
103.847
101.104
97.0027
105.146
104.386
103.721
94.5906
98.8008
103.509
99.6832
100.499
99.5276
92.6801
95.3977
103.389
96.6042
----------------
init (avg): 86.342
----------------
----- commit -----
5.30713
634.125
1542.96
2610.5
5.79486
1474.49
132.161
290.969
6.50587
7.143
179.084
1193.66
7.05497
8.36062
7.75446
7.0812
5.44789
6.28556
7.79274
35.4471
16.7126
545.689
5.5904
3678.35
5.9434
5.50081
9.53976
4943.81
187.983
5.38248
6.52683
6.21606
38.0398
5.51595
1305.77
5.09966
190.701
3528.84
261.895
34.3427
5.97747
6.99151
13916.4
5.28287
5.57425
709.421
925.031
250.218
5.27094
1389.89
375.042
255.467
965.89
101.306
6.11788
5.53426
261.779
227.425
302.284
1027.15
57.4342
5.31795
5.81995
6.92888
1419.02
5.58253
6.42362
89.1779
5.95228
7.23043
447.054
5.94842
6.34647
7.23808
251.378
25696
5.12094
173.099
136.212
1552.57
5.99511
1976.21
6.11571
5.92048
6.56474
22.8623
204.088
347.237
5.37485
16.6746
35.6014
116.943
5.50557
71.7128
25.9994
83.5062
5.60582
16.2866
49.1675
5.04991
----------------
commit (avg): 766.057
----------------
# Transaction throughput (KTPS)
LakeVilla	/LakeVilla/src/YCSB-C/workloads/workloada.spec	1	0.000847111
