---inserts---
28846356399241, 6406042532943
35252410971073, 5089819984
35257500923550, 3467149948
35260968201761, 4139068329
35265107401985, 2726671837
35267834209364, 2690486122
35270524820662, 1889392481
35272414335488, 2066774314
35274481222781, 1140602959
35275621956483, 2196881933
35277818955966, 1918560995
35279737636519, 1081057114
35280818829511, 1630543608
35282449486752, 1340213124
35283789808279, 992642797
35284782564507, 844729951
35285627403272, 1511584134
35287139094398, 1880727718
35289019933763, 912257974
35289932300769, 1454429477
35291386837184, 1816984976
35293203932588, 838695656
35294042740787, 831658813
35294874513288, 850477513
35295725102898, 1311371873
35297036603749, 1051697901
35298088456466, 864541183
35298953104867, 871204114
35299824411473, 1004198360
35300828725070, 1353133785
35302181975420, 1368324102
35303550400619, 1280393705
35304830893342, 791156164
35305622152320, 796113703
35306418366042, 779027143
35307197496303, 807481284
35308005094296, 987343809
35308992545753, 775129843
35309767786277, 812506861
35310580413726, 1297681239
35311878184371, 1240357433
35313118636986, 770758627
35313889492744, 800914715
35314690502524, 758405385
35315449004560, 744809983
35316193912956, 755701984
35316949711519, 736597779
35317686408323, 799739228
35318486244332, 745491511
35319231828732, 1318068967
35320549994804, 1210492471
35321760584993, 770643616
35322531328791, 778056198
35323309486974, 811953020
35324121539200, 755200893
35324876833562, 782872146
35325659801640, 806587492
35326466487785, 782193465
35327248772138, 719210712
35327968092566, 1117247345
35329085432947, 1158716116
35330244244429, 758904032
35331003242621, 760514061
35331763851245, 768831541
35332532778823, 748719024
35333281592050, 749841497
35334031528398, 744216311
35334775837675, 771695016
35335547626499, 719444781
35336267170474, 1280210930
35337547475745, 1143937055
35338691506424, 732143913
35339423748731, 720185793
35340144040162, 708863453
35340853001292, 753225907
35341606322685, 736103735
35342342521256, 764951206
35343107569014, 751424669
35343859085579, 740893180
35344600087781, 1122252535
35345722434530, 1135224939
35346857752997, 724477047
35347582321062, 747978817
35348330407013, 706732510
35349037238097, 722579759
35349759911520, 724059314
35350484078880, 721846497
35351206020666, 705321263
35351911441135, 745028914
35352656563459, 1244909772
35353901568303, 1162980014
35355064643416, 739920845
35355804661619, 1179433559
35356984190938, 731467882
35357715759108, 725499504
35358441358006, 744781179
35359186237601, 894325753
35360080660725, 726001023
35360806758504, 713155128
35361520022667, 1055647785
35362575764674, 1134032054
35363709893376, 719536620
35364429534644, 722430396
35365152072264, 707426279
35365859594609, 752788398
35366612477807, 729104103
35367341676995, 733858224
35368075630156, 709137216
35368784863397, 719900702
35369504878368, 1184723665
35370689771675, 1097651816
35371787524888, 712684836
35372500313890, 724899268
35373225319208, 713174265
35373938598600, 715601431
35374654324480, 724625623
35375379051402, 746336019
35376125492673, 735660854
35376861250350, 751711543
35377613058243, 1202677769
35378815824323, 1075982241
35379891901099, 721723222
35380613715494, 701450301
35381315265349, 723100981
35382038498782, 715439636
35382754036993, 735073568
35383489205834, 703416371
35384192729104, 721353101
35384914270020, 725266891
35385639632183, 1058702632
35386698424322, 1146934941
35387845452932, 751411112
35388596957829, 706365746
35389303418534, 705683453
35390009197144, 710341557
35390719631912, 717786796
35391437513467, 709852001
35392147459873, 695386363
35392842941939, 713763525
35393556800095, 1047043120
35394603931169, 1098958159
35395702984344, 721567337
35396424645421, 724976951
35397149717849, 725947349
35397875759522, 742179927
35398618030307, 741660719
35399359786690, 721259768
35400081143252, 738525926
35400819761239, 723996206
35401543849954, 1210709288
35402754647218, 1086442594
35403841182076, 709352515
35404550628955, 705097409
35405255816835, 705877454
35405961786308, 723740466
35406685622032, 741463455
35407427179941, 725841993
35408153115230, 736945565
35408890153850, 699895781
35409590140378, 1080263723
35410670492302, 1090358688
35411760941069, 718786220
35412479820479, 712613014
35413192524459, 706984990
35413899602477, 708974405
35414608669213, 718235775
35415326996984, 698787440
35416025878302, 713763973
35416739737520, 705372559
35417445204577, 1095220710
35418540513702, 1116238148
35419656845513, 706242940
35420363211532, 714142115
35421077445405, 696128048
35421773667412, 692989630
35422466754912, 714321130
35423181168399, 684256837
35423865524852, 715391322
35424581007382, 683561999
35425264665328, 1057961371
35426322715008, 1071108271
35427393918537, 730419664
35428124432208, 733049191
35428857576119, 713369909
35429571039990, 720386297
35430291519732, 715246999
35431006860065, 709495730
35431716450735, 702588050
35432419133261, 697415403
35433116641810, 1047798801
35434164531810, 1077367410
35435241992252, 689133411
35435931220720, 711495064
35436642806990, 697055726
35437339955504, 717756132
35438057807253, 704441232
35438762344533, 698663611
35439461100651, 734705156
35440195898539, 692063403
35440888068389, 1194667890
35442082826911, 1062337559
35443145264231, 720720893
35443866077559, 706222914
35444572394443, 681215791
35445253711568, 717212161
35445971021329, 689533136
35446660649125, 727880046
35447388625790, 703686738
35448092407933, 714411830
35448806914968, 1049981252
35449856986401, 1077062144
35450934141547, 711876196
35451646110183, 722408371
35452368612337, 699543431
35453068248210, 712826676
35453781168011, 722254471
35454503517847, 690420022
35455194032813, 694789030
35455888916109, 690786046
35456579793981, 1043034737
35457622919786, 1077390756
35458700407765, 719109620
35459419612459, 715127481
35460134834223, 700820595
35460835765748, 712883050
35461548741037, 705899895
35462254737299, 698012107
35462952841007, 710817226
35463663750144, 707107682
35464370949978, 1059351418
35465430394969, 1084352393
35466514841915, 703490798
35467218427970, 709825250
35467928347453, 712875566
35468641314732, 715040144
35469356446246, 728370291
35470084910505, 721417241
35470806420406, 708330939
35471514844028, 710412799
35472225352778, 1058574336
35473284025768, 1097446706
35474381565081, 702276868
35475083937426, 708947684
35475792982677, 711082342
35476504160350, 700482266
35477204738218, 710619185
35477915452384, 700932707
35478616480754, 712799543
35479329375260, 726978165
35480056447640, 1049514773
35481106053361, 1077019235
35482183171269, 696162362
35482879427662, 707565377
35483587092895, 711377137
35484298569532, 712186697
35485010863024, 718725509
35485729698652, 707105605
35486436901414, 702389462
35487139385502, 713709650
35487853189365, 1203538754
35489056820561, 1079098934
35490136033990, 712100976
35490848232013, 709666982
35491557994374, 705940667
35492264041844, 699219718
35492963356640, 713875268
35493677325824, 709836423
35494387255745, 701845686
35495089196294, 703742426
35495793035174, 1205698752
35496998824995, 1066659953
35498065581403, 710166979
35498775843846, 695315641
35499471256300, 720264946
35500191620581, 709945654
35500901662113, 700573445
35501602331444, 695063752
35502297494804, 720070847
35503017663243, 707297254
35503725056410, 1053955599
35504779102777, 1070716485
35505849912028, 720124786
35506570132177, 709544419
35507279771388, 721598149
35508001468038, 703472926
35508705037987, 707029147
35509412161412, 708927241
35510121184057, 714917601
35510836196646, 690393430
35511526688098, 1036182901
35512562961740, 1068304138
35513631360836, 711959046
35514343416016, 703461504
35515046970667, 716618291
35515763690861, 711634636
35516475425527, 717909757
35517193433923, 689973351
35517883503989, 714121907
35518597721057, 701318886
35519299135255, 1033880808
35520333108701, 1089417366
35521422621475, 715868483
35522138587294, 701669157
35522840349944, 712015886
35523552462114, 709711176
35524262268239, 707526367
35524969890925, 699606317
35525669614424, 712166889
35526381984870, 707269940
35527089350064, 1036670451
35528126107593, 1065856337
35529192071299, 714515621
35529906681892, 700656280
35530607430891, 689812843
35531297336108, 728302724
35532025733616, 707630046
35532733454897, 717442427
35533450988895, 707915540
35534158997010, 715178831
35534874267810, 1061884057
35535936246520, 1089123206
35537025478345, 715982453
35537741550500, 716069126
35538457710745, 704710192
35539162517548, 702816069
35539865425092, 718111984
35540583629766, 706878892
35541290601964, 711035493
35542001728067, 712963911
35542714814049, 1063568420
35543778484988, 1073300411
35544851874047, 716246362
35545568211292, 712889257
35546281193505, 698931442
35546980216536, 718873994
35547699184593, 714987890
35548414263345, 715492474
35549129845879, 713341497
35549843276902, 721968247
35550565333416, 1075752208
35551641175129, 1096584304
35552737846388, 706262130
35553444196419, 726365367
35554170651537, 709652396
35554880391721, 716862452
35555597340311, 707863738
35556305298509, 721315940
35557026703322, 706073513
35557732863870, 712697851
35558445647955, 1069729875
35559515465666, 1067535197
35560583088045, 722372246
35561305550896, 722486809
35562028123935, 711935175
35562740146856, 715377670
35563455610894, 703622260
35564159320201, 713326396
35564872736068, 704885684
35565577708804, 695536820
35566273331858, 1085936624
35567359353334, 1096895243
35568456338055, 710197032
35569166650221, 717197932
35569883936178, 705518969
35570589544428, 714367128
35571303999605, 715883926
35572019970361, 714977783
35572735036081, 720370089
35573455492849, 711282940
35574166863775, 1089564112
35575256517829, 1069481585
35576326085956, 713877596
35577040066818, 715247756
35577755401459, 701882753
35578457374417, 700378294
35579157840268, 715736605
35579873665312, 691553256
35580565305656, 713180319
35581278574173, 719634636
35581998316549, 1097365267
35583095789563, 1069674626
35584165575581, 711944850
35584877662699, 723221184
35585601023830, 723602755
35586324872214, 721177443
35587046149322, 725190429
35587771412952, 732679976
35588504164557, 719099579
35589223336587, 707197742
35589930607318, 1070734009
35591001410056, 1081923316
35592083403810, 720770170
35592804246520, 714180240
35593518500246, 712327292
35594230899756, 738727978
35594969697776, 723625277
35595693394507, 736795324
35596430263768, 722455838
35597152791896, 744782107
35597897646440, 1079040733
35598976758774, 1093298791
35600070135843, 711157843
35600781367464, 725170701
35601506609853, 720906327
35602227587753, 718925996
35602946595612, 725051570
35603671720227, 711781814
35604383574200, 706730272
35605090376319, 733516830
35605823965009, 1075437541
35606899469222, 1090429277
35607989981489, 726765413
35608716817288, 728743485
35609445633598, 715109006
35610160818124, 716429805
35610877320034, 707632335
35611585023723, 722038148
35612307131370, 721002602
35613028203906, 726342119
35613754618597, 1058078974
35614812766464, 1076574481
35615889415229, 731255088
35616620740767, 724521855
35617345331954, 713736370
35618059141953, 717306475
35618776521894, 709060332
35619485653846, 720448575
35620206174825, 738620435
35620944868463, 738580806
35621683523190, 1087691554
35622771284561, 1107311884
35623878668092, 729183443
35624607925988, 713161678
35625321165056, 708282989
35626029526027, 740137961
35626769742039, 756074155
35627525887292, 719739914
35628245700553, 742605692
35628988377233, 730038095
35629718488230, 1069947302
35630788503916, 1090526135
35631879102249, 716340131
35632595513151, 715145752
35633310732182, 719400305
35634030204694, 716093992
35634746379728, 734565079
35635481017385, 700330355
35636181420239, 725809676
35636907305844, 709871427
35637617249588, 1067963109
35638685284384, 1075641288
35639761008198, 729169254
35640490249628, 718218075
35641208541668, 726361492
35641934978792, 727013544
35642662066419, 725989877
35643388128306, 715931122
35644104131405, 719831462
35644824060964, 734351499
35645558486504, 1076791413
35646635349007, 1072264224
35647707686643, 732676924
35648440435554, 729932606
35649170438881, 727839675
35649898351472, 718243300
35650616665727, 736564562
35651353304233, 724843680
35652078221544, 706430976
35652784727812, 716797723
35653501600571, 1224933033
35654726610187, 1089324493
35655816026617, 740910409
35656557013266, 727468374
35657284556385, 732236583
35658016868387, 727518197
35658744463235, 724428563
35659468967378, 753518331
35660222560988, 720491464
35660943128741, 730965952
35661674168666, 1079716645
35662753959066, 1087349363
35663841383757, 732775808
35664574236949, 735671171
35665309982493, 717044916
35666027106433, 748427016
35666775607878, 711790748
35667487474071, 724666628
35668212215670, 729477410
35668941767751, 703177443
35669645018194, 1071767660
35670716858784, 1071673358
35671788608450, 725217495
35672513901597, 735774103
35673249749759, 727937582
35673977761835, 724645468
35674702485643, 749360655
35675451920932, 733971230
35676185969073, 734628156
35676920671313, 716357812
35677637105700, 1117343590
35678754521773, 1078086972
35679832684228, 731915683
35680564676551, 722653523
35681287405206, 723253859
35682010736334, 712383727
35682723195734, 722133098
35683445405597, 732182552
35684177662489, 717731110
35684895470302, 729074701
35685624619038, 1073812520
35686698503090, 1074922726
35687773588359, 725046197
35688498848225, 732010370
35689230957718, 725158735
35689956180517, 721483975
35690677733969, 742162294
35691419962774, 730450114
35692150479034, 736284820
35692886829797, 723292047
35693610185974, 1083523507
35694693771240, 1083038963
35695776874431, 739705826
35696516646143, 737426920
35697254139601, 720870515
35697975075749, 719538258
35698694677807, 724744252
35699419488036, 737308289
35700156861193, 742245247
35700899172268, 744467246
35701643703417, 1103893940
35702747664602, 1101962037
35703849691654, 740359750
35704590116716, 737872203
35705328065823, 740322660
35706068452454, 741467931
35706809984763, 726871740
35707536920349, 740443575
35708277472975, 728123097
35709005677983, 723550925
35709729291263, 1101353115
35710830705903, 1087839883
35711918610366, 736024165
35712654700491, 754859533
35713409624639, 732041497
35714141744292, 729786107
35714871594158, 739152050
35715610810762, 733426206
35716344310335, 732915594
35717077289882, 740338909
35717817690931, 1091135952
35718908903712, 1109606167
35720018586688, 735322274
35720753972496, 725580842
35721479615426, 749206390
35722228887248, 724589642
35722953540891, 729532490
35723683136612, 736008149
35724419207081, 753137328
35725172407749, 731388039
35725903857929, 1285193567
35727189115666, 1103636657
35728292815255, 742748276
35729035626723, 746825225
35729782514655, 736773580
35730519357671, 729847452
35731249271207, 743738662
35731993074195, 715612600
35732708750192, 731229199
35733440054460, 741120610
35734181238176, 1113102359
35735294400943, 1097779497
35736392241161, 760471908
35737152772807, 729392923
35737882227583, 738744826
35738621031976, 749908305
35739370998011, 750484630
35740121545073, 721176450
35740842783232, 757287202
35741600129256, 744334574
35742344522814, 1101920932
35743446500600, 1103523631
35744550085908, 744400248
35745294546272, 734765796
35746029372420, 734648791
35746764083178, 739591498
35747503734068, 743647947
35748247442121, 743874563
35748991377134, 746563461
35749738000402, 738475688
35750476539736, 1130864217
35751607461172, 1098295625
35752705815074, 750318825
35753456192173, 734360727
35754190613635, 750858024
35754941533398, 728424622
35755670019120, 747650138
35756417737805, 718969134
35757136767129, 734060644
35757870887858, 751127124
35758622078959, 1111741403
35759733877555, 1105807935
35760839744784, 753882121
35761593685014, 743188842
35762336933262, 737154297
35763074147579, 724070346
35763798275788, 732100785
35764530436801, 749876068
35765280374249, 733651938
35766014088690, 742818295
35766756965556, 1099006682
35767856039921, 1113871802
35768969968948, 754603817
35769724630620, 763914705
35770488604766, 752512853
35771241178425, 746368398
35771987607094, 767866219
35772755532495, 737750085
35773493343031, 742646150
35774236066960, 763589223
35774999717416, 1120730140
35776120505026, 1104199214
35777224765607, 758998697
35777983823459, 742171208
35778726054174, 746534330
35779472648332, 758118492
35780230826723, 752831858
35780983719121, 736576441
35781720355487, 751238706
35782471653205, 750606294
35783222318532, 1126365877
35784348742560, 1101768852
35785450573745, 750141704
35786200773731, 744824325
35786945657189, 748306704
35787694022014, 741890327
35788435971799, 744354536
35789180387278, 762598863
35789943045934, 743482474
35790686587786, 757459767
35791444123812, 1120211860
35792564461362, 1117201427
35793681777256, 760137179
35794441963161, 754574059
35795196578082, 740798137
35795937417593, 746744556
35796684203305, 748754884
35797432998648, 754136291
35798187175205, 757932014
35798945145873, 743392213
35799688578195, 1144601054
35800833215553, 1103073168
35801936329416, 751103733
35802687472718, 764022775
35803451533360, 740458917
35804192049926, 752322800
35804944413107, 739920172
35805684373077, 758594084
35806443006645, 743950039
35807186999939, 755346227
35807942383844, 1269185398
35809211608132, 1101831548
35810313479409, 762016932
35811075538676, 760525053
35811836104279, 737572456
35812573715626, 779221692
35813352976825, 755097325
35814108114731, 737346540
35814845501169, 746853427
35815592398104, 755624734
35816348064348, 1130358264
35817478461413, 1133955137
35818612456318, 763785502
35819376280908, 764741124
35820141060571, 731583901
35820872684514, 757321603
35821630046593, 741818149
35822371907046, 751777615
35823123723526, 752362620
35823876126959, 748003453
35824624170953, 1135080656
35825759290318, 1111687003
35826871017774, 779651843
35827650709022, 756889287
35828407638724, 748346015
35829156041511, 761252551
35829917333569, 761733147
35830679106365, 754551040
35831433697159, 750379703
35832184115338, 747979586
35832932135004, 1108114402
35834040288067, 1122838127
35835163165167, 757939830
35835921145335, 759525579
35836680710490, 769235307
35837449986615, 748540827
35838198568675, 775697902
35838974307024, 755957670
35839730305349, 762665413
35840493010653, 758559429
35841251612216, 1125547716
35842377201235, 1132249335
35843509489075, 756020607
35844265549932, 750240492
35845015829366, 753501461
35845769371431, 744997733
35846514408338, 750885793
35847265335298, 764323994
35848029701672, 772628125
35848802371831, 760002394
35849562416418, 1134461653
35850696915361, 1124032315
35851820986880, 761678431
35852582705689, 754532319
35853337279104, 768817638
35854106137354, 762342555
35854868519693, 751450024
35855620025932, 752869318
35856372937304, 771964533
35857144942368, 753487220
35857898471285, 1140469064
35859038979349, 1117311136
35860156330645, 768962563
35860925334181, 763063058
35861688437227, 748100569
35862436580878, 751322681
35863187946004, 765679972
35863953667345, 765074343
35864718782550, 781554729
35865500377326, 774979516
35866275399927, 1144515532
35867419960302, 1121829476
35868541829549, 762632764
35869304504931, 772276058
35870076824119, 747265576
35870824130901, 761858178
35871586031898, 759989626
35872346063231, 758732476
35873104835574, 777679354
35873882556775, 768466518
35874651063751, 1131279139
35875782381310, 1125242197
35876907662950, 759430688
35877667134171, 769484511
35878436660579, 773583222
35879210286565, 765675345
35879976021358, 754911038
35880730973193, 766382721
35881497397860, 755641921
35882253081030, 762812753
35883015939603, 1150204831
35884166183616, 1133502324
35885299724175, 773362092
35886073127646, 769196614
35886842365570, 757316235
35887599721572, 765214540
35888364976750, 746073369
35889111091755, 774883629
35889886015480, 762781774
35890648839000, 767592506
35891416473946, 1165238012
35892581748998, 1130999289
35893712787352, 763846853
35894476674486, 784905889
35895261619411, 763671755
35896025331868, 782294307
35896807666142, 767306899
35897575015151, 777912025
35898352968062, 768582508
35899121593330, 769957855
35899891595990, 1176398371
35901068038857, 1127731515
35902195808886, 769502861
35902965354079, 775882768
35903741306460, 766952081
35904508326873, 782598887
35905290989489, 762176197
35906053207538, 769858972
35906823105608, 766657264
35907589802915, 759437310
35908349278755, 1142866952
35909492183353, 1133151790
35910625374224, 776787119
35911402202130, 756804001
35912159045896, 764409627
35912923496335, 782401001
35913705936496, 766974740
35914472951959, 778520597
35915251513669, 774279064
35916025833307, 767948613
35916793821067, 1188435815
35917982294980, 1140211320
35919122547414, 761143047
35919883729841, 787328955
35920671098057, 757512311
35921428651931, 785618643
35922214311106, 764464260
35922978816063, 772409213
35923751266489, 761427893
35924512735434, 768679113
35925281453897, 1165235623
35926446724850, 1130434025
35927577196241, 777867142
35928355104584, 794397385
35929149543468, 779648770
35929929232175, 776885744
35930706156729, 781801231
35931487998539, 761476059
35932249514311, 775937127
35933025492478, 763606253
35933789139970, 1178453893
35934967632451, 1139252469
35936106925526, 768947838
35936875913334, 780212903
35937656170558, 774186713
35938430396813, 786683926
35939217120651, 789604521
35940006767208, 773227704
35940780048529, 805342460
35941585430961, 765443536
35942350914861, 1168192257
35943519147044, 1132322002
35944651510009, 774703547
35945426255377, 782662870
35946208964630, 782327954
35946991333502, 777495787
35947768869281, 782241446
35948551151477, 787646704
35949338840205, 775774098
35950114656617, 773536018
35950888235175, 1172722392
35952060995875, 1156656047
35953217692571, 790573481
35954008307348, 787807662
35954796156002, 784719476
35955580916049, 775920597
35956356876602, 776922842
35957133840624, 790769689
35957924652167, 801296890
35958725989263, 790279367
35959516309842, 1169084805
35960685432780, 1140602840
35961826075704, 780108395
35962606224849, 792154724
35963398419305, 767757244
35964166220360, 779215595
35964945477048, 790936607
35965736454986, 779311369
35966515806883, 775888927
35967291736196, 768425486
35968060200958, 1161264681
35969221503563, 1127016609
35970348559362, 774175105
35971122777401, 771443799
35971894261694, 772311019
35972666612924, 786099516
35973452752459, 793452514
35974246245897, 776346758
35975022633623, 781796682
35975804474822, 778357827
35976582874341, 1160425569
35977743338110, 1132070450
35978875449240, 774641922
35979650132552, 783793492
35980433967008, 769946557
35981203954329, 787061216
35981991058210, 773496731
35982764596888, 798789067
35983563427910, 784461112
35984347930578, 775070210
35985123042609, 1172627187
35986295706617, 1126511329
35987422258493, 771372569
35988193671255, 781229053
35988974942604, 781287933
35989756270406, 774359493
35990530670544, 779702373
35991310413903, 772756159
35992083211172, 789621279
35992872872767, 765073087
35993637985241, 1161800192
35994799825571, 1137675464
35995937542043, 790274973
35996727855267, 774718803
35997502613967, 774824968
35998277479114, 772172426
35999049693184, 769787154
35999819523609, 774184264
36000593747855, 766031581
36001359819844, 763771435
36002123630430, 1183712190
36003307378957, 1126077344
36004433496314, 790742956
36005224278188, 759054514
36005983373871, 779740698
36006763156141, 782331884
36007545526437, 780471566
36008326039557, 788974140
36009115052534, 767239937
36009882333376, 774303629
36010656678502, 1170496035
36011827212150, 1135619357
36012962873981, 783847106
36013746761575, 780467734
36014527270847, 772520253
36015299831870, 797608933
36016097479915, 775598360
36016873117665, 783081675
36017656244321, 791544253
36018447832108, 792662206
36019240535242, 1172308164
36020412881002, 1146647649
36021559570303, 776946138
36022336557492, 770137624
36023106737570, 798541582
36023905320324, 775790335
36024681149114, 774163047
36025455355059, 773420638
36026228818433, 770137954
36026998997038, 796285298
36027795324386, 1175313942
36028970677869, 1135258011
36030105975735, 770591833
36030876609280, 775957987
36031652606583, 784885403
36032437533989, 768767574
36033206370346, 782960549
36033989375502, 762775745
36034752191708, 773238455
36035525470597, 781815377
36036307326816, 1145696462
36037453062129, 1132837906
36038585941749, 774583427
36039360566629, 788636661
36040149243534, 789797345
36040939082598, 779260555
36041718383744, 770082628
36042488508525, 771934859
36043260483468, 776622003
36044037146004, 764638029
36044801825459, 1200803306
36046002667937, 1332199598
36047334917987, 785042824
36048120026212, 777498508
36048897566048, 768807743
36049666414576, 780144330
36050446601314, 781102350
36051227744526, 788318385
36052016104290, 799956569
36052816104014, 782745236
36053598891313, 1153790046
36054752722326, 1130500099
36055883265245, 781551183
36056664857925, 773380717
36057438284521, 797135636
36058235461947, 782362424
36059017864237, 764556922
36059782462934, 762409392
36060544913650, 768243491
36061313197936, 774835706
36062088075211, 1170886623
36063258999553, 1144879460
36064403918708, 785004953
36065188965028, 788314432
36065977318971, 770722174
36066748083555, 783872365
36067531995080, 788912876
36068320949348, 782550569
36069103540852, 791287898
36069894869631, 779561499
36070674473583, 1171977491
36071846490866, 1149040955
36072995574810, 770445550
36073766061784, 779360937
36074545464342, 786098115
36075331605987, 808986502
36076140633949, 778362933
36076919038966, 773600104
36077692683200, 794939710
36078487664819, 786328365
36079274036090, 1172667180
36080446742510, 1145692290
36081592478344, 791289936
36082383810538, 778446804
36083162299564, 771917175
36083934258940, 803138819
36084737439111, 776337800
36085513819446, 796607984
36086310470096, 775626689
36087086139697, 777215445
36087863396329, 1156228998
36089019665314, 1137193509
36090156901741, 791900738
36090948844036, 777146233
36091726032769, 784258806
36092510331983, 758346922
36093268721635, 779223863
36094047987776, 772272782
36094820301598, 772105688
36095592448312, 784819824
36096377308309, 1187820339
-------------
--------->>>>0<<<<---------