---inserts---
14502243607532, 5687898583391
20190154065029, 3990953149
20194145144778, 3829102592
20197974368381, 2688120832
20200662620160, 1849061521
20202511805113, 1974517030
20204486442175, 1989576898
20206476134665, 1810277283
20208286526030, 857196867
20209143844486, 2936872092
20212080824658, 3639970916
20215720911996, 1328228822
20217049256124, 1567984396
20218617352141, 1878211084
20220495677246, 1470512297
20221966291999, 1286381985
20223252777325, 969525866
20224222411150, 1389665465
20225612184021, 1330330910
20226942614889, 1360349139
20228303064650, 1947107903
20230250277652, 1025652992
20231276049155, 1225857219
20232502011800, 1129853491
20233631969749, 728982121
20234361085115, 673789345
20235034994445, 938664748
20235973760858, 864456639
20236838313866, 1144740080
20237983154579, 1257546081
20239240801311, 1398326580
20240639241682, 671794936
20241311148026, 1145608931
20242456862606, 643867367
20243100841560, 701147655
20243802094065, 658925967
20244461150060, 655386122
20245116652228, 639860241
20245756644238, 668213046
20246425024197, 1186050627
20247611163476, 1144172817
20248755432066, 683956359
20249439486531, 638199160
20250077785235, 643077284
20250720963377, 650716687
20251371779215, 603220261
20251975097083, 692796145
20252667986144, 633195135
20253301275755, 620057848
20253921430854, 1012359673
20254933879050, 1052257181
20255986228743, 655270977
20256641594576, 605608139
20257247300002, 638157027
20257885554103, 632657008
20258518305995, 623890534
20259142291535, 594395594
20259736784379, 668748293
20260405627359, 631014627
20261036736036, 957164946
20261993990968, 1039184810
20263033275163, 635809323
20263669182890, 595560272
20264264836658, 648496576
20264913431814, 626364985
20265539894018, 640993650
20266180975022, 626695458
20266807758474, 596829984
20267404677466, 593802169
20267998572382, 968140079
20268966796510, 1003079823
20269969966936, 572066586
20270542123116, 583333424
20271125545795, 608177297
20271733815715, 579902467
20272313806130, 580985109
20272894877477, 632233030
20273527200884, 600622579
20274127914272, 589950084
20274717951439, 871376830
20275589415526, 969966430
20276559469680, 589813574
20277149371616, 590616289
20277740087491, 574120086
20278314295993, 577341294
20278891727556, 571502997
20279463322634, 585730134
20280049139684, 587876183
20280637104848, 589369575
20281226565964, 845592835
20282072242862, 994045863
20283066393599, 610381231
20283676871198, 578913146
20284255880077, 597295140
20284853272782, 592098675
20285445466479, 587665317
20286033233808, 569269475
20286602601949, 593412599
20287196114645, 589598876
20287785809795, 843607787
20288629509942, 977462528
20289607072127, 579250542
20290186426955, 585120124
20290771646495, 609828304
20291381576966, 600881481
20291982576695, 586506029
20292569181598, 603206895
20293172487041, 587071907
20293759656743, 587853051
20294347636434, 975777875
20295323575266, 1011842832
20296335526279, 591812760
20296927443452, 571084165
20297498630439, 587135066
20298085872379, 580802819
20298666796390, 594638577
20299261541837, 569968493
20299831605856, 560806499
20300392511138, 586073352
20300978681391, 842436991
20301821208208, 946925092
20302768229543, 573366559
20303341693879, 601195560
20303942988963, 580588298
20304523689138, 571430198
20305095223526, 589556962
20305684883341, 603367532
20306288359925, 570772387
20306859311910, 590668535
20307450082714, 824986176
20308275160872, 979898880
20309255157613, 572557515
20309827812329, 567650090
20310395558777, 597390808
20310993045514, 561997804
20311555141716, 566312576
20312121551613, 583362617
20312705012838, 579169562
20313284279273, 570590755
20313854968698, 824522366
20314679582601, 955681071
20315635365085, 582898139
20316218363285, 563926489
20316782388032, 574983924
20317357470130, 578067118
20317935636488, 560475144
20318496212917, 569951449
20319066263723, 582674120
20319649035696, 562609031
20320211744997, 833589003
20321045426826, 937943870
20321983468203, 570611517
20322554176099, 564540971
20323118816729, 560111983
20323679031288, 542942545
20324222076384, 576871453
20324799049704, 567166087
20325366317443, 572782544
20325939202356, 571998814
20326511299924, 944439953
20327455835876, 954934179
20328410866270, 579896172
20328990861783, 559536823
20329550497708, 571958278
20330122553720, 569194683
20330691846382, 543950009
20331235894892, 576087679
20331812102658, 559406525
20332371604767, 564372160
20332936088254, 810116919
20333746296796, 949932349
20334696328671, 562517573
20335258942936, 565801891
20335824841423, 564644596
20336389583877, 569205807
20336958888136, 571352193
20337530339315, 562665928
20338093106073, 570658184
20338663865329, 565670820
20339229632107, 946538262
20340176261827, 939098177
20341115460178, 566930104
20341682486965, 562511875
20342245096111, 583305200
20342828498048, 556210973
20343384807482, 555338070
20343940241704, 559185084
20344499523835, 565886767
20345065510621, 562415836
20345628036937, 928536706
20346556665474, 925271682
20347482033791, 565465994
20348047605055, 557323141
20348605039902, 562154446
20349167290867, 561324475
20349728711717, 555087975
20350283897827, 562793158
20350846786230, 569781735
20351416666219, 559700404
20351976462671, 950566659
20352927124316, 932367201
20353859590214, 547400804
20354407090852, 564577719
20354971767078, 564335339
20355536209106, 566248354
20356102563156, 552383170
20356655043622, 559763031
20357214908005, 559565267
20357774574353, 551619898
20358326293920, 809673610
20359136074156, 942922585
20360079097182, 566484325
20360645680577, 549194964
20361194972216, 561630914
20361756705360, 553153879
20362309958931, 566186762
20362876246161, 550834391
20363427177149, 568215779
20363995491349, 545414356
20364541001195, 800036458
20365341130138, 921327869
20366262555838, 547532241
20366810183987, 578541476
20367388823619, 563389585
20367952314103, 568866237
20368521278661, 555474087
20369076853771, 565746345
20369642698985, 540696826
20370183498831, 559339491
20370742939882, 800792133
20371543833346, 934452151
20372478386651, 571807094
20373050298198, 552899717
20373603298624, 565149687
20374168551368, 561282952
20374729935251, 573167303
20375303203664, 549125096
20375852428990, 565859832
20376418386860, 988169737
20377406658603, 952531040
20378359283568, 1511211099
20379870595440, 558448432
20380429143706, 1187509732
20381616757977, 560718318
20382177573621, 575163950
20382752837707, 560977833
20383313912451, 567513638
20383881525641, 557946302
20384439570379, 933596381
20385373266249, 816057467
20386189416310, 923465457
20387112986700, 572778520
20387685866935, 573429848
20388259401590, 565434561
20388824939814, 543492464
20389368542694, 579261302
20389947916480, 557084802
20390505102299, 557697762
20391062898671, 551924907
20391614923108, 1222584400
20392837604354, 927145656
20393764850036, 566321425
20394331270621, 563790947
20394895160572, 565098844
20395460359459, 555345761
20396015804775, 543471131
20396559375527, 574462742
20397133937819, 555049453
20397689086352, 565153757
20398254339923, 819890972
20399074325452, 1006353979
20400080779423, 566682879
20400647560369, 566467288
20401214129288, 1086694194
20402300922957, 555593284
20402856614058, 580855748
20403437568780, 561038998
20403998706886, 685025414
20404683831525, 555972070
20405239906392, 806720744
20406046721504, 932241204
20406979070762, 581993581
20407561164323, 574114550
20408135380644, 557687887
20408693171037, 559463285
20409252738118, 563080540
20409815921290, 575484356
20410391505867, 558615600
20410950223218, 565286608
20411515610588, 805960984
20412321686953, 925759114
20413247570231, 578906628
20413826577302, 579005545
20414405683424, 585501158
20414991286089, 567768387
20415559154093, 578175517
20416137432116, 571468868
20416709004224, 568434877
20417277539262, 560978862
20417838619282, 835352324
20418674067087, 934622505
20419608788962, 551527213
20420160416022, 569885330
20420730402987, 567339673
20421297842902, 561740715
20421859684451, 553276842
20422413049947, 551826439
20422964993225, 554577427
20423519828112, 582142307
20424102077072, 794165933
20424896314421, 917319837
20425813709034, 576444725
20426390227916, 560990257
20426951293037, 560492204
20427511861090, 563335498
20428075270513, 558186640
20428633531860, 557353950
20429190960847, 553754978
20429744800470, 551363191
20430296246674, 815191818
20431111521881, 914356254
20432025952185, 560678842
20432586705493, 562648632
20433149428666, 554533242
20433704049482, 565924944
20434270046709, 538794871
20434808917514, 568383880
20435377374077, 564354066
20435941804272, 574435023
20436516313001, 920951191
20437437334503, 910336240
20438347744552, 565952671
20438913773285, 569361379
20439483215747, 565218810
20440048508560, 552312980
20440600894497, 561684156
20441162654777, 546089708
20441708818746, 563952739
20442272845462, 544395261
20442817316007, 804819290
20443622205380, 907108577
20444529389210, 565587443
20445095052050, 573903430
20445669030687, 563989424
20446233096119, 570085552
20446803258487, 563348986
20447366684299, 565089725
20447931850664, 556327983
20448488253078, 576529382
20449064857662, 930613040
20449995540385, 900539174
20450896154737, 550750631
20451446979775, 551098014
20451998151193, 549164405
20452547391140, 547467185
20453094931555, 566958184
20453661965578, 562920522
20454224961003, 569483189
20454794519573, 563760654
20455358356049, 938120061
20456296548495, 918511613
20457215137336, 559535288
20457774747431, 575024792
20458349848767, 561105259
20458911029588, 562756969
20459473864182, 563517505
20460037456227, 566028627
20460603559243, 559324684
20461162961946, 562364865
20461725404315, 830007498
20462555484190, 912200183
20463467758407, 563244493
20464031079446, 559868084
20464591020690, 576854037
20465167949552, 562889919
20465730913702, 564199703
20466295189657, 550676450
20466845941881, 568653182
20467414670734, 549206991
20467963971957, 816706547
20468780773166, 905029558
20469685907751, 568474068
20470254516101, 553702220
20470808327478, 562557181
20471371034851, 568177344
20471939290643, 562904800
20472502263578, 547678354
20473050011122, 570269037
20473620352694, 562384086
20474182804784, 839953785
20475022823362, 916305202
20475939194505, 555267886
20476494534629, 569850255
20477064452538, 561596444
20477626118709, 566476145
20478192660520, 571269762
20478763997043, 563846582
20479327909473, 563509283
20479891486378, 576021560
20480467574619, 807995652
20481275635840, 916394216
20482192096199, 554731712
20482746892915, 558350924
20483305310567, 568989973
20483874367843, 560613847
20484435050594, 571421001
20485006538325, 546084839
20485552690196, 553005660
20486105761721, 561855568
20486667686860, 801380758
20487469133739, 914443975
20488383645130, 557493168
20488941207423, 555778036
20489497052384, 560333125
20490057451711, 569592069
20490627113032, 546553700
20491173734296, 559270572
20491733072128, 560122573
20492293268207, 551854323
20492845190396, 793970523
20493639223407, 899560681
20494538849464, 561096972
20495100026106, 555126414
20495655219815, 559350851
20496214637406, 562729067
20496777432545, 560844607
20497338346445, 554290690
20497892704138, 555317866
20498448091593, 561421554
20499009582186, 851620353
20499861267425, 921066757
20500782401937, 570583113
20501353053073, 568348731
20501921469402, 553503113
20502475041634, 560076341
20503035188553, 571003934
20503606259662, 560272831
20504166601019, 572350135
20504739017226, 555813282
20505294898814, 819145807
20506114110893, 915034208
20507029216400, 559759776
20507589044426, 584851460
20508173966165, 549241728
20508723276433, 581352039
20509304695624, 573468939
20509878235907, 570049626
20510448351680, 553953857
20511002379247, 569698192
20511572143696, 837040410
20512409256838, 942348328
20513351683873, 577115292
20513928875737, 567335398
20514496288994, 589758962
20515086126468, 562183103
20515648386542, 577381498
20516225845211, 576987611
20516802911356, 587992507
20517390979770, 576176236
20517967234045, 847858087
20518815166640, 931509153
20519746753416, 580652145
20520327482774, 577176078
20520904738207, 570031402
20521474848743, 586025651
20522060953280, 578260260
20522639290966, 788156734
20523427526625, 570967969
20523998574395, 583226726
20524581877969, 1224737751
20525806689543, 944788233
20526751554636, 779540087
20527531176425, 575323812
20528106579861, 582085142
20528688743502, 784796337
20529473619693, 593811249
20530067507525, 572478133
20530640081822, 821289396
20531461448683, 582296994
20532043825515, 949963068
20532993862322, 947120482
20533941060597, 585921803
20534527058978, 601656015
20535128790973, 599648877
20535728518860, 575900536
20536304497692, 585190677
20536889766884, 584328980
20537474186312, 585551750
20538059815707, 569941533
20538629835405, 874816454
20539504727447, 947893602
20540452698219, 582304163
20541035080317, 584601862
20541619760273, 592531233
20542212370434, 578925431
20542791375588, 566682024
20543358136360, 606577791
20543964792427, 594530971
20544559399310, 591318026
20545150793581, 840655123
20545991522483, 930547823
20546922148789, 589366010
20547511590623, 595290338
20548106960877, 575716908
20548682754297, 590461913
20549273294741, 596705567
20549870077266, 567368186
20550437520711, 907372812
20551344968041, 577058125
20551922100770, 853038344
20552775219439, 957145600
20553732508532, 609342122
20554342194945, 594727438
20554937069601, 604133549
20555541272861, 596323834
20556137651968, 598338720
20556736079457, 601662547
20557337796862, 580171892
20557918025603, 593065384
20558511145693, 879741758
20559390978994, 949807463
20560340841385, 589432873
20560930330536, 597506907
20561527891594, 584629036
20562112576354, 597574433
20562710206629, 583319373
20563293582557, 598749136
20563892386630, 603908233
20564496350950, 587239704
20565083650437, 867801324
20565951507501, 950663169
20566902225992, 606345359
20567508628490, 600433754
20568109120767, 602475412
20568711650036, 590293091
20569301998322, 600735884
20569902786355, 597733423
20570500630422, 595211297
20571095920771, 595194026
20571691169872, 867100769
20572558324081, 943023082
20573501403009, 614279391
20574115738416, 590615582
20574706406696, 599002309
20575305462235, 596444391
20575901959667, 581853990
20576483866374, 589114512
20577073032696, 575213173
20577648298135, 587086083
20578235434652, 858547299
20579094063782, 939680400
20580033824818, 590792338
20580624666676, 584084536
20581208800404, 592073614
20581800922092, 583946064
20582384916907, 608106462
20582993072647, 594438289
20583587560324, 594171300
20584181779798, 589720125
20584771547812, 851332772
20585622928678, 935619140
20586558596367, 590388961
20587149034792, 586180163
20587735264286, 592368380
20588327683609, 601645108
20588929377605, 595899226
20589525329080, 593738424
20590119117392, 578534073
20590697700777, 592090102
20591289838228, 879043752
20592168928391, 955499236
20593124487447, 597421519
20593721956721, 583957120
20594305963236, 624783406
20594930795208, 601470241
20595532314627, 604232352
20596136595047, 580656581
20596717300259, 583987322
20597301336809, 611976471
20597913364709, 880276344
20598793687562, 948127431
20599741863851, 599365256
20600341280585, 602654405
20600943984773, 603783846
20601547818323, 598032250
20602145901145, 596426897
20602742378241, 589267090
20603331694480, 597541391
20603929285486, 589572070
20604518908024, 864904536
20605383858426, 952018767
20606335927312, 597966444
20606933944109, 594369784
20607528361809, 599414242
20608127826796, 595144627
20608723020750, 589576318
20609312647055, 592096354
20609904793599, 600601370
20610505445800, 606218286
20611111711513, 863443229
20611975201633, 954542659
20612929794892, 585538593
20613515381653, 596596116
20614112045711, 590545267
20614702640898, 600510700
20615303201491, 598449235
20615901699874, 593441416
20616495190776, 592903914
20617088144707, 587693260
20617675886934, 868003512
20618543940147, 953870621
20619497857761, 593974202
20620091880955, 598333306
20620690264065, 587150115
20621277461817, 608738359
20621886253802, 597807637
20622484113185, 605961677
20623090125344, 605565551
20623695740984, 600877028
20624296667322, 1017243909
20625313958032, 956569969
20626270578971, 617381589
20626888030766, 596714227
20627484794540, 618929645
20628103773806, 591127003
20628694951815, 596503515
20629291506040, 600926795
20629892486166, 607141577
20630499680850, 607262548
20631106995296, 894910034
20632001958064, 959628288
20632961640144, 608219735
20633569910861, 585943827
20634155905818, 604948488
20634760907041, 610019089
20635370980290, 598623464
20635969654217, 601178712
20636570884485, 602460025
20637173394411, 611835128
20637785282448, 882484181
20638667910947, 969292317
20639637298310, 597590698
20640234932475, 591556491
20640826531755, 619231113
20641445804204, 583366958
20642029213330, 612047600
20642641301100, 603744882
20643245089247, 598694912
20643843825604, 597260152
20644441127858, 890684944
20645331854116, 962165439
20646294061922, 614646818
20646908750175, 586722686
20647495513725, 607933969
20648103490852, 599612914
20648703145882, 591439112
20649294625893, 608331993
20649902999247, 609324541
20650512363293, 612734995
20651125138680, 887808271
20652012985711, 964870993
20652977896510, 609750430
20653587689771, 606617972
20654194352003, 618907606
20654813299386, 610346065
20655423687563, 610187618
20656033915930, 607227587
20656641186333, 602832175
20657244059816, 604499504
20657848602633, 894031631
20658742676304, 964509481
20659707227870, 610772042
20660318040783, 615458155
20660933538982, 611734498
20661545315216, 605958027
20662151314918, 602182997
20662753538655, 616985372
20663370565256, 606401970
20663977011115, 621348283
20664598400214, 899254721
20665497694992, 969842659
20666467579057, 603516484
20667071137184, 599467473
20667670645724, 615696226
20668286382052, 609581851
20668896016611, 608677942
20669504735794, 604788648
20670109567233, 602380031
20670711986452, 609011153
20671321037392, 898557715
20672219639019, 952089292
20673171768753, 619646708
20673791456604, 595102199
20674386599313, 607551431
20674994191081, 608537743
20675602768801, 594473367
20676197283050, 609213817
20676806536942, 616559835
20677423137878, 602689829
20678025866911, 895995530
20678921903319, 966323959
20679888268349, 610808154
20680499116833, 618422253
20681117581776, 609362715
20681726986678, 605532678
20682332560111, 609267341
20682941868335, 621188124
20683563095029, 607362321
20684170497884, 606132699
20684776671370, 901012682
20685677723969, 963436445
20686641202294, 608973061
20687250218178, 599386306
20687849645544, 615531352
20688465219104, 616575748
20689081841351, 610126577
20689692027778, 614570254
20690306640997, 608632957
20690915314305, 611642644
20691526998521, 910476969
20692437515689, 974338001
20693411895372, 616639030
20694028575471, 606326536
20694634941469, 601936559
20695236921358, 608744889
20695845712268, 617492368
20696463243458, 607961221
20697071247052, 627034036
20697698321351, 600635043
20698298997691, 898711240
20699197750682, 963162630
20700160954874, 612503255
20700773499852, 606320507
20701379861208, 617198767
20701997101264, 600475841
20702597617389, 614983153
20703212640191, 613390554
20703826071284, 606384467
20704432497259, 598681382
20705031218876, 911096094
20705942354713, 970113840
20706912511371, 613911932
20707526466810, 607915363
20708134422345, 623251632
20708757716968, 617605820
20709375363810, 617215680
20709992621218, 619580686
20710612241661, 600006334
20711212289438, 612476588
20711824808455, 893390571
20712718238941, 973927312
20713692210021, 619140639
20714311392654, 631740790
20714943172172, 616434449
20715559649278, 617977835
20716177669957, 615368896
20716793079800, 625355554
20717418475841, 632278639
20718050796066, 629772673
20718680608945, 922017284
20719602666452, 971424539
20720574132280, 608618261
20721182792108, 613631626
20721796465471, 619710534
20722416217503, 621611771
20723037869884, 627918779
20723665831563, 611523278
20724277395583, 620757745
20724898195088, 624811600
20725523046894, 899902174
20726422990253, 964834991
20727387867714, 635614233
20728023523627, 620040580
20728643604819, 621376405
20729265025082, 620796615
20729885861801, 603595266
20730489497961, 615440332
20731104979275, 623781512
20731728801820, 611297792
20732340139787, 903335407
20733243515291, 967396921
20734210953197, 608612128
20734819605765, 623400114
20735443046419, 620800966
20736063887458, 618178825
20736682107699, 644135987
20737326284775, 623384781
20737949710734, 613547290
20738563298667, 619140247
20739182479501, 899634434
20740082153043, 973462255
20741055657339, 624337850
20741680049358, 619738420
20742299828211, 624781286
20742924653712, 606579939
20743531274477, 625889253
20744157205467, 632899087
20744790146513, 613506563
20745403695148, 637759559
20746041495648, 915361561
20746956896275, 969041596
20747925984123, 621475918
20748547503081, 626442783
20749173987901, 611334552
20749785364281, 632691038
20750418095988, 621271339
20751039408665, 614264604
20751653715269, 628305381
20752282062593, 624996465
20752907101053, 925591336
20753832732597, 981832885
20754814606450, 633849072
20755448497397, 625632210
20756074171992, 619113947
20756693327822, 614523738
20757307892620, 633569320
20757941501123, 619625969
20758561169351, 637350060
20759198561533, 611977947
20759810580299, 911779215
20760722399373, 974203742
20761696643229, 621076966
20762317761306, 620474944
20762938277926, 630273753
20763568592138, 618768072
20764187400877, 626805992
20764814253189, 628787319
20765443081615, 644162014
20766087283730, 627158039
20766714480648, 912214167
20767626734586, 991311204
20768618087037, 621539375
20769239666721, 630091187
20769869800290, 614587267
20770484428845, 625245899
20771109717952, 649049552
20771758808259, 625014681
20772383865272, 638427520
20773022333033, 628580865
20773650954013, 922023010
20774573017044, 983972009
20775557031518, 644234074
20776201306132, 636123226
20776837470446, 635361538
20777472874094, 640969870
20778113885341, 624873455
20778738798375, 623499829
20779362339908, 633777101
20779996157156, 642285883
20780638484966, 942189094
20781580714392, 972940705
20782553693240, 632335364
20783186068366, 626387139
20783812493980, 642363306
20784454895790, 624583682
20785079517549, 620411203
20785699966333, 634939728
20786334945103, 631495541
20786966479232, 618917031
20787585435008, 930404603
20788515877589, 980975486
20789496892827, 628706116
20790125639277, 637171973
20790762849485, 626530063
20791389417859, 631984870
20792021439959, 645819264
20792667299329, 628818608
20793296156531, 628200764
20793924395120, 624753091
20794549186676, 942189707
20795491414005, 985695989
20796477148123, 640326583
20797117511507, 626895422
20797744446290, 625730865
20798370214805, 639733951
20799009987876, 630327004
20799640354950, 644072979
20800284468160, 633293142
20800917801799, 636836086
20801554678576, 939272049
20802493990801, 978978810
20803473014452, 639768906
20804112824218, 640182450
20804753047359, 628518255
20805381607317, 639877046
20806021526952, 648992346
20806670559993, 638265048
20807308867978, 625891813
20807934802305, 632601878
20808567444417, 940186780
20809507672596, 990768735
20810498481131, 638052425
20811136576961, 638358596
20811774976181, 636205127
20812411222762, 650556855
20813061821543, 643901747
20813705764456, 628824684
20814334629453, 639588633
20814974261766, 623116147
20815597419351, 949766417
20816547226342, 963109313
20817510376384, 643111224
20818153531579, 627033738
20818780606372, 641678648
20819422324193, 641783363
20820064148797, 628744775
20820692936431, 646353011
20821339329490, 645330465
20821984702081, 640590207
20822625333051, 953727030
20823579117775, 985167262
20824564324799, 636302673
20825200669477, 638559681
20825839270662, 649608529
20826488922087, 636300044
20827125265421, 635842553
20827761147383, 636199858
20828397386366, 639751055
20829037179498, 633169619
20829670390183, 948885778
20830619314993, 988371508
20831607724838, 624914223
20832232677608, 655401307
20832888116980, 628993932
20833517151047, 643385700
20834160574959, 637388152
20834798001942, 644643919
20835442684834, 658136223
20836100861399, 626178342
20836727080182, 969111225
20837696228866, 987007008
20838683272856, 634589731
20839317901177, 633085197
20839951025800, 647938372
20840599001926, 642465176
20841241505907, 645755625
20841887299084, 651868802
20842539208258, 645571594
20843184818154, 621525945
20843806383892, 1031834101
20844838258544, 988977793
20845827275008, 636198975
20846463512152, 638817243
20847102367596, 623264238
20847725672711, 622836102
20848348547904, 657249197
20849005834590, 642274396
20849648147307, 638375656
20850286561459, 652277689
20850938878320, 943890868
20851882807916, 988936776
20852871782557, 636519178
20853508340579, 643363382
20854151743548, 628594209
20854780376729, 627967830
20855408384569, 641155298
20856049580361, 638530311
20856688148475, 650280093
20857338468324, 648863392
20857987372191, 936180057
20858923589708, 987310706
20859910939056, 645769566
20860556748678, 643826657
20861200613039, 629894104
20861830549872, 647073928
20862477662060, 634008843
20863111710392, 651963377
20863763713828, 647086477
20864410840354, 619536015
20865030416115, 970524703
20866000980597, 993863974
20866994882224, 644241892
20867639162853, 633383232
20868272584925, 662817245
20868935442460, 653213977
20869588695835, 653693507
20870242430195, 654266114
20870896734507, 638030356
20871534806474, 634426559
20872169272931, 971877480
20873141189219, 996937510
20874138165159, 636264083
20874774470242, 642308289
20875416819267, 652592291
20876069450887, 638876323
20876708366068, 646026409
20877354432274, 643556718
20877998028409, 631954335
20878630023745, 650793606
20879280856717, 948874097
20880229772632, 987058028
20881216869090, 638366205
20881855273794, 639954123
20882495266961, 639205266
20883134511693, 651468278
20883786020422, 652587279
20884438649580, 645375419
20885084064493, 638818147
20885722922358, 645007609
20886367968731, 935614343
-------------
--------->>>>0<<<<---------