---inserts---
14502422702045, 10671187295041
25173621426938, 2893546332
25176515094824, 3669506399
25180184726753, 2847365825
25183032200724, 1140567011
25184172885815, 1869379235
25186042377745, 984052531
25187026542773, 1736476234
25188763128680, 1671666737
25190434900763, 2137848517
25192572849379, 3463980317
25196036945636, 1667560457
25197704650946, 1224973894
25198929744567, 1652679123
25200582534430, 1301309060
25201883952015, 1708430674
25203592490189, 925715423
25204518318342, 1251459086
25205769888189, 809771242
25206579776395, 1249416172
25207829297016, 1283668847
25209113076704, 729768048
25209842957650, 1117407347
25210960474393, 908838470
25211869424890, 886858057
25212756673210, 680716327
25213437562079, 1245600738
25214683264347, 1191799255
25215875163959, 814697277
25216689960178, 967587818
25217657642039, 1100376304
25218758122647, 867041838
25219625270177, 708298439
25220333670368, 815659220
25221149431911, 881481854
25222031030307, 671068801
25222702221444, 1164300855
25223866637813, 713596641
25224580344985, 626463388
25225206919505, 1227971712
25226434982352, 1112921166
25227548012577, 656923242
25228205032882, 635957082
25228841085870, 633265491
25229474450063, 621082742
25230095632597, 635785223
25230731512901, 643004200
25231374616525, 606844097
25231981560881, 642029849
25232623686113, 1030990038
25233654766615, 1045889150
25234700750816, 637053313
25235337905109, 635553259
25235973556603, 637753291
25236611407402, 612929366
25237224435549, 634576384
25237859109881, 605470643
25238464686844, 618535212
25239083318742, 613805364
25239697220174, 1001631812
25240698940346, 1024318525
25241723358212, 610853671
25242334309700, 616211442
25242950619495, 590640088
25243541364231, 602486811
25244143949028, 619268708
25244763313752, 600908892
25245364320852, 621860361
25245986278226, 595893468
25246582269263, 979161417
25247561523715, 1043306623
25248604929471, 600788040
25249205816827, 612588362
25249818502188, 601802162
25250420404086, 590958591
25251011459190, 583882671
25251595446716, 593108394
25252188652950, 587150643
25252775901597, 616546560
25253392547330, 951580087
25254344218478, 1001735662
25255346051630, 605900880
25255952074630, 559632206
25256511809391, 608098160
25257120018538, 594219133
25257714336817, 594838050
25258309273973, 560494335
25258869866897, 615973254
25259485942035, 583604338
25260069642088, 987252817
25261056984283, 1268500854
25262325586899, 582898099
25262908582784, 590004886
25263498689665, 570915371
25264069705198, 589208767
25264659011856, 594815856
25265253940116, 596420802
25265850461441, 590548500
25266441109471, 581049596
25267022261894, 809301429
25267831653507, 955876396
25268787629943, 577347176
25269365082925, 574278370
25269939459489, 567549245
25270507131307, 579633809
25271086863407, 575260742
25271662225581, 579828568
25272242154118, 584057742
25272826310358, 595768977
25273422212626, 949855495
25274372236611, 982243026
25275354586658, 588432702
25275943127244, 561856305
25276505092326, 574206655
25277079407930, 582186521
25277661718759, 573990513
25278235810589, 620537538
25278856447784, 573046924
25279429596600, 591426820
25280021123931, 845280976
25280866496554, 977496677
25281844108537, 561997793
25282406209398, 578054269
25282984365696, 578351591
25283562831657, 563811745
25284126747554, 573485303
25284700335927, 563594756
25285264067682, 571707521
25285835913207, 597155933
25286433170339, 810502597
25287243766873, 950255137
25288194121121, 584889275
25288779112665, 565485177
25289344700060, 565332425
25289910131962, 565512111
25290475742755, 574316888
25291050161416, 565768526
25291616041960, 566356194
25292182497721, 558534911
25292741137292, 819426199
25293560657428, 941909722
25294502666186, 568975356
25295071740424, 569904873
25295641745083, 566665259
25296208512984, 569817615
25296778430134, 587923597
25297366456930, 568747702
25297935306221, 562967534
25298498373774, 553834715
25299052312700, 930645263
25299983050538, 928226705
25300911378981, 566229909
25301477711705, 556995201
25302034806780, 743191667
25302778099628, 616747577
25303394949666, 576532307
25303971585733, 548360979
25304520064613, 573160367
25305093327699, 571432042
25305664863549, 840912214
25306505871063, 939214964
25307445183649, 578665279
25308023949449, 575044316
25308599095213, 560293386
25309159489398, 569099186
25309728686331, 560756001
25310289542231, 588656185
25310878326743, 598710660
25311477134216, 554513282
25312031745840, 787576861
25312819415697, 937051005
25313756565122, 567182299
25314323847261, 570084768
25314894029775, 565629398
25315459755900, 545256474
25316005128006, 580511592
25316585739177, 551351846
25317137190952, 537870304
25317675172864, 543728127
25318219000516, 912591069
25319131686368, 924628956
25320056415332, 542342105
25320598856513, 565860128
25321164816458, 563889277
25321728805469, 574557365
25322303465923, 553445336
25322857013383, 546626156
25323403741733, 555494394
25323959335427, 543536783
25324502973396, 806055680
25325309125443, 920984705
25326230210072, 568822636
25326799135803, 563913159
25327363147343, 560077004
25327923325632, 567882974
25328491310410, 555753349
25329047169045, 555442835
25329602714394, 577066614
25330179881519, 556795398
25330736777807, 796508940
25331533379907, 924875114
25332458353744, 560230522
25333018682583, 559557932
25333578340969, 565914949
25334144360462, 539563887
25334684036954, 570310807
25335254446692, 557038732
25335811585252, 559985403
25336371676772, 545903660
25336917680044, 807247482
25337725020341, 920555829
25338645674854, 563126006
25339208900641, 567597687
25339776597457, 554524246
25340331221870, 538387959
25340869708397, 541619064
25341411424153, 545531841
25341957055260, 568403215
25342525556758, 544745153
25343070401710, 822500231
25343892997704, 924060598
25344817159737, 564336083
25345381592930, 557889227
25345939583396, 565225726
25346504909605, 551248476
25347056258578, 554885240
25347611246480, 543633323
25348154979097, 549906025
25348704983921, 551939592
25349257025211, 781412481
25350038539371, 908379084
25350947018333, 544557645
25351491677012, 560661417
25352052438670, 552785118
25352605324270, 551716750
25353157145686, 555729769
25353712975544, 559202218
25354272276249, 554927921
25354827303544, 551015618
25355378418004, 803750031
25356182264751, 917676462
25357100059745, 544768540
25357644926688, 541248148
25358186277375, 564929894
25358751311350, 542320340
25359293732342, 555074382
25359848905187, 548604968
25360397609475, 548270790
25360945981699, 557285671
25361503369732, 917650074
25362421116353, 911963512
25363333183263, 555018220
25363888299714, 544028943
25364432434487, 554043188
25364986588453, 548621543
25365535326648, 560730953
25366096228434, 568599919
25366664938447, 559515580
25367224557714, 549746139
25367774405141, 813745202
25368588243277, 926936902
25369515281880, 557042372
25370072426104, 567377810
25370639904606, 557149418
25371197156107, 555556547
25371752814746, 567970214
25372320889385, 576234602
25372897226077, 559095587
25373456426488, 563656925
25374020183922, 800492167
25374820770847, 913453022
25375734322863, 552788905
25376287214337, 565643686
25376852958012, 550480645
25377403538489, 569714943
25377973356121, 568255638
25378541710432, 536319045
25379078133481, 552675906
25379630908463, 548219673
25380179226616, 931390131
25381110711641, 900861419
25382011672461, 550253772
25382562028534, 540693542
25383102821199, 551110681
25383654032316, 532827184
25384186963070, 550294383
25384737357075, 563423055
25385300880084, 546867208
25385847848932, 569705403
25386417659834, 924382799
25387342159024, 927594589
25388269881559, 569549680
25388839532716, 553761337
25389393397073, 558051929
25389951551788, 548562213
25390500215323, 563626601
25391063942028, 558712807
25391622755640, 556170547
25392179030874, 552317711
25392731452391, 808090943
25393539640217, 925673065
25394465415493, 560633964
25395026151380, 559931215
25395586173504, 554121617
25396140388127, 553223611
25396693703351, 579061089
25397272858677, 575943098
25397848903774, 560657778
25398409658205, 571265590
25398981022063, 819337358
25399800449912, 944859989
25400745408793, 575890011
25401321396208, 556725740
25401878216865, 570062577
25402448375236, 569673189
25403018140708, 559093611
25403577329237, 551056105
25404128476258, 547075644
25404675640396, 561428136
25405237160504, 819254471
25406056502641, 918539355
25406975132007, 551089215
25407526313510, 559081285
25408085485734, 561297137
25408646878370, 576853823
25409223821751, 558484639
25409782398944, 565012022
25410347503909, 564387261
25410911982632, 550798835
25411462871729, 810856561
25412273818619, 921380153
25413195290643, 542772189
25413738155212, 560458081
25414298710500, 564466514
25414863269098, 558538972
25415421900898, 562613730
25415984606535, 564610913
25416549307756, 565289914
25417114688106, 560939788
25417675720679, 808647424
25418484456638, 922587685
25419407134840, 558532322
25419965759351, 557913110
25420523762492, 556133495
25421079988124, 558187302
25421638268417, 561061588
25422199420917, 566336939
25422765852325, 570276852
25423336218856, 569040254
25423905351014, 945734896
25424851174370, 919945269
25425771212552, 553880271
25426325189368, 565027587
25426890309466, 577060812
25427467463040, 557798381
25428025353925, 560030982
25428585477843, 566388974
25429151963597, 557256447
25429709312698, 554907940
25430264315402, 839578954
25431103984539, 914120937
25432018203754, 557204007
25432575504484, 555421348
25433131017947, 563193875
25433694305621, 569992425
25434264389787, 558549205
25434823034161, 562828062
25435385971907, 560613606
25435946679618, 562416721
25436509188053, 813084188
25437322361606, 914870777
25438237324563, 566771914
25438804188967, 555938610
25439360224196, 573636061
25439933952724, 546515099
25440480560998, 566160734
25441046815966, 561640538
25441608546590, 567317208
25442175970206, 560125988
25442736206028, 815634009
25443551956056, 923862306
25444475931598, 577433066
25445053521781, 568206705
25445621902740, 574878644
25446197077475, 560609421
25446757774943, 555663148
25447313504617, 561780572
25447875350993, 560890389
25448436305936, 566377911
25449002749816, 821797706
25449824609567, 916435114
25450741110579, 563121676
25451304299146, 562604564
25451866967724, 568320437
25452435353084, 566815745
25453002233074, 564751500
25453567049399, 564783536
25454131897737, 572859583
25454704826681, 573833948
25455278726969, 848414137
25456127201218, 922159822
25457049423414, 564869268
25457614357889, 562931279
25458177355790, 558414189
25458735835561, 563368729
25459299269582, 554573217
25459853910604, 577991011
25460431970114, 567746739
25460999781884, 571028775
25461570876048, 964269463
25462535209897, 922631656
25463457905570, 576893870
25464034868037, 566217817
25464601149824, 585892770
25465187114022, 583885543
25465771066064, 559394974
25466330537441, 564065922
25466894668706, 559095670
25467453829642, 553571446
25468007466534, 839698841
25468847227405, 931191668
25469778484624, 572954401
25470351502952, 572416806
25470923982893, 568119506
25471492168630, 559309832
25472051543137, 578015493
25472629625649, 579800294
25473209491149, 547690748
25473757247539, 568444375
25474325756197, 836798870
25475162616944, 920469823
25476083153352, 572692003
25476655912170, 567173991
25477223150077, 570878731
25477794094934, 573591708
25478367755251, 561302215
25478929122785, 557816284
25479487004622, 548204835
25480035273289, 573781790
25480609120932, 823118224
25481432301233, 920772790
25482353140684, 558277595
25482911483667, 576906836
25483488457810, 585776923
25484074299290, 574440107
25484648815285, 577204693
25485226087697, 562147050
25485788303680, 584553712
25486372923598, 577903532
25486950893158, 843492639
25487794447980, 925915324
25488720429536, 583798546
25489304293945, 574065966
25489878426963, 567103692
25490445598221, 563246044
25491008909948, 558411772
25491567388235, 563088502
25492130542278, 574651145
25492705258967, 574223830
25493279551602, 833965768
25494113579778, 917323920
25495030968633, 569633938
25495600668876, 559301420
25496160048736, 569523435
25496729642190, 585869603
25497315583820, 575053595
25497890711408, 573722960
25498464506819, 561544814
25499026125181, 574874989
25499601073095, 815264273
25500416408030, 935706478
25501352190641, 587357878
25501939621797, 563652492
25502503347144, 585249935
25503088671609, 568864386
25503657609069, 581884161
25504239568716, 557131136
25504796774476, 583576283
25505380422938, 588858925
25505969355533, 840668614
25506810093817, 932714536
25507742883453, 578466356
25508321424274, 567931499
25508889427609, 564548372
25509454048635, 588078306
25510042199499, 572921790
25510615195761, 588725614
25511203996309, 563450050
25511767514245, 577628061
25512345208082, 842955031
25513188227965, 954303387
25514142598273, 588215923
25514730882328, 597291389
25515328241477, 596275319
25515924583738, 586811239
25516511460700, 571957136
25517083486669, 591109778
25517674662807, 566076706
25518240807299, 580805409
25518821680369, 851458635
25519673199915, 947554750
25520620820735, 574175737
25521195063169, 577895295
25521773024504, 580938981
25522354030539, 574900020
25522928997143, 577838602
25523506901184, 575172723
25524082141236, 576231557
25524658438878, 585814549
25525244319685, 840841010
25526085222656, 919526383
25527004943460, 594970826
25527600112061, 587385093
25528187578146, 578613166
25528766251946, 586817749
25529353125607, 564440865
25529917624165, 579359516
25530497038736, 576166475
25531073262568, 571121274
25531644438866, 861353882
25532505849383, 928944144
25533434850435, 575911272
25534010818786, 589079732
25534599956030, 575716901
25535175729580, 590584130
25535766369935, 583004228
25536349430515, 574967146
25536924454102, 568548962
25537493058128, 571580334
25538064694654, 836919829
25538901670172, 938883661
25539840612306, 586629008
25540427298162, 580315158
25541007669434, 592800015
25541600524521, 586807271
25542187387038, 588181789
25542775624363, 575696835
25543351420389, 580541559
25543932052052, 590606218
25544522715091, 851127110
25545373899318, 947669551
25546321625421, 591690523
25546913371281, 576267396
25547489693150, 572144967
25548061896240, 573677797
25548635631644, 586626378
25549222313186, 564895135
25549787266054, 574697364
25550362020389, 593193206
25550955268633, 848070829
25551803394673, 930016013
25552733468582, 596370162
25553329893850, 573239653
25553903190874, 582390924
25554485636477, 596868147
25555082562899, 583092282
25555665712094, 593054840
25556258821612, 580161616
25556839040560, 590464233
25557429565252, 856611150
25558286233689, 941015124
25559227306141, 587695415
25559815057621, 598799041
25560413915036, 571308506
25560985280436, 585754721
25561571092818, 579395140
25562150544736, 601082247
25562751684421, 577103573
25563328848796, 580260107
25563909165787, 847514783
25564756745168, 951105604
25565707913006, 601640389
25566309611131, 600455152
25566910123112, 586829964
25567497011810, 588908068
25568085977215, 578575541
25568664614506, 580478756
25569245149270, 595239285
25569840448573, 590568177
25570431073946, 885420446
25571316549906, 948964780
25572265574135, 593853988
25572859486126, 607746545
25573467291218, 595535771
25574062884656, 601862274
25574664803139, 588442479
25575253304582, 598538772
25575851900405, 587620035
25576439575619, 590228636
25577029861051, 873176013
25577903093843, 938739214
25578841890660, 574973494
25579416920886, 602789208
25580019767359, 592851018
25580612676776, 580442744
25581193178339, 593553270
25581786789684, 597389025
25582384239373, 585666674
25582969964666, 583440906
25583553464484, 869886445
25584423405218, 954012218
25585377473564, 598733316
25585976263190, 604669222
25586580989942, 583033655
25587164083268, 595041370
25587759181660, 593534142
25588352773943, 590939447
25588943771219, 590307827
25589534138907, 593950390
25590128149834, 883193395
25591011399182, 945110117
25591956565913, 581956250
25592538581147, 594284643
25593132922838, 587333820
25593720313620, 609359317
25594329731062, 591815923
25594921604437, 583668169
25595505330225, 596393907
25596101780712, 591997113
25596693834932, 871720859
25597565610614, 951284469
25598516963053, 591586288
25599108606111, 585033982
25599693695250, 608198239
25600301950632, 601266726
25600903274951, 589730993
25601493065098, 598536137
25602091659327, 594480341
25602686199158, 590836228
25603277092642, 863089369
25604140236637, 945786743
25605086081738, 590325414
25605676464731, 590124411
25606266647197, 595626351
25606862331282, 589930724
25607452321289, 598417869
25608050796210, 606746564
25608657599978, 603832236
25609261489738, 596531136
25609858097087, 883989171
25610742304451, 958612131
25611701041467, 599517835
25612300599486, 593471504
25612894111812, 608989738
25613503143098, 601595716
25614104780454, 599925237
25614704747359, 619204556
25615323995522, 608772625
25615932810005, 585261241
25616518111357, 887220782
25617405370970, 950763042
25618356174577, 598772139
25618954987302, 599425571
25619554454152, 595053268
25620149548670, 596553554
25620746143351, 581397558
25621327580995, 591772784
25621919393979, 604931560
25622524365496, 578619564
25623103025126, 870922795
25623973987471, 940597060
25624914625472, 598465469
25625513136676, 595267165
25626108445903, 596816474
25626705303737, 596112752
25627301456944, 614200552
25627915696455, 593842771
25628509579865, 602503727
25629112127674, 597915039
25629710083607, 888533240
25630598656522, 946663409
25631545361616, 600605749
25632146009479, 609600215
25632755651519, 602043239
25633357737414, 606990622
25633964769567, 613921990
25634578733995, 606809087
25635185583697, 600480438
25635786103770, 593847246
25636379991533, 896455104
25637276487496, 980135150
25638256663350, 599227727
25638855933142, 602828509
25639458801791, 613842249
25640072684743, 607691952
25640680417969, 603529200
25641283990115, 594654476
25641878685653, 615772781
25642494499971, 595380171
25643089922145, 878495703
25643968458965, 963937254
25644932435906, 595173075
25645527649397, 601512624
25646129203648, 618543979
25646747786999, 599986706
25647347814858, 603419254
25647951274724, 598559794
25648549873831, 591296567
25649141214348, 621221730
25649762477566, 888842766
25650651361204, 957800018
25651609202431, 611153286
25652220397041, 609259881
25652829697296, 588749984
25653418488420, 622181096
25654040710470, 599225347
25654639975630, 601397035
25655241416321, 606723879
25655848180773, 588267409
25656436489247, 888124241
25657324654001, 955486823
25658280182465, 605369974
25658885593051, 601391219
25659487024878, 605766975
25660092833567, 606570508
25660699445178, 610511483
25661309996544, 610662493
25661920699319, 596034715
25662516775599, 610539605
25663127361035, 888503854
25664015903590, 961167282
25664977112716, 607400874
25665584554702, 609901753
25666194497033, 614463541
25666809000401, 612496446
25667421537078, 606441938
25668028039211, 616117546
25668644200051, 598218611
25669242459046, 617421946
25669859922261, 922047852
25670782009353, 961876723
25671743926663, 608381809
25672352348676, 615859706
25672968247208, 602516536
25673570805640, 620159215
25674191013100, 621294544
25674812349910, 612623626
25675425013582, 606640412
25676031695863, 595196166
25676626932098, 915219906
25677542201918, 978530599
25678520774810, 601099385
25679121917339, 606311403
25679728270753, 615884926
25680344196529, 608056978
25680952293843, 587744169
25681540078389, 618485737
25682158604243, 599020213
25682757665382, 605354999
25683363061344, 892340977
25684255444016, 963882024
25685219370579, 603969690
25685823382190, 607902087
25686431324929, 600346037
25687031710189, 610035218
25687641787113, 622315134
25688264142843, 607992471
25688872174680, 615516745
25689487731611, 616713120
25690104484767, 890562309
25690995086064, 968803465
25691963931429, 617426545
25692581399902, 613603035
25693195044690, 616124964
25693811211273, 615995876
25694427247627, 624550243
25695051837913, 617728928
25695669609161, 615968686
25696285634108, 613515194
25696899197416, 914466197
25697813705805, 971268882
25698785017239, 617457613
25699402517354, 626115402
25700028676525, 619485943
25700648208078, 629909566
25701278163516, 619252175
25701897459502, 625945169
25702523448293, 632375107
25703155866735, 607802180
25703763712475, 914246817
25704677998971, 954193864
25705632234350, 604771650
25706237047457, 624183633
25706861271710, 609253261
25707470566005, 629611145
25708100218526, 611521659
25708711780494, 615771887
25709327594408, 628293433
25709955927853, 621351089
25710577319931, 907160941
25711484519519, 961574376
25712446135682, 628688864
25713074865489, 613470203
25713688377645, 630998663
25714319417692, 612089469
25714931547929, 619628209
25715551216893, 631258477
25716182516740, 595700386
25716778257946, 603761800
25717382061969, 909160789
25718291263812, 969416458
25719260721560, 633513651
25719894277054, 620798826
25720515116797, 615938679
25721131098936, 621956671
25721753097329, 631947027
25722385090694, 618148403
25723003278938, 638628161
25723641949242, 611825562
25724253815721, 908877166
25725162733382, 968649230
25726131424832, 634644032
25726766110090, 639833210
25727405985102, 619288637
25728025317231, 639177371
25728664534563, 615978038
25729280555338, 615407689
25729896020103, 622913157
25730518974092, 619451680
25731138467678, 912321911
25732050831355, 972493626
25733023367432, 627189840
25733650600254, 639144305
25734289786359, 626809211
25734916636478, 619420337
25735536099224, 621006460
25736157146466, 611935473
25736769123517, 622630078
25737391794528, 625366228
25738017202390, 902538508
25738919780873, 963845315
25739883672534, 618745397
25740502459618, 621336067
25741123838531, 615393246
25741739274126, 619701008
25742359016819, 630925042
25742989982838, 613543448
25743603569176, 607853471
25744211463814, 626938875
25744838445071, 913034713
25745751520633, 1002032792
25746753596675, 631977553
25747385614460, 633535036
25748019191229, 629876967
25748649108732, 635491778
25749284642497, 622080198
25749906762927, 625645234
25750532450259, 638692253
25751171184850, 615343549
25751786569667, 914714669
25752701326843, 977805222
25753679173785, 639982840
25754319199907, 657105481
25754976348586, 654872116
25755631265161, 641565670
25756272872488, 637832834
25756910747413, 622576961
25757533365169, 631402967
25758164810258, 614750517
25758779601584, 945317568
25759724958107, 978689479
25760703689334, 630559581
25761334291380, 621172199
25761955505071, 640617986
25762596165442, 637142557
25763233350624, 640277980
25763873670318, 623981310
25764497694271, 644147705
25765141883581, 639264574
25765781189383, 942747751
25766723975911, 983955741
25767707972005, 626024713
25768334037660, 643181108
25768977259959, 628089612
25769605391669, 639795375
25770245229558, 658930278
25770904201590, 635314417
25771539558681, 628375777
25772167976008, 639318464
25772807334761, 928037434
25773735412797, 985021832
25774720476158, 638906617
25775359424846, 638125641
25775997592255, 635480962
25776633115797, 644543759
25777277702240, 645707868
25777923452923, 619951165
25778543446656, 639175034
25779182662602, 619019706
25779801725016, 947300594
25780749063529, 983501578
25781732607995, 643822806
25782376476255, 634362733
25783010879757, 626651400
25783637572762, 638444814
25784276061163, 644334994
25784920437738, 628956789
25785549437937, 622278490
25786171760396, 633648476
25786805449535, 940613792
25787746103766, 976857809
25788723001879, 643901863
25789366944419, 628820980
25789995805451, 636096823
25790631943306, 618617127
25791250602110, 637133618
25791887776631, 635746540
25792523564547, 635035861
25793158642517, 636003348
25793794686202, 941858335
25794736605570, 983907280
25795720555506, 627146271
25796347743232, 626067751
25796973853559, 639207374
25797613103291, 629595677
25798242741960, 633316765
25798876101048, 650230477
25799526373253, 628793494
25800155210509, 645039714
25800800293872, 934153059
25801734488116, 988018386
25802722549186, 629855270
25803352447452, 626889778
25803979379718, 641899294
25804621323503, 634548759
25805255915551, 646173062
25805902131198, 623093319
25806525267647, 623904752
25807149215158, 650941373
25807800197947, 942207803
25808742446342, 985395377
25809727882338, 625106417
25810353032046, 646458946
25810999532648, 635400576
25811634974949, 637456250
25812272472846, 628959078
25812901473364, 643253363
25813544768299, 641419691
25814186230036, 646352888
25814832624688, 941134663
25815773802328, 994095098
25816767940484, 647417736
25817415402702, 644541745
25818059987035, 638891633
25818698921436, 643892108
25819342857526, 643138058
25819986036338, 645326484
25820631403672, 639445700
25821270893398, 634357435
25821905293463, 958770174
25822864113159, 1000653179
25823864808016, 629097662
25824493948835, 645088010
25825139077266, 647107124
25825786226466, 635438716
25826421708455, 652492798
25827074241104, 645808365
25827720090037, 646448720
25828366577845, 667726631
25829034345260, 963773237
25829998157901, 1009903563
25831008102394, 641099264
25831649242939, 662028314
25832311311310, 654695818
25832966046451, 639472741
25833605559741, 648014949
25834253614978, 645053449
25834898710461, 644464952
25835543221895, 657607001
25836200870768, 952995126
25837153904013, 981828558
25838135774681, 642795624
25838778612277, 648182986
25839426838394, 635872175
25840062753568, 671783123
25840734583303, 646061775
25841380688222, 641983834
25842022713031, 654858817
25842677615750, 643995875
25843321655212, 983334405
25844305028079, 1001420520
25845306490499, 665438491
25845971969850, 644515917
25846616531881, 641730442
25847258304130, 647191826
25847905538413, 628361789
25848533942848, 663313283
25849197300157, 654802195
25849852145521, 631488865
25850483675715, 965278124
25851448991856, 1014939527
25852463973606, 641767028
25853105783145, 642703397
25853748529652, 630344068
25854378916595, 661280823
25855040239223, 634828667
25855675109732, 629798192
25856304952203, 633771148
25856938766270, 639152447
25857577961728, 956953519
-------------
--------->>>>0<<<<---------