---inserts---
14501991107587, 2850612972325
17352615808518, 4316206628
17356933031800, 3801737894
17360734899014, 2929975896
17363665009471, 1946852085
17365611992672, 2133868853
17367745982888, 1591149211
17369337255115, 1086531057
17370423905153, 1724801402
17372148826244, 2113234949
17374262174309, 3424330133
17377686622022, 1068411303
17378755177982, 1818134075
17380573435202, 1401580841
17381975135085, 1208352866
17383183605373, 1607564754
17384791285388, 1367882200
17386159276669, 892416767
17387051809112, 856369963
17387908293907, 2100606841
17390009002027, 1708249531
17391717362554, 693857319
17392411330827, 904428265
17393315871499, 1167494378
17394483472844, 1169336140
17395652936529, 1202868436
17396855962881, 691817455
17397547885336, 856382928
17398404364862, 689824034
17399094298156, 933699416
17400028106381, 1379074701
17401407289396, 675909659
17402083309562, 772125662
17402855542375, 668804673
17403524456812, 659963653
17404184550811, 682306642
17404866970415, 658869730
17405525948100, 646173153
17406172254731, 683991265
17406856375051, 1150896514
17408007360215, 1065216200
17409072670126, 634208954
17409706978007, 614283294
17410321363492, 616576494
17410938037952, 622950576
17411561082187, 611974733
17412173156184, 671395785
17412844645783, 599079614
17413443826979, 931217399
17414375139482, 1023265637
17415398494744, 1050208551
17416448797850, 619590717
17417068482079, 600367173
17417668938514, 621936042
17418290969047, 607734146
17418898794543, 684214789
17419583102954, 671322139
17420254516026, 604123294
17420858733707, 624052669
17421482879373, 954531914
17422437495453, 1013311411
17423450907245, 619539541
17424070541253, 584554644
17424655192821, 597027680
17425252312264, 593362791
17425845766473, 602708464
17426448583713, 580467437
17427029149928, 589205446
17427618449779, 612934104
17428231480777, 890829653
17429122399495, 1063306146
17430185795713, 575012675
17430760904387, 579971183
17431340967602, 598257778
17431939321287, 588356342
17432527770345, 577205470
17433105071483, 605486578
17433710650355, 788388717
17434499134889, 562705850
17435061937029, 838784064
17435900809325, 994494903
17436895397293, 616283592
17437511776548, 596883957
17438108754931, 607779038
17438716628290, 580518197
17439297241552, 575740427
17439873078770, 591732398
17440464904210, 583870684
17441048868783, 591185261
17441640147268, 812024376
17442452259090, 968209600
17443420560511, 560539999
17443981198918, 601032643
17444582324611, 588817859
17445171235743, 596690707
17445768034232, 596106977
17446364267984, 589630645
17446954000312, 589613767
17447543709540, 600832516
17448144644215, 792888176
17448937622205, 949420381
17449887136907, 585965119
17450473202984, 584165524
17451057465029, 570045001
17451627605241, 552896278
17452180599552, 584439579
17452765132333, 559905554
17453325136444, 564066027
17453889294755, 572388453
17454461804195, 944451606
17455406414601, 953859436
17456360383135, 577927843
17456938421222, 572333875
17457510856024, 565129156
17458076100069, 573041143
17458649266684, 586464753
17459235835020, 549719421
17459785653174, 579836326
17460365582816, 555561420
17460921237638, 803001379
17461724328055, 938539830
17462662962501, 578558509
17463241615582, 573485811
17463815197855, 547844010
17464363138991, 579170933
17464942419333, 542625136
17465485146979, 577149635
17466062401013, 553918297
17466616558525, 572461985
17467189119652, 813040429
17468002251994, 935537234
17468937882506, 560360339
17469498337612, 567046135
17470065475805, 573542008
17470639111900, 533447010
17471172656617, 560806186
17471733556686, 542490443
17472276141883, 563599587
17472839839985, 586358053
17473426290765, 825435592
17474251816354, 964409456
17475216322870, 570691901
17475787109433, 558839872
17476346044108, 551601542
17476897741432, 569577397
17477467412399, 576220914
17478043728212, 567497570
17478611318806, 579564419
17479190974623, 566478822
17479757549430, 793907813
17480551546919, 933666753
17481485309050, 549698589
17482035101196, 545349696
17482580544464, 566128766
17483146769092, 564859353
17483711725481, 566282756
17484278100365, 554222975
17484832417477, 544460908
17485376971604, 554593532
17485931660163, 931377120
17486863126951, 933540463
17487796760137, 543753731
17488340607848, 578032597
17488918735332, 565653432
17489484482393, 549846074
17490034422398, 545635701
17490580154875, 548051786
17491128298849, 560647277
17491689050119, 557372440
17492246519285, 802227846
17493048837063, 917761263
17493966692480, 564058495
17494530845087, 548411964
17495079379131, 566322557
17495645794612, 558413857
17496204304447, 533564894
17496737963225, 562983222
17497301042099, 557415374
17497858555875, 555505607
17498414155929, 799032273
17499213282469, 939327066
17500152703505, 555528355
17500708326612, 548459541
17501256878767, 572552912
17501829525434, 552721370
17502382343482, 558159377
17502940596890, 545564064
17503486253688, 550700322
17504037048619, 550205268
17504587345812, 930106247
17505517545409, 917853447
17506435492524, 554626009
17506990213099, 552404211
17507542712176, 548003634
17508090809804, 570317969
17508661222052, 531906410
17509193226089, 546233582
17509739553935, 546031296
17510285679267, 527741108
17510813518119, 789867735
17511603476068, 907726496
17512511293892, 545115864
17513056506833, 549640870
17513606248055, 540247330
17514146595470, 556577435
17514703266209, 543515988
17515246874668, 556305355
17515803273506, 539759114
17516343127488, 546565601
17516889787856, 919971764
17517809853058, 917998953
17518727944440, 562338528
17519290378880, 541816999
17519832288912, 549209581
17520381593427, 558942454
17520940628382, 542528353
17521483250123, 552404348
17522035747885, 549381490
17522585225818, 559330835
17523144653425, 802481976
17523947225158, 916972905
17524864291222, 550243657
17525414625986, 562573199
17525977293051, 545062677
17526522449502, 543803434
17527066345214, 547750550
17527614190266, 554340497
17528168624858, 543286266
17528712015151, 551636240
17529263743423, 785008693
17530048843588, 911011227
17530959949191, 555397427
17531515441961, 549369276
17532064905319, 551307604
17532616306237, 546803246
17533163203192, 547866658
17533711166171, 541841256
17534253102392, 549913848
17534803110129, 559346226
17535362551581, 810424885
17536173063841, 916540121
17537089698369, 561191502
17537650984965, 556214975
17538207300566, 562061478
17538769457704, 551612824
17539321164357, 557969602
17539879226188, 548832967
17540428154895, 554538904
17540982788524, 559860820
17541542744691, 781202872
17542324050526, 905139852
17543229290115, 554775547
17543784157466, 544635878
17544328894338, 556648027
17544885643250, 553359399
17545439108695, 564300810
17546003531802, 553220511
17546556863908, 557503880
17547114464039, 564240142
17547678798786, 936624175
17548615509160, 916346809
17549531955006, 561421824
17550093475411, 568004598
17550661576003, 555532863
17551217205877, 545065389
17551762372488, 550693888
17552313162535, 560795733
17552874052560, 556918574
17553431064120, 565856134
17553997017441, 824806191
17554821909824, 925540307
17555747544666, 547427883
17556295064100, 556183785
17556851342548, 559927807
17557411365819, 561234868
17557972696481, 560336758
17558533127192, 565497159
17559098722614, 536638361
17559635455049, 560564539
17560196112011, 932303630
17561128506692, 913130586
17562041734583, 552931120
17562594767303, 552009259
17563146870816, 558108431
17563705077672, 548207324
17564253383608, 554269254
17564807753741, 564203114
17565372066415, 559593554
17565931758348, 559341121
17566491195686, 932709511
17567424025223, 924003077
17568348142199, 553715565
17568901955207, 567603982
17569469653270, 561163940
17570030912584, 548274292
17570579281415, 547239074
17571126612653, 555929178
17571682635378, 542911597
17572225643910, 537228670
17572762968627, 807137632
17573570196510, 908464826
17574478757288, 572293493
17575051147902, 540907974
17575592153479, 574862139
17576167111156, 554762089
17576721969734, 560178063
17577282247894, 550978256
17577833332670, 573284051
17578406712406, 555450477
17578962260869, 926453222
17579888805802, 905268558
17580794167986, 562939625
17581357201687, 562164206
17581919460077, 562926567
17582482481243, 545022979
17583027599615, 571323371
17583599016396, 545586830
17584144699910, 548091428
17584692886048, 551246932
17585244231479, 815488217
17586059810794, 908283815
17586968194501, 555515143
17587523806552, 566109164
17588090013341, 556894676
17588647006364, 564528852
17589211630704, 558924435
17589770649007, 559585996
17590330329137, 552955469
17590883377828, 547065114
17591430544493, 824018993
17592254655299, 907283284
17593162035618, 564549646
17593726680652, 561069975
17594287849759, 562934547
17594850884982, 561753792
17595412735355, 547832539
17595960663357, 551083357
17596511844478, 563312676
17597075253772, 564917530
17597640267919, 808648818
17598449008226, 913508769
17599362611037, 559021993
17599921732950, 565068540
17600486897735, 566835815
17601053831311, 565011165
17601618937460, 548214160
17602167249131, 551927218
17602719276240, 563866244
17603283241457, 580256172
17603863593998, 835500842
17604699183018, 914173697
17605613453598, 556344682
17606169893968, 554043250
17606724045264, 553241204
17607277383410, 571525435
17607849003917, 558443113
17608407542681, 565131748
17608972774306, 552566185
17609525435434, 578603321
17610104133740, 818740308
17610922963743, 911400916
17611834463304, 571648666
17612406211006, 574303807
17612980610764, 565885290
17613546588970, 551659036
17614098344643, 566617367
17614665060683, 577223310
17615242382076, 547843750
17615790323513, 551192235
17616341610300, 951357208
17617293059185, 909007320
17618202166768, 562884843
17618765158654, 562960371
17619328216148, 564614996
17619892935346, 558423665
17620451456214, 563429069
17621014980314, 554583811
17621569660432, 556568342
17622126327274, 549190689
17622675628372, 828681357
17623504421433, 912799436
17624417334766, 563511512
17624980999792, 568829520
17625550014413, 556463056
17626106790701, 548003108
17626654928251, 567517030
17627222521307, 571351866
17627793939238, 559531686
17628353537132, 571460063
17628925063817, 805310518
17629730437860, 914742559
17630645245775, 551738641
17631197054396, 573329283
17631770452261, 558973454
17632329492687, 569019379
17632898579696, 560945383
17633459593062, 576104650
17634035764763, 555745188
17634591578227, 559503946
17635151150313, 942562527
17636093775172, 907596360
17637001438469, 569939256
17637571442436, 559202685
17638130715746, 580306971
17638711089224, 551745200
17639262907522, 574303580
17639837280194, 563578922
17640400928030, 589689520
17640990685267, 562620405
17641553373879, 814395629
17642367831807, 924491108
17643292392052, 563574915
17643856052597, 578588746
17644434709990, 554297849
17644989071919, 575903225
17645565045145, 567635817
17646132747957, 576962314
17646709779304, 554008270
17647263855186, 558656178
17647822579512, 821089237
17648643732831, 923895895
17649567697276, 574036234
17650141806747, 563181188
17650705055304, 561228420
17651266354319, 564370979
17651830794427, 555482952
17652386346820, 569877368
17652956299670, 562527222
17653518893259, 556014809
17654074975508, 856643822
17654931683502, 923316153
17655855065170, 567894625
17656423030012, 578240666
17657001338458, 553065991
17657554472747, 563740599
17658118287504, 572462420
17658690818003, 574466204
17659265366391, 568293421
17659833732257, 578176268
17660411976277, 831635184
17661243676968, 916152601
17662159897594, 573258195
17662733225134, 571085723
17663304380154, 561275124
17663865723918, 576996187
17664442789930, 568615514
17665011472485, 556716125
17665568256462, 554169491
17666122497732, 578565524
17666701131474, 833476293
17667534671755, 908762488
17668443501552, 571506179
17669015077122, 548475199
17669563618525, 571993509
17670135682217, 564825340
17670700573932, 576942885
17671277585455, 567621116
17671845274291, 565304676
17672410647051, 555646895
17672966362386, 824023534
17673790448248, 919570228
17674710087674, 573809107
17675283969614, 573904714
17675857943889, 567744055
17676425758134, 578126917
17677003952283, 578140789
17677582162886, 578494687
17678160728449, 552042855
17678712841954, 560802771
17679273715591, 827658612
17680101440888, 916722186
17681018230834, 571373137
17681589676983, 568420620
17682158165095, 585037084
17682743274217, 574744690
17683318088151, 573379804
17683891541726, 560426197
17684452056490, 571668458
17685023795070, 582101512
17685605965649, 846905998
17686452938032, 922901722
17687375910594, 583414831
17687959395436, 578605444
17688538070936, 588412567
17689126561521, 578841152
17689705471672, 584304460
17690289848525, 575089868
17690865010757, 578936636
17691444031991, 573917429
17692018017326, 843323421
17692861406439, 931765578
17693793243839, 573638571
17694366953140, 570135579
17694937158106, 578828716
17695516075639, 558599133
17696074745001, 592990199
17696667803517, 576599100
17697244472553, 580546681
17697825091257, 577911475
17698403071575, 982573297
17699385710784, 940249108
17700326028315, 580773769
17700906873356, 582230686
17701489172654, 557283608
17702046527548, 583698405
17702630294164, 589772213
17703220136007, 563948753
17703784153532, 597554795
17704381779396, 577766950
17704959615040, 829705851
17705789386426, 939545002
17706729079965, 585670888
17707314909756, 592521636
17707907550268, 577414205
17708485025304, 588541768
17709073625995, 563286240
17709636967751, 566951279
17710203977539, 597172153
17710801207952, 576392155
17711377657898, 844055144
17712221766874, 927260615
17713149083811, 572189056
17713721331096, 596936468
17714318324518, 590319649
17714908699234, 590032021
17715498787470, 582431743
17716081274205, 573509157
17716654836895, 586491709
17717241379730, 567177694
17717808611742, 837215870
17718645878448, 936902022
17719582835414, 581516361
17720164404665, 596989701
17720761449214, 591852985
17721353358447, 584820326
17721938233769, 569277956
17722507564668, 577588460
17723085250309, 584981298
17723670309599, 583292883
17724253657660, 838033251
17725091741746, 926913666
17726018710799, 585467899
17726604232303, 589752849
17727194040410, 566698178
17727760794364, 593180769
17728354026349, 575773933
17728929854507, 577501058
17729507407785, 584774737
17730092235591, 581235282
17730673524733, 850295050
17731523893784, 936252330
17732460219549, 587570840
17733047844411, 585965396
17733633862119, 584704459
17734218620935, 593315983
17734811989729, 586461094
17735398506034, 580550711
17735979110060, 591328147
17736570491965, 571532072
17737142077895, 882201690
17738024330779, 929651541
17738954033756, 585871580
17739539966054, 594797379
17740134818011, 567996828
17740702868480, 581476246
17741284396337, 589458060
17741873915201, 587064370
17742461032631, 585032325
17743046118483, 572600762
17743618772380, 853457228
17744472279415, 935433038
17745407766864, 580081291
17745987901948, 581333835
17746569289402, 599525088
17747168867378, 584853355
17747753775111, 586777138
17748340605046, 580555898
17748921217709, 576552034
17749497822500, 594342248
17750092217700, 866328793
17750958597206, 939255294
17751897908932, 598305691
17752496272249, 590145290
17753086473044, 590124614
17753676655898, 589455117
17754266168693, 583582018
17754849805381, 573739615
17755423601143, 581838183
17756005498763, 592276501
17756597832548, 845592801
17757443479559, 940386657
17758383923778, 594607112
17758978586571, 590555431
17759569201616, 591984660
17760161244223, 594102004
17760755403798, 583121395
17761338584504, 583070704
17761921714921, 582674679
17762504448798, 592313114
17763096818681, 848784814
17763945657938, 940799896
17764886516353, 601087107
17765487661293, 591261671
17766078979200, 583666945
17766662702558, 596964947
17767259724626, 571269300
17767831052538, 577683331
17768408794048, 601599206
17769010449952, 587663268
17769598170574, 883440894
17770481664915, 949898931
17771431618465, 589446466
17772021122121, 589613349
17772610788654, 593940047
17773204788105, 582113949
17773786957066, 598630996
17774385642262, 597012496
17774982709613, 599250458
17775582016451, 588207100
17776170280822, 860034806
17777030369262, 933159407
17777963585183, 592724895
17778556367191, 600757382
17779157182021, 586841468
17779744080794, 607178252
17780351316602, 596259037
17780947630211, 591972939
17781539659686, 591517791
17782131231625, 583280320
17782714566117, 867498726
17783582116103, 925061512
17784507229723, 601397849
17785108682058, 594191142
17785702928006, 591034180
17786294016768, 596258776
17786890329652, 583356811
17787473739259, 597081910
17788070874742, 589697382
17788660624327, 579239341
17789239927263, 878146472
17790118171986, 932436525
17791050730046, 592174023
17791642952550, 599472020
17792242464493, 594250986
17792836756360, 592705095
17793429501284, 596440150
17794025980569, 585624354
17794611645951, 591663879
17795203348529, 586341849
17795789733503, 875206180
17796664978511, 948807458
17797613824214, 606460712
17798220327754, 595845479
17798816212787, 601466071
17799417718219, 598666371
17800016424422, 591954096
17800608417103, 601474242
17801209930318, 594989854
17801804959160, 590543996
17802395542871, 867787510
17803263370551, 941987385
17804205397352, 597545261
17804802982433, 605799074
17805408822295, 595959828
17806004821435, 606845847
17806611706441, 590394145
17807202140739, 594836354
17807797017407, 609994252
17808407050604, 585069428
17808992158561, 872272190
17809864470414, 939500608
17810804026955, 599941551
17811404021379, 597623483
17812001684630, 597533996
17812599258170, 599683402
17813198981437, 614667364
17813813687197, 598146480
17814411873780, 605332874
17815017249871, 603128476
17815620417923, 862795400
17816483252612, 959950098
17817443243296, 601306767
17818044590224, 601911276
17818646541326, 592435770
17819239017219, 597108606
17819836165738, 606357119
17820442565016, 596713330
17821039319436, 599674535
17821639033474, 601805937
17822240877950, 883338403
17823124253310, 964838972
17824089132315, 593773271
17824682946235, 594779738
17825277765354, 608207925
17825886013234, 589917519
17826475970220, 606426102
17827082437002, 600775971
17827683253623, 599130162
17828282426423, 599986845
17828882453091, 877872563
17829760363849, 950198235
17830710600205, 613645758
17831324286649, 610994304
17831935320938, 592583995
17832527948235, 612476951
17833140466105, 605864582
17833746373648, 602062191
17834348476741, 608291511
17834956806191, 603447050
17835560293749, 897994301
17836458328465, 934362953
17837392730820, 605700625
17837998471792, 614097077
17838612608652, 611921871
17839224570575, 602114380
17839826725311, 601677562
17840428444768, 607610597
17841036094718, 600871978
17841637007188, 594636414
17842231683560, 891016352
17843122738971, 943747685
17844066526110, 610050219
17844676617646, 606894574
17845283552664, 599748460
17845883340688, 615608196
17846498988838, 605676382
17847104703243, 586796793
17847691540761, 609618334
17848301197634, 591188139
17848892424315, 890457518
17849782919146, 962480288
17850745439721, 611536744
17851357015690, 600665532
17851957721894, 598480419
17852556243197, 596667966
17853152949609, 613837794
17853766827795, 620092982
17854386960590, 610788021
17854997788182, 606254220
17855604082712, 890011287
17856494131338, 965399695
17857459570925, 613871002
17858073481615, 608929926
17858682451864, 617188271
17859299680880, 616406224
17859916126755, 610635804
17860526802032, 605600717
17861132443868, 625486316
17861757971380, 591184533
17862349196207, 884187867
17863233421193, 947716328
17864181177822, 608048223
17864789266358, 602219338
17865391525788, 614327090
17866005892231, 599903606
17866605835622, 608572743
17867214449846, 623628011
17867838118911, 620113468
17868458289164, 614034014
17869072378559, 894564795
17869966980680, 961766472
17870928785370, 605827674
17871534652061, 602377975
17872137068892, 602564882
17872739674073, 604422327
17873344135792, 609821665
17873953997843, 608308217
17874562343865, 609556916
17875171946970, 613761392
17875785746448, 890899207
17876676685084, 978798937
17877655524987, 612568124
17878268131138, 616232018
17878884403841, 608111003
17879492553491, 618285435
17880110878563, 593251749
17880704168988, 595986922
17881300194744, 598006404
17881898241766, 612282709
17882510563046, 908932228
17883419535726, 973760429
17884393336265, 617088569
17885010465861, 600468839
17885610975960, 651167285
17886262185623, 623191145
17886885417496, 618217281
17887503677455, 629229179
17888132946567, 630932508
17888763919716, 625582894
17889389543510, 907052179
17890296633840, 978041629
17891274717205, 614684384
17891889442510, 628549886
17892518031664, 616815364
17893134887207, 609158981
17893744085953, 629873831
17894373999149, 612025451
17894986067301, 631292058
17895617401256, 631086193
17896248526761, 932741408
17897181307099, 981695904
17898163043882, 625797194
17898788882998, 623888797
17899412811633, 628189477
17900041041625, 626849295
17900667933422, 617817927
17901285792263, 621448017
17901907281873, 618150933
17902525471228, 624040555
17903149549741, 924695759
17904074281573, 975620557
17905049942378, 606167218
17905656149507, 623074983
17906279263945, 629329371
17906908631754, 619822201
17907528492522, 629785963
17908158318503, 618027542
17908776385686, 605448901
17909381873483, 627255685
17910009168706, 914820475
17910924034195, 985265062
17911909339206, 619243160
17912528622920, 617289365
17913145952071, 619518828
17913765511710, 614880210
17914380433661, 619832786
17915000306186, 605310847
17915605657692, 626913679
17916232610564, 618751213
17916851401283, 914169986
17917765608428, 967746686
17918733394281, 634954161
17919368388400, 635387677
17920003814323, 624704899
17920628558765, 631279920
17921259879383, 632649127
17921892569410, 623105845
17922515715840, 628890197
17923144647128, 637125535
17923781810508, 917514862
17924699362223, 970010251
17925669410684, 622566626
17926292033609, 611999133
17926904070362, 634435716
17927538544858, 626812800
17928165396856, 624415382
17928789851491, 638551921
17929428443640, 629176979
17930057661087, 613243880
17930670946875, 927783236
17931598767192, 977999816
17932576806601, 619249399
17933196097362, 625828851
17933821969110, 628170533
17934450180157, 627238819
17935077459783, 627756006
17935705254779, 610762320
17936316056535, 614884396
17936930981306, 614256437
17937545280177, 919462493
17938464784744, 972176507
17939437002669, 626558322
17940063601065, 625952879
17940689594800, 621652218
17941311288371, 630499398
17941941827682, 635165155
17942577034084, 630116208
17943207192787, 618681723
17943825913667, 637713916
17944463668126, 914196438
17945377902350, 1005838813
17946383788046, 628529839
17947012357987, 633680974
17947646078125, 637670750
17948283787516, 614443841
17948898270696, 627062748
17949525372646, 637312795
17950162726957, 636604856
17950799374078, 638120937
17951437535333, 932791886
17952370365960, 991353494
17953361760995, 638416650
17954000220815, 637108506
17954637370153, 640492528
17955277904575, 646705275
17955924650545, 633781404
17956558474246, 641052577
17957199567899, 620992729
17957820606205, 624160528
17958444807185, 947824653
17959392671276, 993615009
17960386327895, 654016294
17961040386628, 632039152
17961672470465, 616497220
17962289008521, 625140062
17962914189158, 620164617
17963534396274, 651555765
17964185994392, 620407327
17964806441919, 629212868
17965435698469, 947631103
17966383369842, 988059323
17967371470230, 635016998
17968006530037, 628354849
17968634925903, 631677559
17969266643438, 645583416
17969912267587, 636012049
17970548320462, 662393210
17971210757619, 620170053
17971830970943, 629741596
17972460754372, 964816068
17973425629915, 994395902
17974420066922, 630057697
17975050164589, 633082445
17975683289881, 645013466
17976328344794, 628826587
17976957214418, 646070624
17977603327047, 647413869
17978250783230, 642182143
17978893004987, 645561941
17979538608808, 936109006
17980474757957, 992431992
17981467230638, 641906967
17982109178755, 637822367
17982747043220, 639518819
17983386603451, 639835569
17984026481730, 629335945
17984655859039, 640038037
17985295938867, 639844710
17985935827804, 634377729
17986570248606, 937468737
17987507759587, 984783875
17988492585592, 641811017
17989134438475, 650705489
17989785185427, 636025092
17990421253494, 633745406
17991055042246, 629360716
17991684443827, 637039628
17992321525581, 640718025
17992962291565, 641312770
17993603648048, 922424104
17994526112461, 993329909
17995519484786, 622029870
17996141557221, 644943975
17996786544997, 631283203
17997417871695, 641781849
17998059696672, 650645841
17998710385490, 634171461
17999344599503, 637146911
17999981788956, 642662153
18000624491975, 925850471
18001550382663, 985300093
18002535723736, 633801574
18003169567759, 646581708
18003816192106, 642905735
18004459141402, 663825245
18005123007718, 634666406
18005757718640, 639499406
18006397259874, 641633098
18007038935641, 629879072
18007668858050, 951020445
18008619918151, 997638203
18009617597358, 643607017
18010261247573, 664809037
18010926098111, 632619357
18011558759366, 627709587
18012186509197, 645076819
18012831629083, 627946745
18013459617151, 632881693
18014092541724, 637452411
18014730036613, 951775466
18015681853089, 1007711998
18016689607709, 651009827
18017340659879, 645481957
18017986181900, 625909693
18018612134054, 630338358
18019242515220, 652609489
18019895167454, 628285596
18020523493973, 629771961
18021153308093, 630212477
18021783562453, 947272299
18022730873137, 983055709
18023713968036, 634649284
18024348659333, 649825147
18024998525350, 634008086
18025632574434, 645838212
18026278454764, 655223177
18026933719957, 646947695
18027580709977, 639901609
18028220655526, 662577827
18028883275901, 965185341
18029848501931, 990099052
18030838641205, 632214820
18031470898915, 637074292
18032108031436, 641420060
18032749492961, 623457331
18033372990871, 638632754
18034011667144, 644596914
18034656304541, 630526512
18035286872666, 635390421
18035922307878, 946160478
-------------
--------->>>>0<<<<---------