---updates---
8313072974030, 4716876479
8374298313649, 4655690752
8378954128246, 4741551072
8421899956948, 4649311996
8426549367125, 4423901585
8430973364549, 5029704850
8502755878044, 4986501449
8553232411553, 5453138074
8558685641604, 5549744818
8657120667472, 6094588030
8663215325577, 5657171630
8668872564588, 6877843224
8681856142118, 5917757717
8704929007756, 5516990908
8710446056335, 5685127175
-------------
---reads---
8317789932168, 1402142923
8335674386157, 1277692811
8354806798303, 1498271252
8383695762196, 1030659345
8402506781925, 1331119899
8436003148347, 1362974905
8456910555599, 1384597542
8477085914086, 1652236735
8507742447590, 1414072766
8530405911650, 1669222779
8564235433967, 1514124876
8586969917064, 1757099496
8610056050343, 1693435740
8633424229729, 1634615026
-------------
---updates-errors---
8294256533453, 18816435595
8498037738917, 4718135854
8675750470983, 6105665385
8687773964302, 5433354487
8693207319560, 5811827083
8699019147141, 5909859735
-------------
---read-errors---
8716131212633, 2526936060
8718680049438, 2997548926
8721699079634, 2994770024
8724719079860, 2990575494
8727717335501, 3004473787
8730747630276, 2988166079
8733752810568, 2996699477
8736767165340, 2994285173
8739788272270, 2985637540
8742799203646, 2990338750
8745804480418, 2999033764
8748825410137, 2990849518
8751839598286, 2989405493
8754850209005, 2993728294
8757868509666, 2990894376
8760882039182, 2993174290
8763903311939, 2987113291
8766914779409, 2989768045
8769927647268, 2991371860
8772944795713, 2987369450
-------------
--------->>>>26<<<<---------