---inserts---
14501988306845, 2144872329671
16646871844566, 3736799535
16650608792315, 2705792213
16653314719456, 3511016492
16656825866468, 3466201201
16660292197907, 1713043685
16662005373148, 1853500875
16663858996058, 752809260
16664611925837, 1795455041
16666407499178, 2090480032
16668498087485, 3280031984
16671778239963, 918615121
16672697030424, 1773123181
16674470275464, 1044096978
16675514486286, 1151514782
16676666114616, 1452008951
16678118235968, 1453864655
16679572209158, 1277631579
16680849950390, 779088095
16681629146814, 1274887825
16682904135057, 1675269161
16684579514726, 1517295700
16686096921842, 1376384817
16687473419660, 838054461
16688311596510, 711093028
16689022826476, 666471789
16689689475796, 1209862007
16690899442498, 732383147
16691631928295, 657778808
16692289815130, 1045762695
16693335673392, 1265494961
16694601275126, 810691642
16695412087141, 660936252
16696073130283, 667478347
16696740717523, 986938052
16697727763497, 685944037
16698413836831, 1155724754
16699569677238, 670437212
16700240233453, 865111609
16701105459665, 1071773484
16702177324471, 1132834910
16703310258341, 615447969
16703925810467, 674106360
16704600030796, 627536730
16705227669582, 622775575
16705850546500, 630236765
16706480887919, 650369189
16707131359554, 762965552
16707894427466, 1132172596
16709026708528, 1059850319
16710086653100, 1075696965
16711162452347, 665937955
16711828494754, 628730360
16712457323828, 613960373
16713071389242, 650742627
16713722233726, 588572147
16714310910167, 656639875
16714967652226, 626544923
16715594297298, 632144859
16716226542935, 861352672
16717087990726, 1045855728
16718133953500, 635939848
16718769990488, 578187210
16719348281002, 648628674
16719997007344, 626150969
16720623257376, 607696247
16721231051100, 618884734
16721850033032, 581270796
16722431399938, 603562691
16723035060267, 953399773
16723988551905, 998754936
16724987408190, 609362449
16725596868714, 574546899
16726171515538, 567331074
16726738947032, 599767606
16727338815084, 610731380
16727949646857, 589549819
16728539304573, 578046880
16729117448109, 602436430
16729719982944, 964350488
16730684421879, 946676389
16731631191873, 558866888
16732190158435, 585042105
16732775297918, 591398120
16733366793127, 598124989
16733965017362, 595958142
16734561073109, 562737618
16735123909644, 594277371
16735718288791, 569801292
16736288187942, 947919255
16737236193073, 1012560808
16738248847072, 601868466
16738850807441, 567109547
16739418009169, 575682819
16739993787771, 590326467
16740584211020, 556212221
16741140593281, 571438457
16741712131407, 585177512
16742297409325, 586709708
16742884218362, 933898071
16743818211141, 960627584
16744778938947, 581698420
16745360742920, 597980299
16745958822963, 576431728
16746535360513, 582880076
16747118339842, 572678695
16747691117113, 547775531
16748238995645, 582364454
16748821461226, 555395825
16749376981662, 937744384
16750314886795, 945735002
16751260726145, 589840562
16751850670706, 567693360
16752418470253, 575170621
16752993746220, 569454039
16753563331160, 585276120
16754148712646, 578622414
16754727437101, 581896521
16755309432252, 586921643
16755896449634, 823451117
16756719993151, 954819521
16757674910999, 553852340
16758228863782, 581540029
16758810507118, 552824939
16759363450074, 581154245
16759944707628, 565780974
16760510591004, 541688460
16761052401656, 565749674
16761618335315, 595888090
16762214324042, 930433874
16763144850224, 970990312
16764115938558, 572828897
16764688866409, 552799346
16765241766924, 555355804
16765797220824, 560866563
16766358187118, 577951176
16766936239039, 576856442
16767513198680, 565874980
16768079174560, 555045163
16768634318310, 912400420
16769546811086, 938392365
16770485304581, 572529361
16771057933740, 568358472
16771626391167, 575852193
16772202343195, 553902948
16772756344297, 551963681
16773308407712, 556930546
16773865435551, 557736609
16774423273833, 564947681
16774988318006, 776929135
16775765339089, 940770030
16776706206794, 552103603
16777258407475, 552902960
16777811442960, 558246710
16778369788506, 567363234
16778937250323, 561017239
16779498367076, 565349274
16780063815294, 571358959
16780635275063, 565298688
16781200672140, 794408931
16781995174540, 908742893
16782904024315, 557948687
16783462071828, 544109091
16784006279454, 555848462
16784562227472, 549290446
16785111617349, 568903042
16785680619449, 549134612
16786229854544, 576151011
16786806102553, 562162624
16787368363072, 947311792
16788315769901, 941031909
16789256899761, 557391518
16789814392638, 552862254
16790367356562, 571467334
16790938924573, 560942278
16791499966482, 543963642
16792044043245, 549821655
16792593965754, 556035024
16793150101966, 563510285
16793713713779, 807591636
16794521401633, 919141853
16795440642238, 573512534
16796014255653, 558428996
16796572782961, 544754504
16797117636930, 530487569
16797648225868, 557424921
16798205749421, 545429676
16798751276249, 559456425
16799310834625, 545567168
16799856500876, 791613434
16800648210693, 910442596
16801558753381, 556257392
16802115112209, 549950493
16802665161265, 568063488
16803233324250, 554142626
16803787572737, 566235543
16804353910575, 553041843
16804907051326, 545899061
16805453051796, 560792812
16806013944128, 812659975
16806826701560, 917910198
16807744710789, 535750288
16808280563400, 565476050
16808846135880, 543071350
16809389312042, 569484765
16809958897354, 532002710
16810490997782, 579435965
16811070541378, 560578239
16811631222105, 547742171
16812179065424, 805856428
16812985020056, 973443605
16813958566722, 599373807
16814558052729, 588977331
16815147141186, 576929393
16815724180103, 580332024
16816304622109, 551228362
16816855959939, 567794186
16817423862485, 570670918
16817994644359, 591503702
16818586257364, 979177654
16819565538010, 954070121
16820519720944, 571740202
16821091572696, 575645344
16821667330789, 561878694
16822229319345, 600092918
16822829522335, 570949356
16823400583091, 583007280
16823983705432, 579868862
16824563686587, 595253826
16825159054415, 845325900
16826004485746, 956294294
16826960895521, 567910646
16827528915602, 578137241
16828107164801, 577497516
16828684776195, 567164452
16829252078866, 560844246
16829813036883, 591145615
16830404292766, 587672548
16830992094712, 586840748
16831579053730, 966967358
16832546122831, 943380538
16833489610627, 581512545
16834071235187, 568857733
16834640204437, 571939225
16835212250738, 574076798
16835786434664, 568685058
16836355227390, 586652264
16836941985815, 563016548
16837505109299, 578302788
16838083522553, 838262459
16838921884676, 951415848
16839873412725, 561616123
16840435138034, 578493220
16841013745404, 564929735
16841578789017, 571965132
16842150873292, 575721279
16842726718949, 578258863
16843305087359, 558774491
16843863972491, 566003187
16844430087071, 816895418
16845247084307, 939772034
16846186963239, 584131682
16846771200234, 581936647
16847353247126, 579985227
16847933338790, 584296131
16848517744101, 561075960
16849078930236, 580376484
16849659418606, 578421141
16850237949140, 566683885
16850804740520, 817863068
16851622703281, 922027137
16852544835463, 550572664
16853095515013, 559891550
16853655513833, 560854607
16854216477164, 584396575
16854800985157, 581189246
16855382280713, 562239622
16855944627262, 574997636
16856519728617, 569445640
16857089278222, 819606839
16857908983405, 921100623
16858830187608, 562035208
16859392329887, 564217916
16859956653241, 560272693
16860517028965, 571597422
16861088733880, 575065828
16861663911541, 553886325
16862217901362, 584294122
16862802304685, 545571267
16863347983292, 827723775
16864175817921, 914739222
16865090684852, 564819168
16865655611317, 563222474
16866218938149, 568544397
16866787591243, 576136352
16867363832476, 559916956
16867923853535, 553440942
16868477398860, 562766291
16869040274760, 569622053
16869610001288, 826942315
16870437043651, 924440963
16871361590518, 569465519
16871931163625, 574706747
16872505972448, 555094792
16873061171992, 570910351
16873632191294, 573836449
16874206135963, 575783571
16874782066640, 555744390
16875338124810, 556691396
16875894945198, 799829132
16876694857886, 918352958
16877613295752, 568192005
16878181573681, 557907203
16878739569313, 568392152
16879308061447, 558353121
16879866502294, 573458363
16880440055979, 552326682
16880992467166, 570975266
16881563527263, 546166674
16882109779975, 833950909
16882943890945, 925166299
16883869153577, 567670893
16884436909958, 563430039
16885000426315, 553351778
16885553862478, 564661981
16886118608541, 555165768
16886673860119, 566213477
16887240159320, 544259939
16887784501988, 545616902
16888330203403, 818572758
16889148861097, 929164529
16890078116726, 561738558
16890639939143, 568857810
16891208885693, 552112341
16891761080848, 551286650
16892312449893, 558376641
16892870911234, 555509746
16893426503225, 557616017
16893984202069, 566511400
16894550796083, 942095616
16895492972687, 911497491
16896404552251, 559531254
16896964166710, 548780504
16897513027998, 561717050
16898074825960, 553529633
16898628439134, 562236484
16899190762453, 544768324
16899735613031, 561148950
16900296843378, 568916180
16900865843630, 789912210
16901655834911, 897609269
16902553526747, 533351790
16903086962379, 554070218
16903641114510, 549003209
16904190200905, 555250101
16904745535395, 539707964
16905285328714, 559993912
16905845406328, 577243819
16906422734952, 574494046
16906997311953, 796109479
16907793502573, 921978220
16908715564412, 571770948
16909287419268, 555934265
16909843434354, 564543672
16910408076023, 552844022
16910961001623, 569137419
16911530221139, 540266624
16912070571438, 564668600
16912635325216, 543633065
16913179045331, 790788481
16913969911213, 915030035
16914885038838, 562384243
16915447506117, 560363776
16916007954930, 563780634
16916571818826, 556686277
16917128589264, 552547202
16917681217845, 552732704
16918234034093, 557352498
16918791472542, 564871707
16919356444566, 818820520
16920175373719, 911748364
16921087231042, 563338738
16921650716147, 557244347
16922208081886, 574245568
16922782441283, 551129711
16923333653623, 565834311
16923899563748, 559121412
16924458764409, 565605411
16925024447309, 551037779
16925575562193, 829278925
16926404911426, 910864078
16927315850150, 561330012
16927877256126, 572537151
16928449868766, 552896637
16929002843409, 570837245
16929573755727, 552414904
16930126252048, 557083298
16930683411711, 566173441
16931249660927, 552028592
16931801764760, 823531663
16932625371179, 915995356
16933541445215, 576436707
16934117958133, 571093961
16934689128462, 573352579
16935262560808, 578030631
16935840672442, 547721331
16936388476266, 576074434
16936964629079, 548663901
16937513373576, 583800930
16938097251077, 825173032
16938922496860, 902139437
16939824714209, 571933541
16940396725920, 579265884
16940976086226, 563700441
16941539866487, 558780157
16942098723625, 553587267
16942652387946, 559443775
16943211909986, 554071629
16943766062079, 557430728
16944323568552, 815385429
16945139025791, 913900867
16946053004869, 560979911
16946614061000, 564139589
16947178277693, 578938839
16947757292766, 571162645
16948328534529, 578974507
16948907588969, 566481075
16949474149056, 573657864
16950047883698, 568876701
16950616840911, 851538011
16951468453671, 923501138
16952392041992, 563425500
16952955543494, 561867025
16953517488114, 566633864
16954084201007, 571147317
16954655429126, 568096305
16955223601111, 571273351
16955794952099, 575157303
16956370186059, 561256142
16956931519274, 812697516
16957744290260, 927708040
16958672089144, 559839614
16959232023608, 566629139
16959798731032, 557974743
16960356781931, 569772877
16960926631312, 552454115
16961479163363, 563561282
16962042805502, 557014924
16962599899988, 553645354
16963153621596, 835885896
16963989581058, 917864940
16964907520573, 568664816
16965476264026, 575850456
16966052190753, 556948309
16966609213693, 569990794
16967179281498, 578897395
16967758254385, 558836319
16968317170076, 574944535
16968892191824, 572894861
16969465170335, 818486676
16970283729765, 942007302
16971225816380, 570556638
16971796451399, 574572545
16972371101911, 569267222
16972940446269, 572624914
16973513149403, 571523641
16974084752711, 559617925
16974644451371, 566630941
16975211160654, 567668013
16975778909047, 834207154
16976613191144, 918277888
16977531549789, 569290871
16978100930023, 576018945
16978677028024, 575233165
16979252341288, 570146053
16979822566141, 586896542
16980409543358, 561543953
16980971168760, 570264607
16981541511536, 568791735
16982110380656, 829887479
16982940340173, 926348250
16983866759629, 575231658
16984442066383, 585150019
16985027289071, 582612727
16985609975340, 579490770
16986189540710, 590095682
16986779709825, 591633535
16987371419386, 591310914
16987962801845, 578502149
16988541374971, 850147325
16989391591445, 921689841
16990313354593, 583744592
16990897171903, 575753770
16991472996084, 583404057
16992056472774, 577110937
16992633654322, 595487915
16993229212436, 581358951
16993810640574, 563175539
16994373889181, 589643199
16994963602686, 850995264
16995814668765, 920758915
16996735498543, 590603752
16997326172972, 581433984
16997907677490, 585655178
16998493402949, 585996215
16999079469659, 580109433
16999659650327, 574432762
17000234155019, 585403376
17000819629210, 587583036
17001407282578, 843913792
17002251263089, 924901041
17003176325236, 597826699
17003774371579, 580348326
17004354807402, 565135753
17004920047514, 596712954
17005516819131, 581535044
17006098414122, 576585573
17006675060539, 568982006
17007244103325, 564060964
17007808223501, 836480516
17008644760195, 936098838
17009580920165, 570270050
17010151252353, 588387243
17010739699220, 590420745
17011330183544, 591443152
17011921687392, 569183336
17012490931900, 585572997
17013076573748, 582914077
17013659547299, 573069616
17014232678340, 837874311
17015070610966, 932042005
17016002711700, 589151272
17016591921891, 603077696
17017195057702, 581705420
17017776827458, 588082766
17018364970776, 593745294
17018958776467, 587197071
17019546074123, 597670745
17020143823040, 570363742
17020714246668, 853116049
17021567421297, 931335083
17022498816759, 581072286
17023079950165, 584021274
17023664053453, 583839694
17024247951253, 587561552
17024835571514, 589061034
17025424694504, 596005015
17026020761280, 595367531
17026616186902, 595191680
17027211440360, 860257779
17028071770727, 952654648
17029024509139, 590552501
17029615122998, 596105026
17030211288107, 584067894
17030795417378, 588689433
17031384166449, 585890915
17031970118497, 588389012
17032558565075, 591545571
17033150168851, 579382010
17033729609773, 875982597
17034605649148, 945907901
17035551615575, 585871852
17036137549166, 592724626
17036730332093, 566409537
17037296803553, 575393240
17037872259101, 588424252
17038460740740, 587913710
17039048713622, 598480451
17039647254418, 576801819
17040224118314, 862529711
17041086703949, 962578035
17042049340487, 598747838
17042648147508, 590318982
17043238526048, 589911902
17043828497185, 587106584
17044415665775, 591763838
17045007489276, 596655050
17045604203035, 569960008
17046174223646, 576592856
17046750876387, 842368439
17047593299647, 926652648
17048520025387, 600303242
17049120394029, 588380937
17049708834501, 577634032
17050286528546, 590164836
17050876753016, 584086625
17051460901080, 583968043
17052044941387, 582536098
17052627538557, 598618811
17053226217306, 879937089
17054106209593, 942211766
17055048480951, 597842637
17055646385330, 585949118
17056232394458, 601567352
17056834022675, 596440206
17057430524287, 604421705
17058035005521, 590954783
17058626021522, 584134781
17059210217765, 602996709
17059813273301, 843905717
17060657234291, 950145380
17061607440295, 603959042
17062211468319, 593050237
17062804579752, 591160177
17063395802373, 581089470
17063976951448, 576656340
17064553668765, 602075570
17065155804020, 594564981
17065750431336, 595801756
17066346291362, 862858013
17067209206606, 948678150
17068157944660, 588563840
17068746570283, 589873400
17069336505875, 592668459
17069929235956, 590410892
17070519704095, 583020897
17071102783497, 590437851
17071693282085, 587938724
17072281281367, 596230626
17072877571802, 871532257
17073749159555, 950814808
17074700048145, 612036833
17075312143231, 598580667
17075910783201, 600030980
17076510874538, 594409760
17077105344414, 590297317
17077695703214, 592546531
17078288311116, 593501346
17078881872653, 586370817
17079468303581, 876155916
17080344517269, 950618475
17081295196921, 603232559
17081898491914, 587236934
17082485787676, 588520531
17083074368617, 578034082
17083652462561, 605505600
17084258029467, 596015635
17084854107013, 583909674
17085438078296, 592473876
17086030629899, 887886974
17086918642171, 941748799
17087860498664, 608724774
17088469280506, 597036173
17089066358423, 606861883
17089673261109, 606021243
17090279321179, 593261009
17090872622143, 711854295
17091584528457, 819631408
17092404199300, 588436381
17092992674306, 879155566
17093871865281, 950454706
17094822358606, 596969482
17095419365960, 598740421
17096018146369, 593206523
17096611391691, 599547898
17097210979184, 581806886
17097792825238, 607445908
17098400309716, 583761830
17098984109136, 616834527
17099600982210, 881942047
17100482959423, 959120623
17101442119947, 607686423
17102049846057, 621629336
17102671515300, 605434949
17103276990257, 596899517
17103873930687, 600546706
17104474521239, 590213360
17105064778797, 616004639
17105680828745, 585744129
17106266615277, 875600114
17107142255565, 954073605
17108096373523, 615866456
17108712283453, 598915242
17109311242329, 601795907
17109913082729, 606526257
17110519652936, 592781874
17111112478339, 607431132
17111719954560, 604080626
17112324080932, 596866971
17112920994446, 900811620
17113821849718, 965577343
17114787474751, 608838863
17115396359889, 624533721
17116020940028, 630629310
17116651619091, 615498926
17117267169497, 640650233
17117907863647, 621298424
17118529207047, 621940255
17119151193871, 655078229
17119806316325, 905253226
17120711610461, 989746611
17121701403360, 623315437
17122324765825, 635910734
17122960720655, 601566534
17123562330111, 616609991
17124178984934, 613383244
17124792411659, 594902632
17125387358529, 610246973
17125997648160, 600721262
17126598412333, 893726496
17127492179911, 961626773
17128453849724, 634592192
17129088487908, 612716108
17129701248947, 638779672
17130340071380, 612170934
17130952286407, 602659215
17131554991564, 620934301
17132175969734, 603978667
17132779991254, 610269567
17133390304194, 915886832
17134306233650, 973541641
17135279821127, 607486304
17135887351404, 621901682
17136509298533, 608702586
17137118044219, 611443300
17137729530878, 616357781
17138345934286, 602833032
17138948813541, 614590961
17139563449985, 611329966
17140174824443, 893733997
17141068599877, 974132960
17142042777116, 608136363
17142650958344, 622962162
17143273964918, 596037400
17143870047362, 619275551
17144489367407, 611022874
17145100434914, 613749857
17145714229703, 623445572
17146337720588, 609314681
17146947082403, 900146522
17147847271709, 956416735
17148803734199, 619606121
17149423384903, 608210294
17150031640140, 620603061
17150652288048, 616899357
17151269230857, 609406258
17151878682831, 612813930
17152491541883, 600535302
17153092122157, 625643225
17153717808606, 893746432
17154611595231, 955136357
17155566775734, 605590057
17156172408400, 609004602
17156781458955, 611161046
17157392664298, 604525297
17157997233013, 604991479
17158602267946, 611729155
17159214040622, 603076300
17159817161382, 618484981
17160435691507, 888201509
17161323932768, 960630742
17162284607347, 610707923
17162895356805, 615506838
17163510910515, 609564349
17164120519838, 611765527
17164732328096, 602746825
17165335117001, 607469175
17165942631316, 617342182
17166560035870, 609457725
17167169537407, 882945528
17168052537724, 947165389
17168999757345, 588437722
17169588237035, 618523355
17170206804112, 608729541
17170815576765, 610879493
17171426499354, 603811840
17172030355453, 612906432
17172643306935, 611540415
17173254891240, 612278196
17173867212364, 928019930
17174795269821, 956637163
17175751951138, 627886158
17176379882454, 610899170
17176990825173, 606788350
17177597660556, 632789811
17178230492690, 616124853
17178846660193, 609718051
17179456421098, 606477375
17180062941220, 595954795
17180658937073, 912820933
17181571798850, 956831184
17182528672249, 617408292
17183146123904, 610346850
17183756513427, 634707334
17184391264643, 613643149
17185004953338, 611512498
17185616509842, 605510648
17186222062964, 611811454
17186833917687, 601299050
17187435260950, 911934728
17188347234486, 969326271
17189316602471, 617212735
17189933857855, 620274762
17190554174970, 624478686
17191178696487, 614504427
17191793243255, 613027051
17192406313364, 613113099
17193019469445, 602583684
17193622096049, 639172743
17194261311402, 906839061
17195168186856, 974156063
17196142381524, 621233074
17196763651949, 627055906
17197390745319, 633352694
17198024137357, 605692764
17198629869169, 628326065
17199258234832, 611204854
17199869481929, 627638916
17200497158187, 623389020
17201120584093, 895240371
17202015860244, 975694929
17202991593002, 620593839
17203612225968, 623070361
17204235335234, 619522310
17204854896986, 613045144
17205467980672, 623730436
17206091749883, 618153343
17206709946895, 627115984
17207337106171, 615308625
17207952457914, 922230031
17208874727067, 970076931
17209844847527, 611422648
17210456315324, 619146653
17211075506302, 617791350
17211693343195, 604924121
17212298312403, 617722742
17212916079664, 600917283
17213517040322, 624817931
17214141901823, 620496468
17214762452277, 894680980
17215657172232, 981333946
17216638549264, 614062177
17217252656098, 617691364
17217870391190, 618911027
17218489344995, 631902487
17219121289767, 620168304
17219741500302, 630257622
17220371802268, 615066722
17220986914065, 617617438
17221604574759, 912649978
17222517264097, 956582865
17223473890314, 636185255
17224110117821, 620558968
17224730719254, 634890891
17225365653965, 636702786
17226002399706, 609020018
17226611462340, 613964043
17227225469415, 631369912
17227856881782, 618434098
17228475359551, 906824958
17229382226989, 971348955
17230353619060, 620457498
17230974119916, 624504662
17231598667270, 624635059
17232223346023, 626348876
17232849737183, 633625477
17233483406048, 631934258
17234115383316, 635485432
17234750912303, 613866704
17235364823466, 920740036
17236285605050, 975592442
17237261240170, 647657811
17237908942859, 623953135
17238532938424, 623534616
17239156515033, 633640525
17239790198031, 612783228
17240403025062, 630891616
17241033959470, 636616269
17241670618358, 609748492
17242280407953, 931414569
17243211862895, 972645981
17244184551041, 628289987
17244812884166, 627134842
17245440062110, 627464840
17246067569118, 637311206
17246704924305, 632918671
17247337885491, 630650390
17247968578120, 642523661
17248611145973, 622699651
17249233887789, 929398427
17250163325648, 966782930
17251130156838, 620360016
17251750562962, 630221488
17252380827204, 622221449
17253003092415, 630010616
17253633146074, 637460993
17254270651964, 625409103
17254896106810, 646632280
17255542781341, 631950679
17256174774731, 933259405
17257108076744, 961364649
17258069486140, 635196521
17258704726442, 634263063
17259339032140, 628126682
17259967202735, 624402113
17260591648293, 627602509
17261219293223, 648029352
17261867365057, 632811933
17262500219772, 620750670
17263121013658, 937278228
17264058333267, 974365715
17265032746542, 624882817
17265657674154, 634948446
17266292664892, 643319433
17266936039871, 638557759
17267574641241, 635815913
17268210502122, 639557624
17268850102321, 625539600
17269475685198, 638399876
17270114128917, 952747115
17271066935444, 967046390
17272034025814, 641750362
17272675823287, 640096439
17273315963625, 621155853
17273937165947, 652351326
17274589555251, 631557579
17275221151573, 630880483
17275852075911, 637710971
17276489825574, 630046033
17277119910493, 967863714
17278087811208, 992391338
17279080241273, 653726832
17279734006199, 638589926
17280372633836, 640686367
17281013357810, 634353598
17281647749172, 654165608
17282301954157, 635444968
17282937438248, 660502135
17283597979964, 651618915
17284249637111, 962264481
17285211941193, 996830054
17286208810613, 666029340
17286874880224, 635219341
17287510140449, 653813851
17288163993646, 664174976
17288828207709, 633271398
17289461518621, 634865225
17290096421967, 659639261
17290756099099, 641552960
17291397690191, 959904367
17292357632141, 1001042387
17293358715745, 655693410
17294014448689, 650325731
17294664813061, 649186210
17295314037970, 662193371
17295976268598, 644185020
17296620492114, 654526558
17297275057380, 653197536
17297928292818, 637108493
17298565440742, 959913536
17299525391004, 995941551
17300521372433, 653758154
17301175168849, 635158427
17301810366086, 643649128
17302454053388, 634663319
17303088755020, 633615563
17303722409295, 641300290
17304363746726, 636106580
17304999891739, 647521954
17305647453562, 971972427
17306619462976, 999878993
17307619380821, 647647389
17308267067335, 667785361
17308934891377, 632755557
17309567686102, 643515530
17310211240276, 647931280
17310859209790, 653536639
17311512786533, 654493852
17312167319895, 647709176
17312815068688, 956173802
17313771278831, 995608766
17314766926418, 642614821
17315409579868, 681123468
17316090741721, 648754902
17316739537478, 646084259
17317385661249, 653934426
17318039633589, 649653169
17318689324724, 643386161
17319332752182, 648621125
17319981413139, 960864915
17320942315268, 995750443
17321938104030, 650256900
17322588397706, 656152614
17323244589555, 644484668
17323889112108, 645493291
17324534646262, 642451275
17325177136275, 651481974
17325828656570, 641084772
17326469780051, 651967739
17327121796297, 956868565
17328078702773, 1017494690
17329096236272, 660347314
17329756622999, 625006170
17330381666716, 660549014
17331042254171, 653829007
17331696121055, 623969871
17332320128885, 633102542
17332953271067, 625494873
17333578805579, 628068678
17334206912422, 980176736
-------------
--------->>>>0<<<<---------