---inserts---
28846401809101, 9392954791561
38239368767714, 3751007753
38243119899356, 2578740501
38245698768657, 2763772473
38248462655812, 1264664493
38249727447106, 1742626275
38251470190293, 1799195727
38253269515541, 1920684376
38255190319024, 890044762
38256080486682, 2937303673
38259017896089, 3728994759
38262747008037, 1658620096
38264405765632, 994820495
38265400705593, 2071535830
38267472353752, 1175687629
38268648147965, 992073790
38269640330114, 809688005
38270450124149, 1221928438
38271672157984, 1277800332
38272950060039, 1278800982
38274228955682, 1818632255
38276047690671, 725797978
38276773594193, 793462503
38277567157577, 1073186717
38278640449275, 1354245141
38279994821060, 1134178003
38281129150657, 1518540680
38282647790889, 736380337
38283384269817, 660526712
38284044901010, 921800983
38284966804271, 1135919958
38286102832034, 654169801
38286757103524, 652592510
38287409803018, 767984298
38288177887972, 850485108
38289028470044, 651950560
38289680518806, 629893762
38290310510943, 629288430
38290940177392, 639216255
38291579524985, 1268158846
38292847769335, 1314566897
38294162422927, 654393349
38294816904906, 631801008
38295448798102, 626214690
38296075106450, 603505421
38296678702252, 610463600
38297289253047, 1109227650
38298398570559, 633493160
38299032151837, 609337616
38299641577192, 1048899037
38300690557984, 1023707122
38301714355260, 615263479
38302329709898, 803756886
38303133557497, 608288648
38303741935196, 591665879
38304333692000, 608442411
38304942223193, 605024744
38305547341590, 612634938
38306160086621, 579301588
38306739480526, 972431970
38307711994716, 1044065993
38308756154187, 595420479
38309351665021, 622689093
38309974441793, 578310221
38310552846246, 604161879
38311157099074, 590448220
38311747638938, 615974329
38312363706163, 599490714
38312963287288, 598114883
38313561493466, 977530838
38314539110272, 965940048
38315505140307, 602885380
38316108117460, 593302647
38316701510980, 578908881
38317280509319, 607995040
38317888595881, 599974110
38318488663023, 594065922
38319082817487, 573741897
38319656653637, 598463889
38320255206949, 984831837
38321240130201, 978469758
38322218691313, 611281257
38322830061611, 575713758
38323405867913, 551544937
38323957507130, 596565298
38324554165235, 611482869
38325165742775, 593278793
38325759112579, 786205059
38326545409922, 561367400
38327106870395, 977670858
38328084630171, 979823104
38329064545167, 591845726
38329656483046, 579166069
38330235739368, 606682489
38330842515884, 584512020
38331427120215, 576436888
38332003660265, 567695409
38332571450332, 554155307
38333125699182, 559006139
38333684797802, 828766646
38334513652478, 1005352558
38335519097023, 569006275
38336088201439, 579995972
38336668289912, 582331308
38337250716004, 554035843
38337804846151, 596863892
38338401804466, 600982710
38339002880377, 592427346
38339595400502, 583216663
38340178733928, 839809633
38341018707895, 926595370
38341945407387, 587280033
38342532786608, 593479723
38343126367404, 612129029
38343738598013, 568405588
38344307122519, 562857035
38344870076869, 600975631
38345471145645, 570826304
38346042065140, 586464490
38346628623058, 818630863
38347447340541, 973675885
38348421110304, 570142384
38348991341380, 577741065
38349569177407, 567363410
38350136645465, 548630023
38350685378537, 588972091
38351274447924, 602333226
38351876886181, 587220175
38352464217363, 567234256
38353031545579, 949462304
38353981093569, 955286948
38354936473318, 551827644
38355488393247, 572706351
38356061195925, 590094647
38356651384370, 565117850
38357216592422, 549630481
38357766316570, 557599848
38358324026387, 578760402
38358902880066, 561478219
38359464448317, 953294327
38360417831723, 960549506
38361378477416, 561355169
38361939922797, 573640701
38362513653819, 555047638
38363068790660, 558115576
38363626997399, 564054410
38364191144220, 576155915
38364767391157, 564864760
38365332345034, 550978583
38365883415072, 782225024
38366665727679, 930774099
38367596595237, 584079454
38368180767170, 563617283
38368744476722, 562049737
38369306617442, 565692067
38369872400078, 540952885
38370413449418, 562237561
38370975776732, 570536278
38371546406843, 565973001
38372112470980, 809794954
38372922352076, 923069497
38373845514551, 545432561
38374391040096, 555732826
38374946860395, 548592884
38375495547355, 555248221
38376050887991, 551393013
38376602374397, 561258066
38377163724143, 549577630
38377713392850, 545728241
38378259213867, 835150405
38379094449686, 940592806
38380035152735, 573877308
38380609120061, 561520803
38381170732620, 557371035
38381728198877, 539997712
38382268290767, 545889029
38382814270456, 553467046
38383367827779, 543719489
38383911639764, 553586086
38384465323646, 921445111
38385386854158, 921538111
38386308483332, 562321910
38386870901325, 562767878
38387433760633, 570060965
38388003915028, 568888653
38388572895025, 562954050
38389135942502, 551170567
38389687206447, 573028833
38390260328714, 539758632
38390800192936, 929862212
38391730144204, 937719225
38392667956960, 562690918
38393230744841, 568203158
38393799040941, 564853725
38394363990401, 548685807
38394912771877, 546358509
38395459224504, 565715524
38396025034087, 554478136
38396579607130, 564537612
38397144237527, 782988337
38397927315185, 917021733
38398844431640, 564270619
38399408796372, 556533856
38399965422971, 549671545
38400515190111, 540242108
38401055523481, 555947509
38401611560623, 546596933
38402158251241, 555673316
38402714017693, 549067669
38403263177148, 789033417
38404052295715, 906318374
38404958707236, 551787344
38405510585315, 553327824
38406064023206, 558582659
38406622695932, 560022789
38407182811224, 556672619
38407739576088, 541510720
38408281176392, 552511796
38408833780332, 540879591
38409374753126, 804186048
38410179026113, 919847652
38411098964577, 565617520
38411664673661, 558667660
38412223435417, 566001904
38412789529979, 553221600
38413342842100, 551851604
38413894786680, 538880566
38414433764420, 572967294
38415006822848, 554849025
38415561764094, 808948086
38416370804428, 921364846
38417292261337, 540688753
38417833041528, 567248150
38418400388063, 536306047
38418936791434, 553078797
38419489963864, 548265623
38420038322803, 564133185
38420602549111, 547325933
38421149968112, 541820558
38421691884477, 942322423
38422634295222, 898023119
38423532411810, 563998607
38424096502557, 552568729
38424649169208, 559524708
38425208785083, 553716547
38425762593242, 550386400
38426313073202, 559279189
38426872445195, 549779678
38427422317465, 545053371
38427967462829, 793021510
38428760569985, 905312221
38429665980707, 549888912
38430215962728, 556279669
38430772337902, 551896772
38431324331981, 543647257
38431868105774, 541056917
38432409270227, 564452426
38432973812881, 553276889
38433527183814, 559266585
38434086544564, 801077111
38434887712118, 915470687
38435803278520, 561418145
38436364791956, 560644523
38436925530304, 547178780
38437472804321, 560236913
38438033134785, 554846932
38438588090127, 564439211
38439152620428, 559523564
38439712235789, 558174748
38440270507877, 809329203
38441079926263, 897253885
38441977275620, 552632388
38442530003582, 570067406
38443100170648, 558235986
38443658501550, 560007296
38444218603859, 563586008
38444782284172, 571341265
38445353720773, 565090249
38445918908617, 558429661
38446477433548, 835013682
38447312539160, 919878042
38448232510852, 555708901
38448788315405, 563269494
38449351680017, 593002012
38449944778002, 552293129
38450497166502, 560122592
38451057383134, 564731693
38451622210696, 558191098
38452180498143, 562846485
38452743436723, 825801237
38453569349975, 916385162
38454485859906, 562504358
38455048463018, 549708296
38455598270957, 560460369
38456158829311, 560686635
38456719615509, 563541454
38457283256574, 559104656
38457842467284, 573433610
38458416020680, 576949611
38458993071233, 956095803
38459949267704, 924445797
38460873817219, 569076078
38461442998234, 592213720
38462035316527, 576264714
38462611684613, 610994971
38463222778339, 562002541
38463784884424, 565994639
38464350987904, 593781544
38464944871729, 558911116
38465503883638, 973694045
38466477675789, 945833789
38467423614154, 582238131
38468005957254, 586204957
38468592263037, 568789438
38469161153938, 583267978
38469744525906, 574653584
38470319281092, 593570727
38470912956938, 572871862
38471485931048, 579152024
38472065183433, 832548486
38472897908489, 960698029
38473858724978, 575390379
38474434216656, 582620491
38475016938758, 574809781
38475591849398, 583580514
38476175528160, 575336887
38476750962732, 561819902
38477312879390, 561900995
38477874885835, 572187308
38478447183736, 811350663
38479258637317, 938078854
38480196813413, 590328646
38480787240665, 584434795
38481371808586, 596167882
38481968088912, 560624576
38482528812728, 569229970
38483098141141, 570264665
38483668505244, 580935835
38484249540309, 564108826
38484813749398, 846800524
38485660642499, 933646408
38486594387299, 581447893
38487175934446, 564443786
38487740477503, 587482519
38488328074348, 566607900
38488894787861, 569177659
38489464081452, 564942747
38490029125360, 559758500
38490588982913, 573846607
38491162929051, 843327869
38492006349408, 938203897
38492944650064, 576552009
38493521304183, 575197850
38494096602568, 566547892
38494663249775, 553952771
38495217302121, 572864975
38495790267796, 558370164
38496348736603, 577813150
38496926649951, 564317855
38497491068132, 977951330
38498469111075, 937262243
38499406472762, 597189427
38500003764753, 591857077
38500595721912, 586397453
38501182220362, 562692180
38501745014456, 585913234
38502331028196, 583012508
38502914141331, 580748869
38503494992047, 586974782
38504082069618, 826649545
38504908817753, 939703369
38505848622195, 581551778
38506430275627, 581862465
38507012243315, 561642320
38507573987845, 559481235
38508133567594, 566812012
38508700479856, 576657319
38509277235434, 579492143
38509856826501, 580678766
38510437624411, 847457838
38511285199542, 919039413
38512204360657, 582778858
38512787294543, 571629458
38513359082226, 578101775
38513937472608, 569222350
38514506809935, 562283951
38515069173524, 568887600
38515638139604, 582768060
38516220999572, 567408031
38516788485722, 810986078
38517599545482, 926292924
38518525918763, 571951865
38519097951856, 573878878
38519671907074, 566305393
38520238290807, 571150833
38520809521269, 556014014
38521365612712, 569117837
38521934806882, 554479049
38522489365864, 582729858
38523072178830, 846098284
38523918353121, 916805457
38524835239327, 571521601
38525406838232, 583490890
38525990406156, 574738700
38526565224686, 573160035
38527138463164, 580112322
38527718652859, 560489474
38528279220829, 575442260
38528854742531, 564492271
38529419315385, 814181196
38530233571022, 929120546
38531162773078, 580533900
38531743388068, 572742362
38532316210595, 564330247
38532880622776, 573950757
38533454652080, 581643595
38534036374116, 571439878
38534607892737, 584410493
38535192382638, 578296686
38535770761521, 846895616
38536617735745, 940436659
38537558251477, 581201562
38538139532335, 583091044
38538722702414, 579285148
38539302065550, 585979236
38539888126297, 570147852
38540458353365, 582675154
38541041107354, 562334869
38541603519924, 582749210
38542186352349, 834335639
38543020774208, 931126388
38543951980181, 560550438
38544512608355, 568776268
38545081465322, 569958572
38545651503922, 576218498
38546227804458, 575012604
38546802895910, 570252646
38547373227636, 581017864
38547954326843, 591967872
38548546373804, 839603491
38549386053603, 930400136
38550316531585, 570960278
38550887572955, 580214630
38551467870846, 570494430
38552038446135, 578914816
38552617440117, 565066315
38553182586710, 565930986
38553748599958, 573546231
38554322231747, 583679140
38554905989820, 871789029
38555777855584, 940889743
38556718825060, 592964191
38557311870525, 595997932
38557907949569, 582886204
38558490915981, 594297742
38559085289834, 560345515
38559645720345, 582427426
38560228224472, 563026198
38560791335721, 579225400
38561370644571, 821585147
38562192301566, 937766296
38563130145114, 583941502
38563714163981, 575486324
38564289727149, 577111785
38564866914481, 561993479
38565428983596, 607865275
38566036927475, 607244209
38566644250273, 598565362
38567242895592, 565729549
38567808704166, 845168697
38568653950267, 933149463
38569587179740, 585328553
38570172590776, 578671338
38570751348822, 572242537
38571323671329, 576962831
38571900713887, 572977813
38572473772084, 583906295
38573057758590, 573320041
38573631157657, 586626076
38574217869019, 854029822
38575071973761, 924675567
38575996729258, 578768531
38576575581050, 578989781
38577154650038, 564195674
38577718927456, 568654311
38578287681544, 563039345
38578850806180, 587863150
38579438807153, 569381764
38580008265460, 591725588
38580600075837, 846817599
38581446963978, 912268031
38582359307419, 575877807
38582935260410, 583545585
38583518879673, 591732226
38584110690463, 568947868
38584679714815, 593714605
38585273506889, 564255194
38585837835727, 586815753
38586424726744, 584851738
38587009654036, 844290914
38587854018519, 949081099
38588803175278, 579941076
38589383189011, 585153638
38589968417332, 584629974
38590553122508, 598683546
38591151881309, 586127737
38591738083855, 599431761
38592337590856, 574534333
38592912201897, 578263923
38593490541391, 859627422
38594350239047, 942828341
38595293338227, 596134260
38595889707272, 574425842
38596464221381, 609238412
38597073545252, 569187220
38597642793881, 582232512
38598225086977, 563384165
38598788530115, 572464791
38599361055670, 585677385
38599946795303, 849979313
38600796833422, 925057475
38601721950332, 584039427
38602306049761, 578793248
38602884903193, 586454051
38603471417209, 600011660
38604071490287, 572906681
38604644457191, 576433685
38605220951932, 585143860
38605806156381, 574286673
38606380504998, 864140225
38607244704869, 935035738
38608179800690, 581817271
38608761678839, 587170189
38609348910533, 577424058
38609926395474, 588278553
38610514732872, 574672757
38611089467291, 578225999
38611667796093, 574430653
38612242311677, 580347639
38612822722352, 839601645
38613662383572, 954120776
38614616565429, 592654646
38615209281420, 585176061
38615794520213, 588076656
38616382661690, 567821837
38616950545364, 600107523
38617550714942, 592946564
38618143722968, 595851312
38618739637034, 587300741
38619326998811, 842309115
38620169393850, 928425973
38621097911567, 584462764
38621682436789, 578308820
38622260805731, 584200355
38622845066730, 574233937
38623419360255, 578533359
38623997953704, 589448279
38624587461459, 582354296
38625169875697, 577567680
38625747503420, 842324161
38626589884415, 942226310
38627532171367, 612550523
38628144780803, 565546920
38628710386182, 580477510
38629290923689, 573560574
38629864544206, 580538211
38630445141740, 569736433
38631014937353, 570682839
38631585679094, 588366844
38632174105656, 847231468
38633021394947, 937576583
38633959032020, 559871105
38634518962019, 591782591
38635110802035, 571479988
38635682341960, 579328925
38636261728188, 579052501
38636840839540, 589509263
38637430405729, 589500609
38638019966873, 587878937
38638607904891, 852570151
38639460532135, 945178209
38640405769123, 603287718
38641009116144, 610950718
38641620127385, 613474407
38642233661614, 582526118
38642816247249, 600199359
38643416507547, 605272484
38644021848349, 581332034
38644603242845, 600633320
38645203937905, 875795659
38646079792252, 960499978
38647040352279, 593987943
38647634399601, 608783992
38648243249161, 584888054
38648828197551, 603858716
38649432117086, 577506007
38650009681499, 574009443
38650583751223, 591574111
38651175384112, 577255247
38651752704108, 875375967
38652628138439, 939751912
38653567951491, 587699720
38654155710848, 590203555
38654745973370, 593811540
38655339844762, 604352833
38655944258119, 577774591
38656522092005, 589107368
38657111257897, 584593589
38657695914651, 600070788
38658296061527, 882556376
38659178677720, 950424937
38660129162390, 597453231
38660726673970, 598603779
38661325337167, 605418913
38661930819144, 595122073
38662525998652, 602094184
38663128152445, 606652748
38663734864924, 603294807
38664338219138, 588078613
38664926356521, 877315179
38665803729247, 929619882
38666733407737, 593117592
38667326584428, 589177917
38667915825579, 589485659
38668505369188, 584585208
38669090014004, 593319937
38669683398755, 587553205
38670271009673, 583793913
38670854863783, 602812205
38671457737566, 883173533
38672340969247, 946557220
38673287588016, 600549892
38673888196291, 582664340
38674470919793, 593847621
38675064826495, 574015155
38675638900537, 607897564
38676246855765, 586965013
38676833881505, 606099365
38677440061559, 593447701
38678033569146, 888431957
38678922111927, 947254549
38679869486280, 599678003
38680469207595, 584879870
38681054129052, 595343607
38681649516546, 591807281
38682241365538, 611282157
38682852690072, 577731195
38683430463777, 615826484
38684046334539, 586232886
38684632610641, 881471302
38685514120950, 949825099
38686463989221, 580221872
38687044253904, 597431463
38687641727629, 603029624
38688244801743, 595990425
38688840835357, 596866191
38689437744163, 590172626
38690027958690, 593695190
38690621696945, 595518025
38691217257748, 880475520
38692097771115, 956757708
38693054572217, 597957784
38693652573327, 607630152
38694260245953, 605798522
38694866087547, 587782189
38695453912397, 621388310
38696075343403, 602076937
38696677463678, 609391550
38697286899581, 580630878
38697867573231, 874845129
38698742456068, 947352549
38699689852429, 593476299
38700283371296, 603511295
38700886927013, 601947497
38701488916132, 598443285
38702087403189, 619310255
38702706757070, 585536843
38703292334666, 613319552
38703905696450, 609439093
38704515178497, 899809854
38705415028274, 947623806
38706362695916, 603793886
38706966535093, 609337294
38707575915053, 591849348
38708167808682, 603604442
38708771457299, 601226276
38709372725629, 593415100
38709966182246, 613930061
38710580153717, 617772824
38711197968488, 898845250
38712096852344, 944985890
38713041881022, 603286769
38713645210748, 616320332
38714261574357, 615183686
38714876799697, 591378681
38715468221853, 616275529
38716084539913, 601624564
38716686206957, 597196550
38717283445279, 616935081
38717900424838, 909052963
38718809515940, 958268848
38719767827714, 604682343
38720372552836, 597405894
38720969999611, 613119047
38721583160155, 592400256
38722175602933, 598618466
38722774264978, 599524893
38723373833783, 616711221
38723990588541, 604536716
38724595168363, 886716542
38725481923454, 954165639
38726436130916, 618254760
38727054428311, 609932338
38727664400106, 601720526
38728266162717, 605027646
38728871230857, 609248123
38729480520763, 598676810
38730079238285, 594436011
38730673717700, 612470288
38731286228868, 890446377
38732176713877, 939190468
38733115946281, 631622071
38733747608976, 611306514
38734358958107, 615809764
38734974807855, 583037146
38735557887446, 584131270
38736142060138, 602767745
38736744870293, 594153293
38737339066796, 605498029
38737944606930, 886042780
38738830688256, 945927068
38739776658277, 619770040
38740396472050, 606571982
38741003086008, 596661644
38741599789540, 614507179
38742214337883, 590401845
38742804782191, 606840492
38743411664651, 594006617
38744005714105, 588812063
38744594569156, 899717374
38745494325044, 968880860
38746463248154, 619303872
38747082594834, 632934417
38747715571426, 610327165
38748325940972, 612784207
38748938766644, 595798208
38749534606165, 591733761
38750126379429, 616276399
38750742699291, 614395590
38751357137255, 903213868
38752260389483, 986549749
38753246981888, 609548092
38753856572881, 619592641
38754476208921, 625116726
38755101368930, 610453758
38755711862925, 617662112
38756329566614, 605944594
38756935554110, 600367110
38757535963493, 611804842
38758147813410, 902893403
38759050746412, 986600216
38760037388352, 612920361
38760650351890, 623448495
38761273844940, 614754628
38761888642420, 609923588
38762498607969, 606862925
38763105518757, 619501583
38763725063276, 623531413
38764348638056, 619566448
38764968246990, 886291088
38765854577855, 969069137
38766823688850, 617930027
38767441660571, 608206883
38768049910842, 619323798
38768669278119, 638863265
38769308184838, 636293311
38769944523896, 632861996
38770577428370, 619831616
38771197304135, 612773925
38771810122246, 900605539
38772710768057, 961760261
38773672570532, 615655374
38774288267882, 621324881
38774909637654, 612568902
38775522249876, 612263087
38776134555147, 624723106
38776759327084, 627922511
38777387291521, 640125429
38778027460871, 600091888
38778627600193, 920457378
38779548101597, 964494789
38780512640778, 624024744
38781136706971, 622415404
38781759164160, 618233003
38782377438101, 616084503
38782993564754, 611193886
38783604801889, 644990697
38784249834283, 640794500
38784890672051, 612542204
38785503256227, 913928259
38786417223522, 966773164
38787384051052, 619226989
38788003319823, 625920707
38788629281614, 607702485
38789237028812, 619421980
38789856491858, 611811969
38790468345853, 604808337
38791073197266, 620473627
38791693713060, 611290068
38792305044005, 928414168
38793233496235, 964901552
38794198439253, 603707815
38794802189830, 619135058
38795421367095, 635762165
38796057174707, 612966975
38796670184215, 637358001
38797307582786, 606428477
38797914053575, 605773565
38798519869474, 619506795
38799139418866, 903976913
38800043436862, 964737221
38801008216613, 629395555
38801637654457, 622624015
38802260319037, 612729218
38802873090825, 624584864
38803497720701, 626762995
38804124526166, 619579102
38804744147472, 629495767
38805373685378, 619832530
38805993561383, 932852737
38806926454490, 971359961
38807897856315, 608124825
38808506023806, 621786981
38809127852836, 625286727
38809753182297, 605447191
38810358671541, 636199146
38810994911766, 619752123
38811614706785, 626319011
38812241068987, 623997152
38812865106479, 916148234
38813781294625, 961798838
38814743138385, 624656274
38815367836228, 620881361
38815988759468, 623496848
38816612300233, 635387162
38817247730552, 617769611
38817865542907, 627848030
38818493432537, 623716191
38819117191698, 626716284
38819743949400, 915364768
38820659352704, 975218726
38821634613507, 630400862
38822265056206, 618353870
38822883451862, 628680708
38823512174517, 617836501
38824130054626, 625203109
38824755298916, 636699739
38825392061091, 616666991
38826008770172, 618500600
38826627314567, 921433807
38827548788077, 977418102
38828526247022, 622634845
38829148923246, 616644803
38829765609067, 604626378
38830370277419, 639843055
38831010162214, 626564091
38831636768903, 627807485
38832264619180, 628789956
38832893449173, 616739116
38833510319078, 938014292
38834448372235, 970351866
38835418765759, 616327884
38836035137430, 624260023
38836659439653, 626695011
38837286177981, 613783626
38837900029036, 635497305
38838535569717, 632018440
38839167629761, 623850521
38839791523597, 650922409
38840442488762, 938355035
38841380882429, 970812158
38842351736754, 619467825
38842971245775, 639335948
38843610624088, 636484304
38844247152851, 625771203
38844872966758, 646324080
38845519333425, 626009847
38846145383752, 625337590
38846770765289, 623128057
38847393936104, 925704621
38848319678953, 963666308
38849283388603, 625286016
38849908716075, 619173700
38850527932923, 626468014
38851154443400, 634591433
38851789078552, 629505640
38852418626113, 641910265
38853060576401, 625050762
38853685670000, 640942298
38854326654476, 928195020
38855254890882, 960490566
38856215422579, 630536188
38856846002755, 619317121
38857465362537, 635983553
38858101387843, 627163906
38858728594237, 640503497
38859369140894, 634522939
38860003704332, 628430021
38860632176421, 620166808
38861252384627, 943249642
38862195690469, 991403788
38863187135798, 635369523
38863822547866, 644499452
38864467089334, 627625970
38865094757930, 639875101
38865734674058, 622419420
38866357136094, 622540704
38866979719470, 639081203
38867618841987, 615407790
38868234293109, 940274776
38869174609151, 975616845
38870150268361, 638607647
38870788918121, 621217617
38871410177001, 614787386
38872025008755, 648670910
38872673722113, 637510115
38873311276766, 650885916
38873962204599, 634794383
38874597042501, 636538470
38875233622936, 950978647
38876184640653, 995382809
38877180066094, 634057345
38877814168618, 627870055
38878442079349, 630166339
38879072289599, 634022231
38879706352238, 663682850
38880370077765, 630749280
38881000866872, 630852248
38881631759528, 666648251
38882298447930, 966083885
38883264572091, 984611402
38884249225017, 634986799
38884884252813, 645028816
38885529324545, 630593183
38886159959576, 651900428
38886811901058, 637599388
38887449543112, 623467147
38888073052239, 625918208
38888699015293, 644762504
38889343821164, 954099564
38890297958424, 986346137
38891284347318, 635373833
38891919764282, 632134418
38892551942279, 643447381
38893195433257, 637996240
38893833477403, 647000279
38894480519835, 636330246
38895116891877, 635664069
38895752597991, 639346388
38896391985564, 952605654
38897344631448, 996429580
38898341105626, 639229096
38898980377064, 649115423
38899629533977, 645700062
38900275275547, 635138779
38900910455490, 645570432
38901556068378, 642515196
38902198625755, 624175105
38902822844672, 645019796
38903467908387, 923988740
38904391936738, 973334945
38905365314781, 647796570
38906013153878, 649486619
38906662682271, 639039949
38907301768806, 641046460
38907942857151, 651650194
38908594549914, 642587885
38909237179427, 646111803
38909883336124, 625913416
38910509289951, 968824886
38911478153337, 991788536
38912469983068, 643329438
38913113352902, 634775655
38913748170134, 622492005
38914370704623, 645884581
38915016632164, 639766759
38915656444668, 631542634
38916292825803, 644369615
38916937238494, 634339337
38917571620404, 963969161
38918535629374, 977311933
38919512981517, 640887084
38920153912031, 631719977
38920785674406, 644817985
38921430534224, 650504117
38922081081530, 645451074
38922726576089, 629685357
38923356304288, 624924022
38923981271851, 638942577
38924620257201, 949593791
-------------
--------->>>>0<<<<---------