---inserts---
14501982180062, 1443593264582
15945586931332, 3524600251
15949111651651, 3894223734
15953005996571, 2775430376
15955781543219, 2788843195
15958570506080, 3071080305
15961641692576, 1079956951
15962721757538, 1778684272
15964500566749, 894982086
15965395692318, 2380514758
15967776312939, 3209467938
15970985883961, 1991395027
15972977412926, 887792975
15973865314604, 2049945058
15975915355957, 900792116
15976816242180, 1137518127
15977953862657, 880650012
15978834612753, 1401726900
15980236436712, 684698900
15980921253852, 1743041794
15982664386351, 1461959186
15984126458604, 1117509436
15985244094398, 653619161
15985897834551, 959150591
15986857103034, 684795718
15987542039993, 746814504
15988289016350, 701498067
15988990621268, 788756583
15989779482030, 977954653
15990757546049, 1744401820
15992502067426, 1160865654
15993663044906, 796593026
15994459739761, 660420170
15995120266017, 855263233
15995975637228, 759178433
15996734920650, 660681485
15997395708092, 1113382713
15998509196515, 665756896
15999175075383, 608685373
15999783890372, 1505761355
16001289749754, 1057422910
16002347272260, 637952934
16002985325140, 668105985
16003653529199, 671903859
16004325535715, 673088852
16004998728072, 619744475
16005618574499, 610440114
16006229114885, 601504756
16006830727425, 609809955
16007440637271, 1016857688
16008457591583, 1076499050
16009534196828, 667367565
16010201666071, 611910415
16010813676900, 629114579
16011442891434, 612613015
16012055607722, 599480852
16012655194188, 585720807
16013241021089, 619684795
16013860809583, 642552211
16014503464708, 962823300
16015466384134, 1012545732
16016479035275, 623106030
16017102243586, 617530440
16017719880018, 626369973
16018346357699, 584348656
16018930810732, 573779233
16019504695874, 596611227
16020101409858, 615847933
16020717358609, 593402797
16021310860173, 860117189
16022171075572, 1015924990
16023187103494, 572336715
16023759549625, 596423604
16024356088242, 577026300
16024933214823, 609718631
16025543034817, 584250450
16026127387985, 608638576
16026736126149, 578175458
16027314399770, 594565406
16027909065583, 814652189
16028723815201, 988151294
16029712075131, 596016950
16030308195545, 601622962
16030909921101, 563688702
16031473715656, 564605512
16032038426762, 600728999
16032639260829, 565566665
16033204929926, 564910257
16033769943089, 615646254
16034385694065, 814493209
16035200281340, 963850806
16036164235844, 585273989
16036749612011, 612353374
16037362070219, 624411687
16037986583817, 560966616
16038547653949, 566015009
16039113829742, 558439377
16039672373378, 586981501
16040259456693, 582080014
16040841637637, 944525201
16041786257897, 940213569
16042726572999, 604434469
16043331115430, 618377304
16043949592116, 547291621
16044496990411, 581442351
16045078536883, 555486057
16045634143446, 569261312
16046203506494, 556985229
16046760589569, 588724301
16047349436580, 797554044
16048147152468, 966318315
16049113578141, 555830483
16049669516342, 605407926
16050275029496, 573914848
16050849051031, 591498493
16051440687851, 592542418
16052033342327, 559076961
16052592522108, 591205767
16053183833116, 578630841
16053762565694, 807958458
16054570621231, 940546952
16055511270389, 567065619
16056078437393, 591490686
16056670034095, 571256087
16057241407947, 556379521
16057797897898, 534238456
16058332244527, 588462037
16058920822169, 595162359
16059516291514, 565662030
16060082056432, 799873394
16060882028535, 973496931
16061855646529, 646212022
16062501945770, 531965568
16063034001364, 573538064
16063607625796, 574361596
16064182075239, 548206453
16064730367729, 543687676
16065274141178, 546477273
16065820707847, 541403292
16066362196700, 913478947
16067275759770, 957484881
16068233333069, 550967966
16068784386403, 563507727
16069347979476, 567740710
16069915807623, 532347752
16070448241521, 551099145
16070999474950, 569571659
16071569135314, 576112708
16072145335683, 558226908
16072703647823, 901757619
16073605486370, 904321205
16074509893525, 568914067
16075078893338, 559350566
16075638330208, 572988007
16076211407134, 566173786
16076777664589, 550872655
16077328624928, 557016161
16077885730937, 576240504
16078462059822, 541517831
16079003664845, 783710036
16079787458474, 912982285
16080700526154, 586418313
16081287030211, 552120495
16081839234624, 549386490
16082388709636, 565256861
16082954057549, 556926908
16083511073498, 554479172
16084065642660, 542976288
16084608708771, 549664142
16085158460761, 800846450
16085959396818, 924971015
16086884453810, 558964262
16087443507168, 551759806
16087995351276, 557323193
16088552761074, 536095306
16089088943857, 569374776
16089658405613, 562075143
16090220582353, 566371910
16090787058359, 542683885
16091329844661, 896052182
16092225993513, 940301287
16093166397510, 554938791
16093721440241, 545784344
16094267329166, 540426104
16094807857797, 561163221
16095369126026, 548398159
16095917626506, 577484218
16096495226978, 554352541
16097049682828, 556996550
16097606780460, 911709758
16098518589552, 922724223
16099441415957, 548386034
16099989915079, 566185142
16100556204122, 553833141
16101110141818, 545641408
16101655889236, 534148466
16102196642987, 547595442
16102744343862, 554756191
16103299205824, 558580283
16103857889022, 783781949
16104641770334, 919516283
16105561392486, 559677429
16106121174998, 556398317
16106677681014, 533691023
16107211482045, 536364177
16107747951714, 566694521
16108314750414, 547309442
16108862166477, 551798082
16109414068104, 550904164
16109965075339, 784031159
16110749204735, 908665486
16111657973009, 549322396
16112207400050, 537794421
16112745304934, 555414318
16113300826690, 541711985
16113842647354, 561687038
16114404440309, 553466235
16114958011880, 549647117
16115507764195, 545797982
16116053665829, 926978549
16116980743465, 911900152
16117892750586, 558784324
16118451638466, 551497277
16119003244369, 557116593
16119560465459, 567646867
16120128217426, 553583413
16120681907792, 559765388
16121241781971, 547900893
16121789787703, 537851688
16122327744456, 799745874
16123127591395, 901022192
16124028718782, 551677093
16124580500233, 534567539
16125115170907, 549683655
16125664960565, 562169617
16126227241514, 538540636
16126765885570, 556275970
16127322269033, 558243346
16127880624916, 557058359
16128437788812, 811527807
16129249417173, 905358635
16130154881362, 549249251
16130704235855, 566718792
16131271066389, 537800286
16131808973321, 545414480
16132354490788, 546455171
16132901049440, 548874330
16133450029885, 556357085
16134006494654, 540259336
16134546859872, 800515003
16135347477249, 898180481
16136245771665, 545508225
16136791385533, 549862779
16137341359336, 549587119
16137891061709, 549130228
16138440310818, 555853355
16138996286826, 552047095
16139548438166, 543580844
16140092127381, 539228506
16140631460916, 808262041
16141439828035, 893923298
16142333865968, 549096375
16142883069932, 561450939
16143444628307, 559766332
16144004502634, 554665459
16144559273425, 559245242
16145118627996, 551352678
16145670086316, 563492370
16146233685761, 548375156
16146782167403, 780064826
16147562335384, 907263162
16148469686412, 531288766
16149001066527, 557943627
16149559099735, 538326786
16150097515109, 544938092
16150642538262, 539502061
16151182127107, 542545810
16151724763105, 540698234
16152265552893, 555904931
16152821546314, 920974815
16153742606515, 912486382
16154655181053, 536545281
16155191812807, 558060352
16155749963360, 537575405
16156287627690, 546973496
16156834691218, 550842943
16157385623736, 531351148
16157917064042, 556873911
16158474026656, 534628980
16159008744745, 781314449
16159790159066, 897989252
16160688252728, 555886831
16161244230312, 532038912
16161776361146, 550589808
16162327039865, 547993873
16162875124146, 546279361
16163421491116, 552069185
16163973649598, 550259537
16164523997240, 533919279
16165058005694, 925651999
16165983742842, 900430539
16166884259904, 569600764
16167453950604, 559591488
16168013632904, 554176405
16168567898639, 545698225
16169113685167, 542083537
16169655859048, 558880869
16170214854069, 568046308
16170783168275, 554098300
16171337374722, 788273386
16172125720677, 899297139
16173025092190, 552422032
16173577587519, 551090096
16174128751893, 566427946
16174695252570, 559151352
16175254490514, 561755174
16175816333365, 569983713
16176386402028, 545029981
16176931517001, 542023808
16177473627294, 927771509
16178401622167, 919386696
16179321111807, 561169243
16179882366904, 551317378
16180433768062, 561180792
16180995034987, 554780892
16181549902327, 568381768
16182118371092, 557477114
16182675931815, 542076748
16183218094301, 540923877
16183759101708, 807387142
16184566575005, 911716556
16185478378803, 558502639
16186036966390, 562132817
16186599187567, 541939409
16187141213119, 558711384
16187700022195, 568843599
16188268952799, 563732711
16188832771549, 545944112
16189378801615, 560040416
16189938965529, 811163984
16190750214695, 906133495
16191656437031, 563528381
16192220072924, 568290191
16192788447966, 557132266
16193345668521, 572835736
16193918589572, 539389929
16194458068751, 552042981
16195010198884, 552743735
16195563026848, 564514336
16196127625446, 814568563
16196942276931, 899000759
16197841363034, 556214835
16198397681612, 554820079
16198952596331, 558213945
16199510905534, 558404291
16200069395982, 559060700
16200628540722, 556686101
16201185310169, 540592424
16201725988112, 567464865
16202293541687, 827574642
16203121200900, 909195680
16204030481360, 573477998
16204604057039, 577031512
16205181173742, 566162602
16205747419887, 552117147
16206299621410, 557786177
16206857490975, 553058504
16207410633534, 565604678
16207976323859, 579665429
16208556088196, 814103551
16209370276767, 897367763
16210267730766, 572348069
16210840163189, 562773079
16211403020288, 551256243
16211954359534, 556008598
16212510450883, 558382344
16213068922219, 562739296
16213631743279, 570245373
16214202071533, 585522040
16214787694649, 805288781
16215593089465, 896418517
16216489643144, 565379911
16217055163749, 571932494
16217627202487, 566967218
16218194288871, 554974039
16218749338479, 570422775
16219319841562, 555751579
16219875670084, 581238838
16220456989521, 561005716
16221018075565, 947978034
16221966127848, 917094888
16222883294029, 565071302
16223448434266, 564313734
16224012818376, 571281087
16224584172246, 573578867
16225157819969, 558854125
16225716743531, 561353722
16226278169136, 553168775
16226831408543, 546728976
16227378208092, 835630234
16228213906854, 921539364
16229135517037, 566265313
16229701851751, 563824530
16230265745443, 562596025
16230828411034, 567628262
16231396108570, 553767276
16231949950247, 583073141
16232533098231, 549740495
16233082917122, 560374846
16233643366655, 838418458
16234481859737, 959909793
16235441845428, 553092769
16235995015011, 564078819
16236559170592, 567641883
16237126891402, 560659207
16237687626106, 591418028
16238279119854, 570629310
16238849827444, 565251142
16239415156140, 562712541
16239977944824, 804081994
16240782101324, 925976273
16241708155932, 561750275
16242269983987, 553451605
16242823511725, 577305350
16243400894784, 567224441
16243968200877, 582044288
16244550320874, 566206127
16245116604487, 548637510
16245665317505, 556232223
16246221625467, 841332022
16247063031311, 912381600
16247975488549, 559192220
16248534756531, 562326129
16249097161375, 558828627
16249656082112, 580383152
16250236546177, 555381896
16250792022599, 563017411
16251355123981, 561117158
16251916317271, 573592436
16252489985466, 835627577
16253325688348, 913443377
16254239210340, 568758810
16254808064674, 569177621
16255377320385, 580783187
16255958179931, 549416650
16256507673246, 555452034
16257063200726, 555608561
16257618884642, 578627652
16258197595371, 579790624
16258777463940, 814202044
16259591742135, 910917904
16260502738878, 558338500
16261061157145, 577303545
16261638538809, 566574365
16262205191865, 570573827
16262775844208, 559072478
16263334994839, 557402830
16263892474782, 569241677
16264461793612, 587462160
16265049333354, 820641107
16265870048175, 911959917
16266782083870, 564063917
16267346225285, 572808484
16267919112717, 565340444
16268484528062, 572965115
16269057568327, 556784288
16269614429654, 565674960
16270180183844, 573322695
16270753578320, 577854535
16271331503960, 826597790
16272158170100, 899830593
16273058070994, 590870778
16273649014624, 558095242
16274207181810, 584753446
16274792021350, 573244766
16275365339780, 590226216
16275955636978, 575915922
16276531622849, 569467776
16277101165493, 569901377
16277671137027, 847364020
16278518572198, 946609728
16279465255626, 590245645
16280055574508, 593366925
16280649013155, 609743052
16281258829432, 582117361
16281841019336, 579591900
16282420685073, 596772712
16283017530926, 570187721
16283587790796, 579322038
16284167186531, 852164533
16285019422831, 942236004
16285961730972, 594675576
16286556480167, 584454252
16287141008748, 589401879
16287730484332, 575916467
16288306474194, 591817297
16288898363274, 593764625
16289492202958, 602188395
16290094464408, 597895187
16290692431923, 837406725
16291529908091, 946563850
16292476542399, 580605196
16293057230434, 587574889
16293644879878, 572002959
16294216955145, 604638451
16294821664523, 576476574
16295398215815, 588672915
16295986963851, 587670622
16296574708420, 580416520
16297155199318, 851338889
16298006605916, 928823453
16298935696133, 592498451
16299528439110, 578551800
16300107083383, 582880840
16300690026348, 561822380
16301251910069, 588467786
16301840440671, 974394005
16302814911472, 613339042
16303428324126, 587516604
16304015910258, 867170142
16304883143731, 924142204
16305807355955, 579962149
16306387386447, 598783833
16306986237447, 597749875
16307584072569, 572023363
16308156166597, 570307885
16308726546607, 589374408
16309315987895, 580064456
16309896116772, 577839572
16310474023517, 856314704
16311330402236, 918158480
16312248628680, 582638607
16312831334278, 587185048
16313418584252, 579340815
16313997993503, 584098593
16314582158991, 588721413
16315170945776, 568826043
16315739884748, 588089121
16316328073979, 594423967
16316922568423, 841209579
16317763844765, 921493824
16318685404303, 570609497
16319256078920, 561872920
16319818019332, 572279242
16320390365087, 580309886
16320970740947, 582476120
16321553283575, 575277558
16322128627224, 580357673
16322709051493, 583760668
16323292876770, 866955714
16324159909350, 934990643
16325094983917, 592338917
16325687386722, 579820573
16326267273477, 573162630
16326840503195, 595871547
16327436437569, 585623576
16328022126937, 588937146
16328611128676, 587226506
16329198421624, 584849639
16329783337115, 864441231
16330647841398, 934826869
16331582733056, 568367625
16332151169190, 586898347
16332738132124, 584028019
16333322224563, 596319327
16333918610800, 581430251
16334500106339, 586079211
16335086251790, 570967228
16335657283975, 580029749
16336237380214, 851404833
16337088848061, 935378229
16338024291919, 589261409
16338613618986, 590622268
16339204306797, 596660149
16339801033301, 591582692
16340392680383, 593302723
16340986048944, 593651337
16341579767956, 579124575
16342158956379, 588994048
16342748031648, 857591223
16343605687302, 937476653
16344543230415, 595186798
16345138483256, 579634620
16345718183484, 595941544
16346314193034, 587733378
16346901991650, 576691229
16347478748805, 576341745
16348055157200, 603837245
16348659059375, 582429952
16349241558447, 858318243
16350099940051, 941817582
16351041822277, 594360782
16351636249828, 603162562
16352239477273, 584651060
16352824195681, 594872701
16353419132728, 571326207
16353990523347, 591757908
16354582348167, 586367311
16355168780792, 597370118
16355766216839, 860541408
16356626820799, 931935099
16357558821040, 593160288
16358152059079, 606734594
16358758866488, 592463304
16359351396662, 585285234
16359936744676, 597068290
16360533879223, 596270400
16361130214365, 590885083
16361721163392, 596558072
16362317784273, 875349479
16363193195414, 933555127
16364126814688, 597518696
16364724397981, 573033296
16365297497928, 601501860
16365899064365, 573839674
16366472973350, 605264138
16367078302996, 580590858
16367658958873, 608837376
16368267862205, 594241669
16368862167881, 861599205
16369723828134, 932928575
16370656821627, 608857982
16371265743623, 592872272
16371858680912, 590868930
16372449614239, 578153346
16373027833687, 587895582
16373615796132, 579588550
16374195448684, 567087112
16374762603537, 607551683
16375370226621, 849757272
16376220056058, 953091349
16377173215050, 611325023
16377784608724, 610631623
16378395306567, 594112468
16378989487040, 610270728
16379599823533, 575960176
16380175849564, 601551736
16380777465832, 576414847
16381353950870, 605442887
16381959477922, 872545644
16382832266692, 940121913
16383772518253, 594613098
16384367179832, 603249382
16384970471354, 601921334
16385572433402, 599182112
16386171656070, 599452529
16386771150214, 604227930
16387375417840, 587948685
16387963405597, 588179306
16388551623190, 881151278
16389432812750, 951160222
16390384030186, 593946997
16390978015130, 600557797
16391578611700, 593203079
16392171857164, 592365240
16392764261366, 592417644
16393356718333, 585552146
16393942308877, 598921266
16394541269129, 601114165
16395142427075, 888290883
16396030755140, 948103632
16396978900209, 595104035
16397574045631, 598681570
16398172765130, 582646177
16398755451035, 605052055
16399360543142, 588957663
16399949540338, 606507072
16400556086370, 596403580
16401152528343, 600136469
16401752704119, 880749296
16402633490493, 944020489
16403577550013, 595987164
16404173575663, 624495333
16404798111004, 601615683
16405399765267, 589721717
16405989526726, 588753933
16406578319241, 599047691
16407177405869, 598482633
16407775927777, 587188717
16408363154670, 870942389
16409234134088, 952116591
16410186289263, 581728951
16410768056476, 604134312
16411372230386, 596465318
16411968736505, 618334552
16412587109058, 606484424
16413193634853, 596699942
16413790373502, 598651982
16414389069583, 620827357
16415009938113, 891072108
16415901047499, 949100512
16416850185832, 594088523
16417444314599, 626502558
16418070857096, 589339728
16418660239938, 618001443
16419278280816, 601265510
16419879585563, 618521660
16420498146310, 592017990
16421090204244, 593663963
16421683907706, 914137398
16422598084285, 969323376
16423567447034, 592920547
16424160407873, 599103663
16424759551137, 595507904
16425355097172, 609394352
16425964533881, 588503755
16426553078282, 619121994
16427172238972, 605342538
16427777621632, 614552312
16428392215282, 886276057
16429278528709, 933148721
16430211715656, 610088352
16430821841838, 612881293
16431434761223, 590989670
16432025791074, 590991242
16432616822620, 597166439
16433214027882, 614594914
16433828663518, 598356311
16434427059877, 633920338
16435061018802, 885230582
16435946286958, 945027026
16436891354257, 601578922
16437492973521, 601843104
16438094856951, 605275843
16438700171371, 607279054
16439307488774, 609012366
16439916540517, 620279109
16440536857656, 608329587
16441145227790, 610516214
16441755783583, 894034198
16442649856218, 947663901
16443597556663, 615071593
16444212668101, 604825929
16444817533191, 608916257
16445426490309, 604774719
16446031303812, 612991691
16446644334313, 609063056
16447253436011, 619502364
16447872977129, 608644656
16448481660172, 889429957
16449371127398, 961899849
16450333065872, 605431532
16450938540352, 597263528
16451535843550, 613578164
16452149460512, 601542391
16452751042619, 615238067
16453366319585, 592374431
16453958732010, 613022012
16454571792634, 600865567
16455172698091, 897190100
16456069926319, 959443421
16457029408178, 600677281
16457630124040, 614599377
16458244761811, 603167508
16458847968472, 620779490
16459468785922, 606623805
16460075450203, 621497347
16460696985891, 591435822
16461288462376, 616460024
16461904959964, 919198043
16462824194631, 946858330
16463771091592, 606868415
16464377998522, 617776641
16464995812539, 616569191
16465612420946, 612348737
16466224808037, 608455916
16466833304359, 619007201
16467452351133, 615589293
16468067981874, 610476367
16468678497327, 890677038
16469569212691, 955771766
16470525023072, 635134810
16471160195462, 613393611
16471773627757, 635131909
16472408797869, 611669823
16473020508439, 620302270
16473640847617, 604134492
16474245020057, 631917442
16474876975932, 612301295
16475489317521, 894712349
16476384068150, 948595073
16477332702635, 608789305
16477941532944, 619145008
16478560718486, 615651344
16479176409208, 627058195
16479803506302, 610261744
16480413807181, 611059132
16481024905682, 602859091
16481627804767, 619613467
16482247457711, 936417100
16483183912140, 960407854
16484144359983, 602981499
16484747380166, 613900319
16485361319922, 627211318
16485988570228, 622989161
16486611599981, 628014507
16487239655772, 617757680
16487857452623, 609194177
16488466685185, 600138471
16489066864177, 912349763
16489979251042, 959801075
16490939092222, 607899914
16491547030650, 620647137
16492167716783, 619443152
16492787198720, 625640514
16493412878534, 622160064
16494035080106, 611118628
16494646238670, 618798705
16495265078585, 622300976
16495887417008, 895527064
16496782982640, 967970321
16497750991900, 623944609
16498374975885, 611613538
16498986628747, 619372318
16499606040461, 622334548
16500228416642, 611388958
16500839844755, 615318038
16501455203767, 621624392
16502076868188, 607866943
16502684774758, 904298623
16503589110651, 977548205
16504566698690, 621119562
16505187857219, 632922187
16505820819966, 617832445
16506438693184, 626730514
16507065463482, 611204650
16507676706528, 619719737
16508296465414, 623938785
16508920442849, 611555756
16509532054410, 914377979
16510446470009, 980407451
16511426916288, 616835879
16512043791729, 631109636
16512674940658, 623742258
16513298721562, 642497970
16513941258273, 632193983
16514573489696, 634382616
16515207917232, 629367044
16515837324346, 625145192
16516462509318, 930381231
16517392929416, 950951532
16518343922881, 630997387
16518974959470, 630227265
16519605225277, 638722436
16520243987542, 639989091
16520884035712, 636536532
16521520614600, 629966433
16522150621613, 644149224
16522794813473, 634325111
16523429178896, 919191045
16524348408372, 973341856
16525321790988, 640378715
16525962209373, 627858982
16526590109729, 632291178
16527222441879, 624789794
16527847271599, 648982520
16528496293898, 620526312
16529116860595, 639425986
16529756325794, 621379383
16530377744894, 927363796
16531305147609, 976825082
16532282012753, 626174147
16532908228130, 641623817
16533549892227, 630475415
16534180407614, 630923877
16534811369640, 622998610
16535434407782, 624242459
16536058689762, 617592625
16536676321434, 633462509
16537309822986, 943385761
16538253246357, 974710219
16539227996341, 630365159
16539858401180, 641204507
16540499644445, 632238865
16541131923952, 649918027
16541781882707, 618792440
16542400714996, 646347501
16543047104450, 625182351
16543672327129, 639916013
16544312283010, 933822140
16545246144041, 982967005
16546229150977, 644566505
16546873759070, 632418370
16547506218103, 621131723
16548127392659, 626487515
16548753919884, 628321745
16549382282059, 649678295
16550031999339, 621272450
16550653311574, 652286540
16551305638378, 923420607
16552229096986, 971935479
16553201071806, 638285700
16553839396788, 619480402
16554458916167, 644679027
16555103637883, 619376504
16555723052995, 621751429
16556344843625, 634135070
16556979017009, 626006442
16557605063774, 632635487
16558237737499, 948657126
16559186432179, 978274467
16560164744369, 638200428
16560802985882, 627202661
16561430228062, 654987453
16562085254677, 638942209
16562724236186, 637815704
16563362090520, 627195032
16563989324667, 627250351
16564616615269, 639242344
16565255896956, 944995329
16566200947423, 1005509924
16567206495240, 638551353
16567845085396, 635038994
16568480162883, 648811499
16569129014579, 638780075
16569767833686, 641505422
16570409378751, 643171855
16571052589126, 655293579
16571707922395, 632297007
16572340256925, 938430688
16573278730403, 991927211
16574270696336, 658209154
16574928945106, 653286948
16575582272483, 635319588
16576217632798, 627821522
16576845494037, 668287504
16577513822106, 645034824
16578158898260, 650955071
16578809895846, 637823251
16579447760600, 955604770
16580403403925, 1002516292
16581405960343, 657513307
16582063515385, 644561781
16582708121411, 656603635
16583364769637, 648732714
16584013544086, 672177889
16584685762616, 650396106
16585336201821, 657281367
16585993524241, 643840439
16586637407193, 966207582
16587603656277, 1006379329
16588610076914, 644975709
16589255094027, 669748891
16589924884187, 652745587
16590577669742, 659012540
16591236722938, 667189851
16591903955212, 648977484
16592552973088, 661141769
16593214156210, 641328379
16593855524395, 970533816
16594826099619, 1005439364
16595831580495, 653526447
16596485151241, 670786135
16597155980371, 650331945
16597806356488, 654783663
16598461179946, 643434953
16599104654867, 651449673
16599756145213, 658754915
16600414940293, 644797884
16601059780525, 964083764
16602023908462, 1003491559
16603027441201, 665588345
16603693070253, 659108402
16604352219255, 650829668
16605003089580, 645206552
16605648335630, 660836197
16606309214470, 666938304
16606976193983, 663369661
16607639607452, 640696297
16608280345294, 966314386
16609246699942, 993181739
16610239921491, 652163231
16610892126535, 650722902
16611542888610, 648396103
16612191325384, 637824589
16612829190406, 658740418
16613487971434, 648843199
16614136857136, 637149885
16614774049292, 647812563
16615421907495, 941896184
16616363842169, 986124774
16617350006451, 646172689
16617996219555, 646166062
16618642424123, 651385644
16619293849107, 625625145
16619919512263, 651914143
16620571464954, 635092015
16621206596109, 628050771
16621834685236, 641038707
16622475763067, 957782783
16623433582578, 982469213
16624416091279, 631262139
16625047393592, 638181103
16625685612378, 648326751
16626333979795, 627865287
16626961883403, 639065983
16627600990761, 650522529
16628251553428, 628525686
16628880119028, 653802384
16629533962331, 947079106
-------------
--------->>>>0<<<<---------