---inserts---
9107077120991, 2119782365002
11226871446355, 4228835143
11231100398606, 2928072260
11234028596698, 4032561936
11238061260904, 963357564
11239024729058, 1153305980
11240178142199, 1030861233
11241209102800, 1773023318
11242982227452, 1723569872
11244705898591, 2671952846
11247377944011, 2968145954
11250346202229, 1771156130
11252117475553, 1565186010
11253682764871, 846105762
11254528969093, 856301847
11255385365023, 820843688
11256206310152, 1902928598
11258109332553, 1787077712
11259896514027, 1157232885
11261053845857, 1359959958
11262413898353, 1329478803
11263743470361, 1235330423
11264978896415, 1313229497
11266292222640, 849664398
11267141982061, 679560226
11267821669797, 857051754
11268678860374, 819986484
11269498933191, 1154550169
11270653570456, 710333862
11271364019589, 1127587430
11272491717019, 1714356457
11274206185394, 724161527
11274930456745, 675780835
11275606351791, 681188007
11276287646522, 747676889
11277035432614, 661971196
11277697533761, 1101349703
11278799000829, 628075184
11279427197516, 664339434
11280091646495, 1061240001
11281152986071, 1146928551
11282300028278, 644643662
11282944772683, 599141927
11283544037063, 603301251
11284147438942, 629397328
11284776934478, 628408768
11285405442561, 639000743
11286044543229, 670491531
11286715136962, 598433463
11287313669927, 994922629
11288308684646, 1039814637
11289348597265, 643771462
11289992468002, 601000572
11290593567005, 626605725
11291220275569, 622038572
11291842412623, 624192882
11292466703693, 618542318
11293085345619, 642579397
11293728043364, 620448992
11294348589989, 1030068703
11295378754316, 1076735957
11296455593839, 597710887
11297053409335, 587469917
11297640984643, 634379382
11298275466432, 611245316
11298886809704, 607011353
11299493931327, 744405181
11300238437685, 576937597
11300815476273, 607118847
11301422680147, 826712210
11302249470930, 990634291
11303240187433, 587720359
11303827989405, 621007225
11304449098523, 611089991
11305060288426, 599651369
11305660056615, 624968957
11306285129994, 600726329
11306885958142, 591092875
11307477152151, 581428841
11308058681230, 939855331
11308998636152, 1001935351
11310000703148, 614826321
11310615630658, 564177947
11311179915296, 633897112
11311813914530, 605833363
11312419851474, 597969219
11313017924400, 567478544
11313585504888, 586801888
11314172407455, 572410653
11314744922975, 978643998
11315723664535, 1261977711
11316985746730, 592076928
11317577925980, 637716792
11318215743813, 597286039
11318813130201, 582348423
11319395580741, 593910691
11319989633169, 580198629
11320569932410, 603964492
11321174007613, 607739117
11321781850551, 811144579
11322593089409, 960680829
11323553875100, 590568557
11324144551295, 583991713
11324728644129, 600134221
11325328883891, 578156256
11325907141810, 609304246
11326516551193, 596504424
11327113162766, 566468506
11327679738184, 592744599
11328272600751, 833058857
11329105832457, 1007945521
11330113886479, 578146348
11330692140437, 595803646
11331288063343, 568211540
11331856382717, 603612540
11332460147835, 592919480
11333053174903, 575060005
11333628339118, 589195117
11334217635169, 576351562
11334794085141, 815561388
11335609742701, 945095780
11336554939181, 571879742
11337126919669, 575125874
11337702148696, 609651215
11338311913172, 589023607
11338901046383, 561774655
11339462936765, 596388153
11340059417661, 564202924
11340623803851, 554213667
11341178106089, 924470240
11342102660199, 942161228
11343044910208, 550155498
11343595155184, 570448137
11344165687267, 573387869
11344739160193, 565841467
11345305084872, 561881161
11345867050850, 570992334
11346438128721, 559345864
11346997561295, 569825144
11347567469970, 783591760
11348351141704, 937412435
11349288642416, 553972314
11349842706306, 559789460
11350402579801, 566189463
11350968854387, 561458371
11351530401216, 574193050
11352104678862, 568487458
11352673250798, 571197648
11353244533252, 579099321
11353823717793, 807181176
11354630979082, 979954399
11355611018307, 556586211
11356167692128, 545884928
11356713665005, 549386034
11357263135644, 551976125
11357815195428, 570493439
11358385775388, 557904394
11358943764145, 547183266
11359491030709, 546336036
11360037452195, 814624676
11360852159996, 937517305
11361789760799, 566799908
11362356647871, 570670453
11362927403960, 551291990
11363478780981, 571538577
11364050404942, 563178012
11364613666281, 555338122
11365169087302, 553951650
11365723126374, 562779209
11366285990260, 804416476
11367090490526, 905877053
11367996453510, 544936836
11368541480296, 553197297
11369094760379, 566321215
11369661167482, 555377076
11370216630269, 577741156
11370794460103, 558017377
11371352563418, 575743548
11371928393279, 552178034
11372480657777, 785458990
11373266197130, 915457965
11374181742597, 553245363
11374735073045, 558873817
11375294031068, 539454941
11375833574202, 550791200
11376384453035, 552032138
11376936571281, 560825490
11377497483611, 542295410
11378039866017, 555670281
11378595622584, 788215150
11379383919710, 919584119
11380303587302, 545896382
11380849569678, 561620393
11381411274261, 536331532
11381947694242, 541321578
11382489100945, 539183703
11383028367234, 541385646
11383569837034, 549325538
11384119247501, 546916133
11384666247979, 792182121
11385458511486, 918976348
11386377571977, 564758500
11386942415675, 556981325
11387499480435, 555373047
11388054942450, 555034855
11388610062500, 561387476
11389171534085, 550395293
11389722015018, 562576134
11390284676204, 552985910
11390837748802, 908162179
11391745990650, 905224492
11392651298869, 555465951
11393206850116, 541034302
11393747970375, 556614882
11394304672425, 555266023
11394860039764, 547273335
11395407397232, 542936531
11395950417622, 541287751
11396491791033, 559385176
11397051262522, 785967468
11397837312050, 898207602
11398735606344, 541496220
11399277185305, 553746980
11399831019789, 546569624
11400377675193, 547958426
11400925717860, 529473084
11401455280672, 551519434
11402006886514, 544228508
11402551200049, 558772686
11403110059310, 788130814
11403898279830, 917147653
11404815513844, 554376458
11405369976103, 562441233
11405932503609, 569720369
11406502310034, 554228787
11407056626487, 547992054
11407604706785, 555309369
11408160102584, 554743932
11408714934537, 535068195
11409250088081, 942346613
11410192518252, 928962679
11411121568520, 568813977
11411690467020, 554354910
11412244912495, 540287051
11412785286371, 555281067
11413340652119, 548373286
11413889112646, 558710753
11414447910870, 570410281
11415018409090, 562481972
11415580981524, 818467490
11416399533168, 924782235
11417324407631, 561043051
11417885536256, 549173984
11418434800808, 564858895
11418999750065, 556229568
11419556093358, 546719162
11420102913264, 581111407
11420684108910, 557290135
11421241485623, 571272429
11421812845275, 802999584
11422615926339, 903097643
11423519108667, 551718218
11424070911007, 540526980
11424611525597, 550763177
11425162372376, 556104015
11425718563238, 548184373
11426266833268, 549017015
11426815943439, 556888087
11427372917065, 559250976
11427932255446, 793374758
11428725714358, 902084376
11429627886838, 544343845
11430172317992, 550592087
11430722995010, 557442126
11431280524856, 555606527
11431836218350, 535513408
11432371819031, 547577379
11432919479759, 553548071
11433473112588, 545640816
11434018840981, 811361533
11434830286368, 916799713
11435747172584, 553535491
11436300797691, 564619167
11436865503611, 556667723
11437422278655, 561393778
11437983775910, 554652157
11438538517346, 544074111
11439082677941, 551033758
11439633798569, 551119393
11440185004908, 802807236
11440987894752, 925188433
11441913170060, 541006101
11442454263202, 567128206
11443021479103, 552305983
11443573872202, 558862251
11444132822012, 553343941
11444686252038, 562743785
11445249083902, 557821374
11445806991176, 556435779
11446363511712, 817163467
11447180756243, 916178610
11448097021534, 551986190
11448649094407, 549123785
11449198302703, 556272878
11449754660951, 564991205
11450319738297, 551603103
11450871428778, 567297969
11451438830804, 561610657
11452000684732, 561827950
11452562614013, 799141210
11453361821347, 927277777
11454289170987, 557448745
11454846688915, 567469362
11455414229636, 549734771
11455964053725, 568263109
11456532387807, 555162158
11457087632336, 554929926
11457642634428, 553866149
11458196573820, 562469361
11458759115285, 952046252
11459711285360, 907861625
11460619227213, 571865718
11461191163564, 556867530
11461748103483, 574679564
11462322855017, 551556915
11462874480979, 561804541
11463436355522, 570459521
11464006884906, 569731102
11464576690927, 575430137
11465152191704, 838366856
11465990629070, 933892305
11466924594905, 571172746
11467495842155, 572372957
11468068293973, 582038617
11468650408168, 590300090
11469240782962, 578399018
11469819256642, 585387456
11470404716876, 580248522
11470985042478, 562349877
11471547465640, 960700020
11472508238622, 936624666
11473444937027, 573069028
11474018080122, 585574096
11474603728178, 587126211
11475190929772, 587674545
11475778679202, 571449474
11476350207154, 571659283
11476921943057, 584293037
11477506310947, 590987953
11478097375264, 848501392
11478945947400, 951371475
11479897392563, 571936429
11480469402386, 567661720
11481037136606, 582098797
11481619307812, 600083063
11482219464411, 561982789
11482781522283, 560605941
11483342200955, 582508477
11483924783159, 573132046
11484497990790, 952540005
11485450601977, 953755507
11486404431067, 582912369
11486987419103, 589031595
11487576525484, 590985730
11488167585033, 583908171
11488751566696, 581116092
11489332758266, 588283947
11489921117399, 582627721
11490503820188, 585818405
11491089714655, 829272694
11491919063560, 956189186
11492875327920, 592868806
11493468269272, 578537509
11494046907170, 585487519
11494632482096, 560141108
11495192708447, 590895179
11495783678626, 574767796
11496358521907, 600378236
11496958975791, 580683480
11497539747849, 823067191
11498362909754, 920842944
11499283849768, 581856899
11499865836643, 576307400
11500442318058, 598289575
11501040738418, 580034849
11501620848174, 576964045
11502197872484, 589735183
11502787670477, 558929300
11503346660441, 571317297
11503918040724, 864010452
11504782112898, 928141906
11505710314930, 574004115
11506284379080, 574653310
11506859094913, 597400933
11507456559335, 593641485
11508050265456, 589651721
11508639981780, 572716776
11509212757861, 572621200
11509785441887, 576678074
11510362184611, 836479457
11511198727421, 937869447
11512136660316, 585926964
11512722653146, 575048938
11513297767013, 585726855
11513883558316, 582502426
11514466124974, 574497512
11515040685136, 570252667
11515611000009, 597473982
11516208535687, 579746070
11516788344006, 845284098
11517633688257, 938141993
11518571896199, 586227682
11519158186055, 577894787
11519736142203, 587888057
11520324093559, 580606064
11520904760383, 583525269
11521488349300, 587430396
11522075843672, 586043021
11522661951912, 585139920
11523247155790, 827002361
11524074220669, 944022030
11525018305504, 581007941
11525599376814, 582913790
11526182360629, 586566058
11526768990870, 569493860
11527338547351, 592093995
11527930701511, 569104137
11528499870172, 583780815
11529083714440, 577938296
11529661717614, 854822173
11530516600515, 944699958
11531461364453, 584666650
11532046095815, 602946657
11532649108823, 581515964
11533230690342, 601729408
11533832486015, 584253402
11534416801562, 605430061
11535022293588, 568253046
11535590611486, 585482121
11536176159721, 846355082
11537022577107, 928227716
11537950867512, 587311205
11538538240115, 575236030
11539113540258, 574457648
11539688079263, 582489901
11540270633450, 579998391
11540850693588, 587977946
11541438734644, 586374684
11542025173714, 600221109
11542625462771, 855784768
11543481314742, 935524811
11544416903316, 582136904
11544999104083, 581456924
11545580630417, 593379445
11546174075462, 577142746
11546751280079, 565210077
11547316553457, 576209380
11547892825111, 575309167
11548468196990, 556045438
11549024304070, 842444676
11549866810052, 928297251
11550795168546, 570536003
11551365765179, 580668659
11551946494527, 575981335
11552522536563, 573460404
11553096072071, 580268755
11553676401265, 557490068
11554233955280, 560995218
11554795013671, 561730944
11555356805425, 844993988
11556201861109, 929548595
11557131473443, 572417994
11557703953585, 576333324
11558280349917, 560638255
11558841051521, 571072095
11559412186579, 574016998
11559986266108, 562852404
11560549179308, 562906426
11561112149065, 570412512
11561682623636, 835625326
11562518307681, 920218536
11563438588699, 572927747
11564011577582, 571168550
11564582809902, 568941642
11565151815319, 578501744
11565730379602, 561294315
11566291737488, 573546542
11566865349186, 569629791
11567435040561, 563931817
11567999035882, 969214272
11568968308931, 925279725
11569893652157, 581641852
11570475358457, 582130267
11571057552931, 584674422
11571642295914, 581104000
11572223460927, 584391188
11572807916497, 582177134
11573390156893, 575914322
11573966135013, 576209639
11574542407454, 831430412
11575373897085, 935001796
11576308962472, 577746739
11576886772310, 562101791
11577448937936, 580767139
11578029768744, 580961151
11578610793577, 570854920
11579181710536, 580680787
11579762454993, 568579902
11580331097445, 593308800
11580924472035, 967505121
11581892047562, 924178196
11582816348745, 580639253
11583397441055, 578694703
11583976273752, 594807604
11584571134244, 578451442
11585149639703, 590390538
11585740081937, 598178340
11586338310304, 589332476
11586927695724, 614514989
11587542260435, 832835043
11588375143321, 914538540
11589289739344, 596621200
11589886410918, 583943962
11590470409242, 584606099
11591055068827, 581038412
11591636158275, 574621272
11592210831125, 601725425
11592812609663, 570046550
11593382708874, 578154411
11593960915585, 859638824
11594820605407, 938678556
11595759335271, 592325063
11596351715834, 578122932
11596929890788, 601775018
11597531721420, 598070796
11598129845918, 599290941
11598729193768, 603472855
11599332782630, 598657406
11599931515817, 600915633
11600532482634, 855180776
11601387713472, 944682596
11602332448625, 604758080
11602937259992, 587551498
11603524868360, 591300933
11604116222393, 591132663
11604707405722, 570309428
11605277768979, 593201994
11605871021297, 589270589
11606460344660, 586963420
11607047361307, 856351969
11607903775650, 937556066
11608841404425, 594159601
11609435616948, 588411321
11610024080611, 588999058
11610613133943, 593289396
11611206473801, 589636791
11611796162057, 586998128
11612383210343, 598002770
11612981265957, 582914388
11613564233973, 865696184
11614429979440, 954694296
11615384724829, 600289479
11615985067886, 595184070
11616580301262, 592242853
11617172595795, 581156705
11617753805762, 597229313
11618351084205, 591671555
11618942808474, 594003660
11619536863848, 584442818
11620121358366, 860129560
11620981535697, 955538515
11621937125425, 592928684
11622530106344, 591540445
11623121698727, 599885778
11623721636612, 588259482
11624309946295, 591305415
11624901302097, 604180112
11625505533810, 602652557
11626108240189, 576082709
11626684376197, 886091774
11627570517886, 947723521
11628518295651, 599066908
11629117414596, 594920101
11629712385529, 597846860
11630310282555, 586591980
11630896928569, 605812209
11631502791743, 589949628
11632092792797, 585465437
11632678309722, 606900161
11633285262513, 878981093
11634164291576, 940722715
11635105065736, 602297200
11635707414828, 587101141
11636294569038, 614064467
11636908684877, 602710372
11637511448635, 589327829
11638100830456, 618239263
11638719120673, 595802595
11639314974153, 598351115
11639913377278, 873815428
11640787244238, 961576910
11641748871769, 582505336
11642331428693, 605154902
11642936634371, 604054785
11643540740926, 599807018
11644140598038, 597138351
11644737788405, 585476047
11645323315088, 580073491
11645903440736, 599806237
11646503299804, 872470325
11647375818068, 963180081
11648339049260, 606303295
11648945405771, 593140669
11649538599748, 602651290
11650141302962, 586783121
11650728139475, 599593210
11651327782587, 586864494
11651914698968, 602592518
11652517343811, 593463128
11653110859127, 873700435
11653984609221, 952934707
11654937595166, 613593054
11655551241049, 608239407
11656159531855, 600212601
11656759795893, 598243261
11657358090427, 609245874
11657967391093, 602658012
11658570100453, 588381513
11659158533878, 601946264
11659760531185, 879728456
11660640308936, 968835014
11661609196783, 591134024
11662200385047, 619086690
11662819522355, 606221919
11663425794819, 621521812
11664047368940, 602971157
11664650392289, 609746789
11665260191832, 605371889
11665865615382, 606969313
11666472654547, 898505362
11667371246704, 955243778
11668326588099, 586484800
11668913117802, 606895855
11669520066254, 631303090
11670151411685, 589699470
11670741158413, 620762542
11671361963390, 605122818
11671967130067, 601909530
11672569083782, 598136733
11673167261821, 872992168
11674040292407, 969397907
11675009737036, 613343249
11675623122519, 620206618
11676243369928, 597832661
11676841245319, 615021635
11677456309445, 602483805
11678058835292, 604165665
11678663044824, 600995578
11679264087169, 610288433
11679874419631, 866357981
11680740818142, 961298147
11681702158044, 610676130
11682312879427, 599743443
11682912664751, 599175297
11683511883567, 604364128
11684116290532, 608963997
11684725296154, 599326705
11685324665699, 593042389
11685917751843, 594208078
11686512018984, 912750363
11687424810830, 956371178
11688381225012, 601736117
11688983003800, 602883647
11689585931296, 613830824
11690199805164, 607815132
11690807663347, 600852151
11691408558479, 608624351
11692017225232, 600609989
11692617879157, 584785943
11693202706562, 897516832
11694100262707, 940868152
11695041174072, 607965662
11695649182019, 614684510
11696263910303, 609100023
11696873053228, 607510247
11697480605963, 611649636
11698092298415, 598104895
11698690447087, 617236053
11699307725421, 614921201
11699922689235, 893099715
11700815829278, 962727668
11701778598229, 612742838
11702391384902, 613671939
11703005099767, 602550669
11703607694160, 623973590
11704231710111, 615104902
11704846862467, 612953008
11705459857853, 592809428
11706052710096, 619197717
11706671950646, 894733471
11707566723169, 968043596
11708534809877, 613026385
11709147879566, 621077205
11709768999293, 618738857
11710387779734, 607296650
11710995118646, 614866255
11711610026808, 606952554
11712217022340, 621170638
11712838234562, 616716653
11713454993376, 888351613
11714343384425, 966239845
11715309668986, 645112588
11715954824210, 615741167
11716570606816, 627200798
11717197850237, 633594411
11717831489809, 605936389
11718437468580, 629592865
11719067102227, 597950306
11719665095605, 624910201
11720290048509, 910705950
11721200795561, 984215713
11722185052597, 598079410
11722783177132, 615848560
11723399070073, 599473074
11723998586714, 614621349
11724613252453, 630225748
11725243522113, 617760981
11725861327118, 620626381
11726481996439, 627112954
11727109152227, 895661268
11728004854389, 955201712
11728960097903, 619409431
11729579551458, 622796311
11730202391107, 608982012
11730811416086, 614983014
11731426440659, 604428278
11732030912163, 612105632
11732643060854, 621038162
11733264142063, 606768142
11733870952908, 900521905
11734771514104, 972472119
11735744049090, 613388109
11736357482100, 633387838
11736990914090, 632362867
11737623321637, 613034920
11738236400016, 609852368
11738846295090, 629975110
11739476313724, 624725071
11740101082604, 652909736
11740754035319, 892261548
11741646337233, 987353547
11742633736003, 635182804
11743268966674, 641968042
11743910977219, 633576349
11744544599623, 643813041
11745188459326, 644545813
11745833049470, 634729377
11746467823752, 639745678
11747107614478, 645829259
11747753488375, 923037747
11748676569454, 1003935378
11749680553232, 646438388
11750327037970, 624835749
11750951915920, 618184689
11751570145046, 646654452
11752216842574, 638059416
11752854946197, 642125577
11753497116008, 651076510
11754148238223, 616710024
11754764992529, 924512075
11755689544283, 1018427250
11756708023767, 624163552
11757332231764, 633550517
11757965827320, 617419824
11758583288822, 624806935
11759208140025, 627550095
11759835734297, 630276685
11760466054434, 628620202
11761094719968, 635226048
11761729990733, 896893195
11762626936447, 977240923
11763604220532, 618732747
11764222996582, 635583403
11764858623055, 615497591
11765474162625, 627693802
11766101899381, 628075484
11766730017612, 623490529
11767353553425, 620003240
11767973599751, 624570786
11768598216376, 914992396
11769513250157, 980511588
11770493806277, 634066883
11771127915968, 633396107
11771761353660, 628281282
11772389679371, 623404896
11773013133150, 614679465
11773627857812, 636593432
11774264493358, 645590309
11774910126179, 637033917
11775547204167, 925068953
11776472313721, 979814432
11777452170644, 641977409
11778094189061, 630968666
11778725201259, 633828094
11779359073588, 638366477
11779997484442, 612093629
11780609622317, 620521095
11781230185024, 641021280
11781871250800, 617322886
11782488618518, 938594745
11783427252887, 980618597
11784407914134, 643505470
11785051465253, 625324654
11785676832091, 633796933
11786310672672, 621869483
11786932583399, 616050544
11787548678706, 637065261
11788185786260, 633977487
11788819807795, 620232311
11789440082532, 910296707
11790350422682, 991744896
11791342210851, 622956161
11791965209213, 617676970
11792582929897, 631304333
11793214276931, 625432337
11793839749118, 637550276
11794477341986, 617292840
11795094678054, 629433940
11795724155056, 644328737
11796368525896, 918577002
11797287143674, 995446299
11798282630905, 643628898
11798926307881, 643945058
11799570297172, 625559508
11800195905883, 623411722
11800819360270, 644252598
11801463656895, 614473813
11802078172791, 646508891
11802724725107, 624695283
11803349460765, 932229770
11804281730750, 980541647
11805262313414, 645645555
11805908000077, 641344137
11806549385902, 629201090
11807178628898, 639258199
11807817930370, 635514240
11808453489860, 616722802
11809070254897, 643900061
11809714198398, 634960576
11810349201061, 966532435
11811315773449, 980309221
11812296126445, 643906021
11812940075414, 630747111
11813570866070, 624082588
11814194990490, 634885338
11814829917351, 613343124
11815443305320, 611156442
11816054504137, 626452709
11816681000374, 652102654
11817333146418, 935709443
11818268897145, 972606998
11819241546410, 630713938
11819872302469, 626978183
11820499328436, 628665953
11821128064463, 650092883
11821778200403, 643233329
11822421478952, 625109321
11823046632069, 632495523
11823679171177, 651519675
11824330734283, 929015336
11825259787352, 1024366759
11826284194142, 644856392
11826929093248, 633947346
11827563082746, 636687294
11828199813651, 646606871
11828846463104, 628702002
11829475211837, 646388717
11830121642665, 615499093
11830737185763, 641505936
11831378736231, 931353558
11832310131316, 991653296
11833301826241, 628539347
11833930409950, 640276090
11834570728494, 652608444
11835223380023, 637737590
11835861159972, 643913640
11836505116983, 644308326
11837149467664, 634789918
11837784301069, 641975077
11838426316486, 922558115
11839348914281, 994346295
11840343303098, 627824252
11840971171845, 630707398
11841601921282, 624169398
11842226131742, 639297887
11842865472518, 651896685
11843517411508, 650546354
11844168014368, 632098776
11844800155541, 644215327
11845444417825, 944155090
11846388614578, 998630100
11847387287824, 631851974
11848019184817, 655554881
11848674781238, 633941322
11849308763500, 638594784
11849947405921, 648857892
11850596307503, 637074820
11851233423748, 630899513
11851864366328, 629893549
11852494303487, 934781822
11853429143852, 997301207
11854426484851, 631173968
11855057698510, 640580398
11855698320588, 639678524
11856338041258, 633195067
11856971278661, 650948599
11857622268522, 638119547
11858260428299, 623844795
11858884313272, 647492120
11859531847838, 960220068
11860492108956, 1001821959
11861493971660, 638917381
11862132930239, 627467966
11862760438513, 637825718
11863398304048, 641562781
11864039906716, 630206389
11864670154557, 622192020
11865292390858, 629737504
11865922169033, 635731415
11866557943067, 944433307
11867502415795, 1007466647
11868509922809, 636578226
11869146543791, 645197493
11869791781541, 634623964
11870426449074, 615817937
11871042308462, 654599311
11871696948239, 622031013
11872319018525, 625147489
11872944208823, 636652527
11873580902870, 939469053
11874520411197, 996002251
11875516455862, 628899410
11876145398266, 657645419
11876803086085, 636519807
11877439648803, 636394951
11878076086001, 661643058
11878737768327, 651643355
11879389451843, 625741870
11880015233833, 633789787
11880649065827, 927002597
11881576105818, 1005711827
11882581858208, 629787828
11883211686431, 649389444
11883861116069, 637541484
11884498698722, 631047358
11885129787096, 667440745
11885797269409, 624682243
11886421992803, 636340089
11887058373241, 653953045
11887712367740, 929660952
11888642068379, 997299053
11889639409716, 644008939
11890283459554, 643357601
11890926855758, 641605340
11891568500931, 631328474
11892199871614, 646022850
11892845936658, 646197795
11893492182202, 645000059
11894137223826, 642927622
11894780191578, 977686515
11895757917970, 989854390
11896747822161, 643080307
11897390942813, 640789254
11898031771796, 634229830
11898666042162, 645340138
11899311423995, 649541703
11899961007190, 659597765
11900620649425, 633849977
11901254541791, 653261585
11901907852791, 948460424
11902856350545, 989414876
11903845805474, 637802929
11904483648270, 636747802
11905120437323, 643974780
11905764454454, 641381808
11906405875430, 650905628
11907056822861, 637797334
11907694660428, 620296519
11908314998529, 640616931
11908955656628, 955464050
11909911161357, 990278394
11910901479237, 643502743
11911545023414, 654519136
11912199579829, 646253833
11912845874082, 636316850
11913482230738, 648511236
11914130784368, 646801577
11914777627229, 645389981
11915423058168, 657022896
11916080121368, 960307070
-------------
--------->>>>0<<<<---------