---updates---
3754395448361, 4008406329
3781183724048, 3809415893
3784993238748, 4296018844
3832772078103, 4188945053
3836961137785, 4615326993
3841576588255, 4596762287
3931129210857, 5135710814
3936265015983, 5048253347
3941313360218, 4960756468
3968138546437, 5552831853
3996235633630, 5485307345
4001721084763, 5206422996
4012002577348, 5050473536
4056181958077, 5703513797
4120850060854, 5877615796
4152033538470, 5668064671
4157701652823, 5674593867
4163376296589, 7198406630
-------------
---reads---
3701999700543, 6192329155
3758403918364, 1102874518
3789289323164, 1360239145
3808536536416, 1418405229
3846173430015, 1051707293
3867094880284, 1166157672
3888416118258, 1636962441
3910137034884, 1582018639
3946274166015, 1626537026
3973691429265, 1531655585
4017053084178, 1708312853
4061885507773, 1692573461
4126727707665, 2080145112
-------------
---updates-errors---
3737203846581, 4625585505
3741829437110, 4309160270
3746138602474, 4045362937
3750183970329, 4211472274
3777041061853, 4142656584
3828478255173, 4293818197
4006927577526, 5074995075
4039485798092, 5382501558
4044868303931, 5263412629
4050131721247, 6050232403
4086927094650, 5742914761
4092670014311, 5531324260
4098201344304, 5131360068
4103332708487, 5330748522
4108663461839, 6178205383
4114841671092, 6008384332
-------------
--------->>>>16<<<<---------