---updates---
40477605016142, 5213445131
40487205119816, 1893550671
40493505752362, 1915462754
40495421340771, 1929573367
40501431357440, 1801077814
40507462909308, 1759252698
40532513689759, 1707251047
40537999145891, 1654347306
40539653615209, 2022559378
40545873042579, 2632942550
40548506111320, 2515792028
40551022033794, 1825576080
40552847744200, 1754133512
40562962019167, 1746232119
40564708408716, 1890459823
40586645697800, 1633006669
40588278839356, 1900794259
40590180090771, 1808768155
40591988994878, 1688342374
40593677463674, 2572295576
40608901648709, 1710799873
40610612596302, 1901344625
40612514067414, 1825735369
40614339933817, 1786688129
40620040630415, 1742509740
40621783271646, 1685816449
40631349762438, 1688907214
40633038797167, 1954827575
40638788438315, 1805178402
40648849999807, 2427352276
40655885297054, 1888554651
40657773972199, 1795016193
40659569103428, 1896053050
40665655344640, 1748572142
40667404074444, 2087354532
40669491555106, 1885202998
40675668263585, 1675791601
40677344170842, 1864503694
40679208798805, 1695949979
40685187431669, 2197404609
40703224370418, 1934051111
40709277862990, 1642130754
40715129404619, 1745771033
40716875291327, 1806379297
40718681798797, 1653206537
40735844187083, 1721869908
40741698257664, 1602917455
40743301309614, 1527680834
40744829112949, 1742029379
40746571261991, 2834633504
40753976727717, 1985951457
40755962802793, 1732848018
40770161944839, 1715170019
40771877244782, 1820263953
40773697633381, 1875362941
40779733240803, 1835410027
40785642224123, 1612576869
40787254918061, 1807305527
40797265528639, 1501504707
40798767165133, 2550515323
40801317807521, 2330183842
40832253923286, 1559700702
40842113764040, 1757576729
40847923919966, 1724846418
40849648889542, 1775957349
40851424977157, 1913297119
40853338393165, 1836078378
40855174600958, 1851183044
40857025900248, 1699066680
40863003724041, 2314563014
40874201629928, 1956756324
40888626241415, 1551454155
40890177820176, 1843016916
40892020972046, 1814976308
40898210271128, 1830009793
40900040421398, 1793295881
40910387944577, 1742494351
40912130555339, 1850005056
40913980684138, 1652454247
40915633269600, 2258824685
40917892213679, 2462098719
40920354443223, 1673747946
40926532706930, 1870702269
40928403533333, 1835462639
40934279908290, 1669145204
40940215829928, 1566277851
40946398187323, 1697370144
40948095673216, 1803222407
40949899011695, 1586385082
40951485534056, 2415789539
40953901476819, 2520316046
40960626555857, 1810223002
40978748937475, 1510648613
40984374948437, 1767525673
40986142594102, 1972931817
40992663061869, 1802483205
40994465662034, 1917102041
40996382890070, 1858503673
41023644561163, 1467624236
41025112345805, 2333258743
41036035321451, 1797715969
41047103252642, 1806764487
41053501987780, 1812174725
41059577770959, 1836024762
41065795999629, 1625118888
41071863701117, 1926281621
41078332859459, 1712289387
41080045266009, 1675769662
41086017829877, 1941332260
41087959287791, 2612028600
41095551330754, 1994534657
41097545994044, 1759531226
41099305655334, 1881481932
41101187260842, 1662599447
41107085112825, 1612223077
41108697464798, 1700730249
41115098137044, 1823433927
41116921695294, 2037844361
41123870231928, 1725817841
41125596171763, 2735848163
41128332164587, 2457997268
41130790277046, 1921191209
41132711590235, 1749282349
41147599166648, 1604436618
41149203732694, 1795596822
41150999453768, 1844426117
41157282638487, 1777971494
41159060730323, 1669997368
41160730848024, 1832236144
41171268189532, 2169478262
41178363375226, 2011936418
41184827062048, 1701984995
41190802010654, 1505694879
41192307853178, 1894431666
41194202418561, 1785578637
41222144128926, 1679583369
41223823862955, 1863312798
41225687323131, 1785734909
41231718167190, 1735683864
41233453969707, 2342908334
41240769796611, 1830823488
41242600742261, 1780127345
41253145370669, 1755086958
41281028794346, 1951075340
41282979997190, 2068643696
41289656423394, 1486391254
41291142933140, 1811198477
41292954254636, 1756855579
41312134461499, 1706562534
41313841152113, 2525885955
41321090310757, 2009511418
41327639445503, 1810266899
41329449843151, 1818869608
41357851522774, 1822803974
41359674444360, 1972693345
41366385668293, 1815862013
41368201654701, 1789136121
41374488185218, 1904611842
41381156637255, 1763447896
41392062134936, 2593973029
41399393852806, 1880705750
41401274679345, 1824595931
41407661345329, 1809571398
41418677445286, 1817429674
41420495002549, 1646862748
41426644580341, 1581225421
41428225927465, 1974007210
41430200068570, 1919628087
41432119870186, 1657529262
41438068312906, 2452265914
41450086660961, 1884499830
41451971294112, 1991670008
41453963096100, 1835520745
41455798736210, 1793447005
41489998308520, 1774904285
41491773341468, 2012385392
41503147959935, 1744168033
41509328584027, 1845243910
41515864344880, 1850169969
41517714632764, 2502764451
41529559582605, 1844932082
41540833994664, 2002136478
41542836246472, 2021581838
41553348247157, 1685963242
41577563222373, 1609016192
41588611876867, 1726650684
41590338645046, 1865216499
41597246813645, 1704310868
41603624824438, 1586742260
41605211693121, 2411256578
41612833772137, 2037388285
41614871284114, 1835146259
41616706552961, 1976825025
41637064646355, 1821276468
41652582774249, 1848705019
41659188370742, 1955541351
41675088193806, 1908975181
41676997258740, 2132553570
41683772582506, 1738221718
41694201525035, 2464774147
41706176043266, 1819363299
41707995498354, 1960944294
41709956524865, 1917670517
41711874287831, 2027176252
41713901783461, 1877219444
41725432767105, 1721461488
41745206455928, 1728134028
41746934671963, 1949302598
41748884071205, 1781565734
41764502317806, 2561973311
41771900390728, 2124763825
41774025248152, 1916460643
41775941794787, 1824613183
41787224370456, 1719718310
41793542235385, 1908884052
41795451210318, 2049098912
41797500402763, 1783484024
41799283980939, 1914016210
41801198081111, 1836441984
41803034615482, 2568175205
41805602882751, 2602152546
41817199562725, 2053962399
41819253604980, 2029795160
41821283480512, 1768431000
41842045648849, 1971208842
41844016939912, 2009291358
41846026324297, 2261829020
41853151448067, 1851298323
41873509938810, 1913171378
41875423202322, 2910629320
41878333917848, 2674442856
41895317684240, 1814842115
41910707376026, 1804016745
41972883564686, 1758029366
41974641685084, 2012370892
41981501409477, 1692865702
41992265446586, 1843801680
42026835318036, 1760604407
42028596014241, 1872718075
42035161455944, 2830379599
42076403818722, 2019523088
42078423424056, 1993141763
42080416655087, 1853326988
42086909725735, 1985047883
42088894866271, 2039585895
42090934534193, 1815216918
42092749837246, 2130122450
42099501675125, 1834116289
42101335911427, 2107465449
42108156689310, 2706497891
42116068803697, 2315196404
42123142721770, 1844224909
42124987038942, 1894804054
42126881926437, 1745467181
42133485640446, 2000362127
42135486084689, 2132272770
42156972713945, 1874007447
42158846802005, 2181985004
42161028868769, 2086558034
42163115507938, 2912415805
42176060081250, 1847603576
42198161764920, 1719179067
42199881038075, 2082986505
42226286461678, 2031994954
42228318552562, 2032190467
42234670887007, 1655902061
42236326868839, 2027171775
42238354117894, 2770569470
42241125097504, 1988028503
42243113212173, 2793025436
42245906332977, 2576138654
42248482561255, 1853968534
42255190543249, 1936209306
42261860063955, 1873046234
42273551912571, 1915307449
42334089025036, 1927720199
42336016826283, 1953796313
42343063094189, 1974939560
42345038116811, 1918319790
42346956515384, 2840718634
42355301261513, 2165063559
42357466403894, 1910277802
42364254122685, 1971389816
42366225592104, 1752678791
42378147078875, 1919472767
42385297244583, 1882270208
42392321636117, 2024484149
42414162774936, 1846190655
42421426171411, 1985077720
42427781443294, 2885294347
42430666818971, 2895716203
42433562623025, 2164042052
42435726750559, 2097792734
42442939348639, 2055339725
42444994769416, 2094976755
42447089869438, 1932803988
42458947349257, 1895485731
42460842922678, 1991532590
42462834536867, 1982042684
42474833933589, 3188910826
42488884184185, 2427334405
42496443235855, 1873655968
42503404819988, 2120644051
42505525545345, 2037241908
42537422072736, 1789321660
42539211484866, 1992635427
42551497511385, 2051406336
42558594432647, 1968342276
42565700753246, 1960653199
42567661485103, 2782143171
42575800551314, 2107244644
42577907875021, 2106666770
42580014622926, 1898280466
42587210601803, 1856339106
42599137250114, 1916077198
42601053408036, 1943139057
42602996627287, 1823800451
42604820509494, 2181864882
42637421180958, 1857908168
42648909488821, 2466656507
42651376238220, 2933720565
42654310068924, 2072217441
42656382422274, 2029202988
42658411734825, 2076045466
42660487867523, 1996530343
42673311875026, 2114521666
42675426477303, 2062219113
42677488779281, 2085167941
42679574028498, 2077774078
42681651885589, 2873191182
42714027234519, 2321089298
42716348412298, 2046434075
42729239850983, 1863751866
42761214941139, 1877598512
42768183450926, 1826634592
42785515616488, 2036917164
42792929101325, 2338585914
42795267776644, 2099819537
42802309330466, 1879031687
42804188453613, 2912979595
42817843180423, 2205299918
42820048566827, 2050915759
42822099570673, 2262132843
42824361781422, 2140535208
42826502396024, 1958487909
42853785252725, 1649508471
42855434839673, 2119297564
42863065713051, 2045050669
42880615526672, 2049352642
42887860436638, 2852137786
42890712664066, 2909979837
42919442486214, 1990081753
42921432777994, 2410776878
42929192232899, 1959862469
42941316392244, 1929797426
42943246267510, 2291063292
42950629278168, 1758023706
42952387380795, 2041530934
42965243754438, 2029907082
42983054840623, 2906408254
42996289384667, 2266576753
42998556059741, 2260990654
43005892990649, 1954303836
43007847380320, 2110444717
43009957905886, 2050113388
43017433371221, 1977518567
43019410970445, 1931047927
43021342098935, 1972848119
43023315030897, 2265501990
43025580620804, 2855706335
43044071709223, 2325590470
43046397377676, 2050032693
43059029793729, 1987384571
43061017258242, 2040255833
43063057593353, 1784865195
43064842568312, 2157422345
43067000088356, 2262672774
43069262844776, 2307681563
43071570616209, 1991298178
43084670507123, 2915170841
43087585763821, 2833073482
43090418917342, 2138523763
43124140254131, 2123850491
43157646424967, 2387689532
43186064723327, 1945315645
43193569654596, 2080407676
43195650116086, 2107353983
43197757524225, 2030035457
43199787618454, 1976355916
43217950546052, 2594096196
43220544707486, 2741765097
43233599201966, 1997740507
43235596997129, 2127059429
43242948182885, 2098206867
43276635583922, 2077855972
43278713493793, 2095403385
43280809020237, 1962740287
43282771822292, 2196978181
43284968862597, 2039276191
43297690682294, 2827602471
43311588794513, 2138709658
43313727564229, 1994365552
43326972076314, 2213677033
43329185806243, 2336173796
43331522037116, 2198613670
43333720712950, 2376944869
43336097718977, 2110367045
43343736581700, 1862081968
43351122001273, 2272241665
43353394299317, 3075887671
43362137366387, 2261936564
43364399358387, 2132299044
43387829821015, 2020970203
43395433577291, 2122320972
43418934804223, 2006234218
43448499816782, 1959943764
43456125065667, 2209147270
43458334266758, 2308871310
43460643199144, 1862059090
43468421346357, 3115069598
43477675349993, 2161668286
43485268939396, 1948279717
43498082111989, 2118255033
43500200423537, 2102143401
43524568188643, 1983590899
43532016041130, 1976338273
43533992432406, 2101510185
43541589358154, 2329017187
43543918428796, 2177384698
43546095865984, 3027678780
43549123610047, 2924842536
43569332790108, 2172319095
43577557593667, 2243157410
43585603015620, 2296681324
43599248136649, 1987258448
43601235451664, 2133360029
43603368867496, 2256693435
43611439770582, 2188691815
43613628517974, 1941333138
43620841717064, 3185243710
43624027019970, 2840783025
43626867854935, 2282618845
43641049355363, 2146925966
43643196341830, 2035422913
43645231826867, 2018105155
43676123424524, 1915078421
43678038562462, 1986175080
43680024794976, 2478799112
43682503656048, 2387079008
43690687166853, 3114795387
43705088983722, 2304531823
43712956251638, 2190010380
43720388817776, 2048343776
43722437213703, 2144760228
43730400388419, 2438671080
43732839108554, 1993756078
43734832922129, 2131695224
43742649036010, 1986887770
43756124211424, 2257811159
43758382092480, 3301730618
43761683877874, 2613460790
43775531778254, 1925375591
43794015887159, 1999388149
43807028309633, 2057729899
43809086094511, 2239853362
43821995879180, 1866214158
43823862148714, 2070423397
43825932626129, 2057775142
43827990448472, 2413539894
43835659686598, 2737964278
43838397712341, 2693060878
43846480855560, 2050019713
43853670891914, 1823444735
43874435177489, 1945299190
43876380532880, 1981892906
43878362479927, 1683188405
43880045721010, 1893093941
43896638703578, 1394725740
43910199099024, 1240143979
43914289454944, 1728454580
43916017959728, 2000473971
-------------
---reads---
40439080357628, 10834541696
40461431860598, 89691919
40465861224402, 91914345
40470059920623, 126929927
40473849026658, 67026291
40482819047334, 103213735
40489098762010, 121462953
40497350997681, 168832097
40503232519295, 105311219
40509222247198, 137479884
40513278259918, 89550263
40517006108474, 182169030
40520953770686, 154008160
40524803216706, 145973521
40528571822967, 69077730
40534221019058, 100247091
40541676255128, 167172720
40554601958595, 67374796
40558939535018, 132216033
40566598945855, 145576956
40570789067047, 321018220
40574828525729, 219743725
40578737904633, 151337289
40582851311823, 130563111
40596249842346, 238280365
40600801908981, 103359908
40604920609481, 161563453
40616126705281, 145333646
40623469166867, 156271127
40627462422484, 121204224
40634993708601, 127037523
40640593696355, 89560753
40644596995694, 170065567
40651277439013, 288283419
40661465237728, 117426215
40671376835977, 142738559
40680904830435, 166049320
40687384924626, 238504178
40691915485089, 87628099
40695475455221, 92957181
40699132978615, 159479575
40705158505186, 200899580
40710920087036, 155177824
40720335084141, 105453560
40724309465932, 90911370
40728161593826, 126549225
40732182252416, 133986475
40737566139790, 156136884
40749405980931, 214114648
40757695735365, 139657836
40761913201721, 172614058
40766146303974, 139189667
40775573072970, 209101774
40781568735165, 174382762
40789062306831, 169915132
40793315562816, 95262363
40803648084112, 81741297
40807866319019, 180534164
40811979496830, 153086320
40816239627935, 141361374
40820287204159, 126022299
40824148309894, 165847437
40828092269171, 258128190
40833813706666, 167824937
40838011611432, 77898752
40843871427730, 250965634
40858725050371, 148069288
40865318374880, 344479168
40869740199586, 236731591
40876158464634, 147829932
40880420815418, 151575146
40884671927958, 111647432
40893836036325, 156689143
40901833797462, 126943576
40906016515270, 171765668
40922028270313, 206717143
40930239076950, 75740363
40935949135170, 119676460
40941782189809, 199501148
40956421875362, 190838954
40962436859438, 153884018
40966381767376, 133199598
40970371254846, 227965234
40974656159863, 176650427
40980259665560, 205038260
40988115604533, 192156863
40998241534452, 228768512
41002351332381, 91906383
41006269680520, 172516795
41010786157300, 192883075
41015080106214, 229925285
41019210115495, 105933571
41027445697629, 275321475
41032000097518, 163174401
41037833111819, 228489269
41042563439832, 245583980
41048910095512, 242927627
41055314239013, 186453195
41061413871284, 186369324
41067421198590, 98630373
41073790061661, 176217504
41081721113314, 107107130
41090571522618, 224208535
41102849939273, 202155972
41110398281282, 221691688
41118959614841, 176509200
41134460951613, 178051164
41138911028841, 164856447
41143312861586, 161832312
41152843958164, 231004843
41162563160079, 235840562
41166811758501, 240572236
41173437747797, 393765599
41180375388858, 276860573
41186529131842, 106384416
41195988091842, 215462975
41200544553503, 194103680
41204907284982, 196234655
41209093929701, 216339883
41213382213742, 146756218
41217702150873, 254586042
41227473135838, 169127060
41235796959140, 330494665
41244380949686, 198960533
41248822813714, 232434642
41254900536831, 130747265
41259331726233, 203333444
41263592398634, 274407518
41267905753350, 320747470
41272211580544, 192689563
41276796221449, 190375980
41285048719802, 330190106
41294711187374, 162679823
41299266831086, 205833313
41303694313273, 78814357
41307727288691, 236270255
41316367123935, 286441727
41323099899283, 224227019
41331268789202, 269164798
41335736075549, 176135199
41340132729807, 274807721
41344400607868, 129958911
41348934935186, 219834640
41353373030908, 212788403
41361647219454, 240799754
41369990871667, 182549605
41376392878140, 124924576
41382920165997, 91747696
41387261676479, 304354812
41394656190151, 289040708
41403099359787, 148405354
41409470995245, 263115450
41414307578896, 133400861
41422141941780, 236407976
41433777478070, 117263502
41440520665191, 286808316
41445449195700, 133005139
41457592262578, 131290804
41462205051160, 205516310
41466699838554, 133086909
41471122080523, 349818136
41476024728099, 220223531
41480706725771, 189046455
41485050235994, 281909800
41493785803935, 291601930
41498589052642, 263777965
41504892208067, 231918440
41511173908103, 219693009
41520217480463, 265655487
41525243114976, 137291065
41531404592892, 231669201
41536112589014, 122632384
41544857908513, 104576210
41549086670665, 89654149
41555034288986, 147846225
41559322444865, 239678871
41563601313313, 275576427
41568474947410, 226461875
41572942529610, 268521268
41579172320451, 172746052
41584012279802, 207891976
41592203940484, 263263118
41598951261390, 145443486
41607623034480, 252296789
41618683456296, 153941942
41623247607901, 256017619
41628013825698, 186415522
41632634651124, 187025476
41638886159975, 221993587
41643517801261, 267468448
41647842493489, 239396594
41654431531941, 188700933
41661143950994, 170921603
41665672438950, 150330174
41670102719908, 179902735
41679129852572, 236698994
41685510843151, 187245969
41689829515763, 115364974
41696666341363, 312126456
41701692755294, 258505118
41715779041651, 199582257
41720718236021, 187542593
41727154266460, 276713391
41731978287058, 160364416
41736404513761, 186373385
41740891986010, 187280596
41750665682288, 219425953
41755284850410, 335173548
41759957352405, 193392254
41767064337768, 201406975
41777766449312, 127060239
41782209803611, 271186534
41788944127394, 177653167
41808205074268, 229874609
41812941142547, 177486365
41823051953462, 301230980
41827961184272, 219219123
41832712349039, 199887440
41837434037760, 194461669
41848288192554, 214982615
41855002786588, 169199062
41859767856111, 235824721
41864641499047, 107905482
41868899627041, 232512557
41881008401235, 221703673
41886003297913, 80199171
41890796306687, 124971091
41897132567100, 145506253
41901717726286, 266467125
41906466415856, 221934482
41912511434393, 285548355
41917237604610, 167550505
41922079739395, 208145624
41926680850686, 188734835
41931414177340, 175353112
41936078305906, 207190258
41940475016219, 196458489
41944997946432, 154552547
41949525920172, 263040967
41954182388845, 167190510
41959070067199, 247614679
41963620868949, 200954490
41968388503671, 130839465
41976654097537, 188987463
41983194315380, 168128211
41987460227380, 179897009
41994109286849, 260501122
41998959472979, 200842221
42003742630322, 150075307
42008284251728, 163838163
42013103302895, 74840794
42017419538671, 118822413
42022193510402, 214479618
42030468772618, 190922875
42037991877918, 241646976
42043124980380, 181979712
42047454218169, 248780457
42052433347947, 243854566
42057305332591, 160362964
42062175872770, 210718967
42066965254294, 185897447
42071550905036, 318204180
42082270029793, 127248789
42094880023026, 221924834
42103443450914, 241827277
42110863233196, 252606169
42118384051932, 230669712
42128627433482, 217007796
42137618397819, 145451356
42142727904512, 239004076
42147548042071, 277276188
42152183459949, 254414094
42166027967536, 336422412
42171450183474, 233858451
42177907723497, 208138841
42182996315979, 139074847
42188017366228, 285231801
42193181811792, 243477534
42201964064332, 287185134
42206761824547, 267936282
42211759887871, 197682476
42216947106130, 145306490
42221619349445, 251537743
42230350783464, 116472305
42250336566813, 187738480
42257126790869, 209437390
42263733148140, 275845924
42268595814998, 223034949
42275467257995, 247687261
42280684136612, 113708348
42285055406756, 121942757
42289800397229, 292215921
42294690504797, 147583733
42299411890140, 141927857
42304051421225, 353798676
42309254185027, 311771806
42314225091427, 182804067
42319192720848, 290161263
42323943601375, 260484094
42328987318643, 221608973
42337970659942, 272858371
42349797273740, 190344013
42359376718944, 281277382
42367978311021, 176559613
42373110929201, 388110500
42380066590869, 332234262
42387179556527, 116262403
42394346157698, 221098516
42399292768106, 269545360
42404563045839, 189332225
42409480915849, 230367912
42416009003445, 190927566
42423411287599, 149368874
42437824581806, 255738571
42449022711528, 178394272
42453993915915, 242400473
42464816618226, 235998959
42469718348183, 216512242
42478022891273, 393651973
42483851034595, 189830512
42491311552894, 199832854
42498316927726, 235148357
42507562822612, 198747475
42512650444919, 206107633
42517284602689, 258725462
42522087169586, 230442465
42527490340506, 334374240
42532481563640, 204364268
42541204155143, 232510509
42546655918036, 284558550
42553548951148, 305887767
42560562812054, 259792560
42570443666857, 374954171
42581912940203, 176117840
42589066975673, 396166253
42594091989357, 234572038
42607002411527, 228550496
42611849488222, 253285282
42616983785990, 266877683
42622024591281, 311828480
42627161378797, 256478979
42632082856129, 214452923
42639279125458, 182567975
42644166445225, 94066101
42662484433805, 223893929
42667952592680, 256518411
42684525115314, 351791527
42690089688668, 172252491
42694904585393, 132781347
42699508359884, 279284624
42704276845393, 168389648
42709348156043, 231994589
42718394883750, 298402370
42723870086048, 320452664
42731103643528, 198712755
42736303068502, 345159955
42741263964653, 214381091
42746159225497, 297415248
42751065250319, 242376682
42756227915844, 272725661
42763092574991, 206090989
42770010121201, 176640716
42775437711608, 175894230
42780468052202, 154936058
42787552568533, 263599741
42797367639865, 128767595
42807101471826, 333661797
42812759503333, 206333586
42828460919358, 340982421
42833757274792, 192468322
42838879621167, 216207514
42843946235463, 254651068
42849109366865, 277853173
42857554171236, 256061429
42865110800238, 256657954
42870077199386, 398888310
42875468313774, 104171604
42882664913250, 287348839
42893622678176, 307004973
42899011547165, 347294107
42904094421821, 138336953
42909030851218, 219072047
42914145274022, 233678577
42923843608296, 340329299
42931152157739, 286589348
42936205374157, 180133041
42945537366803, 211806913
42954428944903, 141712527
42959774233150, 319291349
42967273693797, 290573975
42972735477953, 203316250
42977896874971, 289409143
42985961285836, 152400590
42991264438669, 224938817
43000817084574, 148153394
43012008053023, 296862214
43028436364313, 304214828
43033915944630, 135991882
43039078855764, 241464700
43048447443505, 293569055
43053713013757, 358619392
43073561948414, 280286078
43079020752344, 245375125
43092557473728, 255773936
43098175224619, 341046956
43103277724757, 192597364
43108480731947, 197077840
43113543266123, 269718783
43119032748647, 289538810
43126264138672, 224055629
43131730857225, 205881110
43137031799486, 291618139
43142480945735, 182567949
43147261251882, 239474131
43152419042992, 264787500
43160034149682, 322289843
43165194508838, 256203568
43170414258756, 243215054
43175655593813, 171625221
43180823692717, 284212549
43188010113496, 419493352
43201764012269, 288243616
43207295239274, 308578277
43212245496267, 302497178
43223286499848, 314902977
43228327504030, 244405636
43237724083852, 136107028
43245046417319, 275978471
43250413340076, 207859542
43255538640650, 311828844
43260588956503, 287849704
43266136291896, 159230799
43271258294038, 235237428
43287008168514, 237024259
43292258315475, 237273039
43300518316533, 481235258
43306117935328, 302426055
43315721957511, 266913666
43321514935719, 241194478
43338208113463, 280644946
43345598691211, 259315102
43356470219481, 317084394
43366531684095, 272682682
43372226302543, 245098013
43377807627273, 117368761
43382320788380, 303136928
43389850817410, 287699196
43397555926398, 263160583
43403231588541, 231250668
43408565098500, 187424805
43413751975756, 173183590
43420941066473, 372853796
43426751054826, 319857897
43432198135082, 153785624
43437646663966, 349627063
43443338070077, 231319092
43450459788770, 380399730
43462505284864, 376387964
43471536444307, 341470529
43479837046781, 215769045
43487217248469, 240352619
43492696468143, 254095842
43502302594743, 274472741
43507513846890, 230826592
43513290872606, 228297404
43519055667934, 284983851
43526551808973, 334471467
43536093971460, 109454333
43552048480245, 380820616
43557865730239, 248792175
43563470939574, 416980044
43571505137960, 358460347
43579800780537, 283483638
43587899724317, 226401208
43593450192109, 282494642
43605625587542, 247582723
43615569879198, 192958672
43629150500408, 262455193
43635620016511, 164340074
43647249957898, 357202153
43653525229611, 376450722
43659202607156, 180764616
43664542864278, 148120123
43670353696931, 301143508
43684890762529, 291189460
43693801992430, 417004631
43699992556492, 200842715
43707395127624, 375423297
43715146290575, 176495746
43724582002490, 316594772
43736964645717, 231753340
43744635974941, 173121321
43750377988428, 268236299
43764297368178, 173186496
43769624610686, 290681630
43777457181031, 237905781
43783424885736, 159551898
43788717776202, 237265800
43796015302154, 307665875
43801702307751, 275347637
43811325975634, 158549041
43816878022141, 213274816
43830404024864, 263055792
43841090798645, 180001949
43848530903742, 204870699
43855494363218, 165585340
43860502981532, 278863887
43865363624923, 192997320
43869839836148, 142934884
43881938842462, 241822467
43886169753535, 162291490
43889708446307, 165118492
43893082206494, 124211023
43898033456276, 93489998
43901201999240, 71996226
43904277487002, 70490346
43907340381606, 68955350
43911439270323, 77003832
43918018458339, 68555238
-------------
--------->>>>0<<<<---------