---inserts---
14502220171074, 6402846417684
20905078638776, 3708727801
20908787494311, 4062783688
20912850390474, 2665861283
20915516373955, 2418200618
20917934688614, 2020546777
20919955359612, 1756133398
20921711606254, 1661537941
20923373253994, 1557580954
20924930947542, 1921383767
20926852435067, 3352654438
20930205208723, 1957938449
20932163271035, 899084450
20933062472360, 1694522715
20934757115999, 818213452
20935575442872, 1677121785
20937252677293, 911836940
20938164622392, 996216814
20939160949416, 894805820
20940055864203, 1270408137
20941326374182, 2219063826
20943545546405, 852438032
20944398090003, 666286976
20945064492553, 872384259
20945936989442, 707803508
20946645166931, 827151985
20947472485335, 704428154
20948177007624, 852403978
20949029508424, 689535065
20949719137681, 1091991231
20950811222715, 1100308475
20951911625132, 665187752
20952576922564, 716425546
20953293445963, 1410816975
20954704359472, 807977614
20955512438850, 731109639
20956243666714, 663135666
20956906922985, 682971148
20957589994898, 658792445
20958248884644, 1043692424
20959292665359, 1103318734
20960396083404, 590626330
20960986803857, 678516872
20961665407174, 589597384
20962255104113, 644805525
20962899997133, 622876220
20963522963894, 645768006
20964168819059, 617246210
20964786151367, 931266365
20965717505612, 1018745819
20966736332237, 1018561628
20967754989423, 595409851
20968350501623, 638353295
20968988948785, 600955929
20969589998427, 606854951
20970196946345, 1054300713
20971251337296, 596590286
20971848027020, 626829115
20972474945098, 634742611
20973109773848, 1001257705
20974111115840, 994098757
20975105304369, 631416599
20975736807735, 585369301
20976322266495, 601921830
20976924276340, 569536588
20977493903704, 577472801
20978071463776, 625604816
20978697163555, 605777637
20979303029370, 569792547
20979872924189, 891557514
20980764569917, 980796027
20981745459393, 617776359
20982363327629, 620033011
20982983454476, 580744792
20983564293518, 637102708
20984201511401, 602424625
20984804040958, 600568944
20985404704047, 581681795
20985986482565, 622492391
20986609071625, 967698379
20987576863372, 1013500270
20988590453335, 604273682
20989194823619, 589629848
20989784551044, 562338037
20990346987117, 618794235
20990965880158, 550576363
20991516557975, 591828075
20992108484390, 597036400
20992705616062, 570670229
20993276381598, 859755802
20994136227116, 978211278
20995114535419, 606819076
20995721452254, 593524215
20996315072682, 600436931
20996915605369, 599484518
20997515187967, 572517106
20998087808884, 573059465
20998660965847, 592035484
20999253098249, 566402958
20999819597494, 848207437
21000667896036, 970913100
21001638906370, 595907487
21002234915957, 572339248
21002807353327, 566087476
21003373537860, 591049152
21003964682377, 597002541
21004561783010, 565064804
21005126943409, 595483761
21005722521447, 576309960
21006298952201, 928824176
21007227938141, 991455963
21008219496656, 581836543
21008801439452, 571339125
21009372881350, 583166450
21009956149990, 578452263
21010534719700, 593974452
21011128794467, 570456860
21011699347827, 565170806
21012264615352, 569314062
21012834024003, 946675051
21013780790634, 992816694
21014773700979, 568887220
21015342687421, 591462684
21015934254737, 603822864
21016538201020, 583811329
21017122113999, 574990635
21017697204719, 598149912
21018295476541, 597785870
21018893373612, 577649536
21019471124688, 843116663
21020314335426, 946598182
21021261028953, 565219877
21021826345743, 578336062
21022404768330, 581896523
21022986756034, 564070141
21023550914829, 578416262
21024129422073, 558546510
21024688067611, 598287582
21025286445230, 567242467
21025853779204, 956949736
21026810815804, 951513791
21027762419081, 568842307
21028331354259, 564615571
21028896075367, 552933149
21029449099340, 579316349
21030028504251, 545433932
21030574031685, 535508764
21031109631617, 576297047
21031686019202, 555801056
21032241907620, 964500689
21033206492902, 951114738
21034157695611, 551189249
21034708973255, 575007988
21035284081111, 548862392
21035833035750, 549264383
21036382390107, 567005938
21036949487160, 585446097
21037535022417, 548245134
21038083359385, 565384399
21038648833272, 798069851
21039446991120, 919318194
21040366398140, 583608896
21040950096708, 558472567
21041508658296, 558381944
21042067131467, 552341106
21042619562506, 571342679
21043190996646, 558756312
21043749841383, 556186752
21044306117977, 554769912
21044860978956, 811746994
21045672813145, 931571524
21046604474308, 558223147
21047162787414, 548673757
21047711551495, 556287012
21048267928122, 561720197
21048829738992, 567076838
21049396907043, 534523786
21049931524305, 553454212
21050485068450, 546022904
21051031179713, 931304522
21051962571464, 913936831
21052876598067, 559514773
21053436205359, 574874534
21054011170768, 540294390
21054551557000, 548673036
21055100320767, 546019819
21055646440306, 548588802
21056195128395, 572668708
21056767900232, 583842610
21057351840745, 939390669
21058291325452, 951528454
21059242954773, 583609629
21059826663897, 564041094
21060390827258, 562800754
21060953725460, 561161707
21061514986509, 569508760
21062084593094, 573688993
21062658378172, 558691615
21063217166352, 543249346
21063760516304, 805085910
21064565693643, 934473818
21065500263555, 566493642
21066066856835, 568709006
21066635664087, 557130407
21067192903931, 569933905
21067762933680, 542403247
21068305455523, 562571366
21068868137213, 544801014
21069413045710, 563473163
21069976617735, 811368450
21070788092358, 937922073
21071726112364, 560853926
21072287065929, 560589057
21072847753381, 572499035
21073420351160, 559283512
21073979730850, 559320178
21074539150313, 557226297
21075096474696, 557122354
21075653695189, 557647770
21076211439745, 919713739
21077131246356, 928584759
21078059928554, 551941160
21078611965963, 561369154
21079173429855, 559993057
21079733517971, 553753454
21080287368773, 562911575
21080850378690, 544289073
21081394768857, 553017193
21081947883694, 558749661
21082506730610, 815302342
21083322134678, 927816637
21084250047011, 559242696
21084809385298, 561183452
21085370664690, 550762242
21085921523233, 558794878
21086480414503, 555895612
21087036409170, 562026596
21087598532699, 568647728
21088167276510, 559362635
21088726738308, 803922627
21089530752223, 931244379
21090462093585, 565140988
21091027333787, 556859553
21091584292139, 563012142
21092147400828, 562379398
21092709876279, 567020030
21093276994237, 549480503
21093826571407, 563325786
21094389994514, 561719490
21094951808995, 813236787
21095765139890, 934496241
21096699739993, 565458472
21097265296120, 573209209
21097838613260, 547275765
21098385992929, 555567001
21098941671525, 580802260
21099522592089, 567544742
21100090243637, 566232485
21100656575553, 548009372
21101204684198, 804276968
21102009053642, 924669320
21102933825062, 568426625
21103502351823, 568208159
21104070656369, 569420469
21104640174659, 563311769
21105203584647, 569917276
21105773601446, 569131820
21106342836591, 581501658
21106924441789, 554651334
21107479193613, 808122331
21108287410873, 927869840
21109215380977, 560556609
21109776049956, 568108512
21110344256600, 566731391
21110911083116, 553084852
21111464266400, 569119038
21112033484124, 553697071
21112587281791, 556938009
21113144318811, 550168718
21113694583813, 811577951
21114506257222, 930674488
21115437029260, 568603962
21116005732357, 560572030
21116566403324, 557640212
21117124143855, 552794373
21117677039243, 567936202
21118245081119, 572825661
21118818006209, 566303902
21119384411812, 567736208
21119952245954, 832064592
21120784420830, 926279334
21121710818747, 564517141
21122275434106, 557246300
21122832779387, 572744909
21123405622091, 548549228
21123954270191, 562220263
21124516586458, 558597843
21125075282804, 552072703
21125627454107, 556654738
21126184205391, 803439653
21126987738951, 926523263
21127914361787, 547698008
21128462156017, 567266032
21129029519018, 565385213
21129595002566, 560723362
21130155828207, 552094161
21130708043816, 562249874
21131270416241, 564841819
21131835459585, 574741939
21132410293475, 816843344
21133227222491, 919801416
21134147114857, 576006693
21134723210757, 551089038
21135274390219, 572130385
21135846613537, 573488833
21136420194788, 572393639
21136992681995, 570687484
21137563461059, 572157768
21138135714074, 558676135
21138694481364, 813620313
21139508198488, 937897527
21140446186133, 559658769
21141005936758, 566465034
21141572491925, 561300320
21142133881900, 556230885
21142690202049, 568794876
21143259085209, 562143263
21143821320684, 573220984
21144394631990, 571222150
21144965943678, 814176028
21145780205737, 924775834
21146705074455, 572053544
21147277218117, 564132486
21147841449466, 571813329
21148413353091, 573065817
21148986509332, 584801927
21149571400906, 574953582
21150146447434, 565896786
21150712434583, 563264540
21151275790331, 827110744
21152102989734, 926116505
21153029198748, 567455073
21153596746769, 578951745
21154175791671, 562166238
21154738052918, 562277299
21155300421714, 575207814
21155875720785, 578128055
21156453940484, 564542713
21157018573339, 577763922
21157596428572, 818795941
21158415317012, 939498099
21159354904874, 578016579
21159933012527, 562256306
21160495358676, 574048624
21161069497165, 551107153
21161620695169, 561343931
21162182130117, 566170961
21162748390589, 570357917
21163318840013, 562699569
21163881631270, 833589725
21164715312128, 929569319
21165644971042, 572870650
21166217933302, 570278695
21166788312587, 566476379
21167354882566, 572885105
21167927862086, 571286991
21168499241611, 577378344
21169076715797, 569266824
21169646074637, 581621846
21170227789959, 955422804
21171183301108, 933130402
21172116521107, 578213181
21172694826014, 582719770
21173277640847, 581064397
21173858798700, 569721758
21174428615494, 578625048
21175007334416, 577522284
21175584949708, 564794666
21176149840347, 562711480
21176712704274, 820804047
21177533620402, 937353407
21178471084324, 571341615
21179042582674, 582609315
21179625345919, 583689682
21180209293637, 566064308
21180775454643, 557973999
21181333504718, 578635431
21181912214972, 557200191
21182469491552, 574911933
21183044478377, 821301934
21183865853803, 931219643
21184797150357, 587010893
21185384236589, 566065985
21185950378098, 578770595
21186529227171, 571059386
21187100361721, 577347829
21187677784856, 567509302
21188245370664, 574451024
21188819894839, 578438825
21189398413373, 834485862
21190232972196, 935148932
21191168195511, 582144595
21191750416489, 580760817
21192331253329, 580211261
21192911541421, 593118584
21193504738324, 590054484
21194094871011, 594170214
21194689117672, 584723431
21195273918636, 585108114
21195859101445, 821962804
21196681138327, 925649504
21197606864009, 568074592
21198175015993, 559094387
21198734185540, 581913585
21199316177079, 578723095
21199894976426, 583634258
21200478691761, 562147745
21201040915394, 574612488
21201615606674, 579793953
21202195477492, 841610813
21203037161729, 926656920
21203963893877, 579689181
21204543660258, 584329312
21205128079790, 563508198
21205691662579, 597165117
21206288903608, 574425540
21206863408286, 572969994
21207436453828, 575289382
21208011820666, 569655294
21208581553141, 986371409
21209567995298, 928170331
21210496240527, 582657110
21211078975266, 577102766
21211656153406, 570343355
21212226572914, 572010889
21212798666560, 563333839
21213362077752, 589889133
21213952057053, 570319994
21214522458594, 572332159
21215094869968, 828320207
21215923264679, 932995357
21216856336005, 570301205
21217426714910, 589223326
21218016026281, 584858923
21218600962775, 593103641
21219194142235, 584716333
21219778937483, 570641158
21220349656654, 561568392
21220911303870, 591642809
21221503024225, 843721610
21222346821685, 932460172
21223279358426, 574735902
21223854169618, 586894461
21224441144950, 585400773
21225026622289, 588152148
21225614849388, 578174528
21226193100883, 586728552
21226779903658, 590290776
21227370269787, 572773940
21227943120617, 834113811
21228777315346, 944193003
21229721584403, 599640012
21230321314434, 590834880
21230912224268, 574602135
21231486901540, 567290157
21232054269376, 592930483
21232647279297, 580160514
21233227515024, 588581673
21233816174315, 582020625
21234398271483, 853000372
21235251340342, 925561041
21236176972774, 555482555
21236732527797, 575373047
21237307971368, 561308943
21237869352460, 566849790
21238436274398, 575170166
21239011521576, 574985390
21239586580541, 572820507
21240159471974, 575524750
21240735067273, 839081843
21241574215644, 927194937
21242501482551, 572547302
21243074101947, 564823438
21243638994425, 567778631
21244206844632, 571682371
21244778597722, 586926542
21245365593786, 576845610
21245942509711, 581485880
21246524080600, 573788917
21247097941780, 825801362
21247923809001, 914795063
21248838674654, 576898611
21249415643990, 583214917
21249998929308, 583801596
21250582802594, 578108188
21251160990160, 555576264
21251716638413, 565713674
21252282422535, 586107195
21252868600928, 587160236
21253455834042, 981163192
21254437065102, 914682328
21255351820057, 596072070
21255947962385, 578604239
21256526636700, 583375540
21257110082876, 567618735
21257677771602, 599731450
21258277573278, 573048788
21258850693802, 587165246
21259437928861, 578450712
21260016448560, 851104638
21260867618868, 943431928
21261811195201, 568196900
21262379613906, 595864096
21262975568055, 586712731
21263562342261, 570288218
21264132689729, 571493852
21264704244428, 580832725
21265285137845, 581055394
21265866253535, 576087771
21266442401795, 845139939
21267287606601, 928743361
21268216412616, 590045293
21268806516916, 561825459
21269368399849, 574743105
21269943204372, 574131059
21270517396300, 581272790
21271098729606, 574124537
21271672914105, 571402099
21272244377506, 582201253
21272826639449, 854948319
21273681645705, 915342264
21274597050701, 577910486
21275175022475, 588167585
21275763249849, 588120788
21276351431124, 584954904
21276936444745, 581893557
21277518400691, 556293886
21278074804965, 568004553
21278642890994, 576966179
21279219919825, 827503506
21280047481505, 917509526
21280965050913, 571381295
21281536493604, 583607435
21282120162866, 573207699
21282693431841, 586646354
21283280137622, 570807784
21283851005833, 585632125
21284436697416, 577658901
21285014418312, 578430199
21285592907912, 844581296
21286437548125, 936567519
21287374177795, 589405438
21287963644490, 580091569
21288543795617, 579952659
21289123814390, 579901174
21289703776520, 590371518
21290294209074, 585255945
21290879525092, 577032897
21291456621776, 574355440
21292031043915, 837404375
21292868505543, 929659778
21293798225216, 579952709
21294378239799, 581670035
21294959970059, 570253624
21295530286194, 563702395
21296094049702, 591558973
21296685673146, 573646331
21297259381697, 578992003
21297838435315, 566278670
21298404774481, 843320776
21299248153915, 925471933
21300173685809, 579384298
21300753131087, 594175176
21301347366816, 588817763
21301936244683, 590206668
21302526513810, 589529537
21303116104390, 570085410
21303686252488, 576671107
21304262984426, 576401611
21304839448145, 872075707
21305711586294, 931035225
21306642684064, 580896499
21307223643692, 602641183
21307826346142, 586194885
21308412604754, 583754626
21308996422160, 586446938
21309582933789, 593944260
21310176939581, 566599369
21310743601597, 587604114
21311331268818, 859500020
21312190826113, 934765506
21313125653222, 585277612
21313710994133, 596583885
21314307640085, 598422183
21314906126637, 588939554
21315495130251, 577343169
21316072537696, 594521324
21316667121631, 593643878
21317260828332, 594767277
21317855656724, 873146123
21318728861980, 947642054
21319676566639, 597668442
21320274297295, 590368217
21320864727570, 569766409
21321434554607, 587987544
21322022603190, 587733673
21322610398056, 589121733
21323199578323, 570702053
21323770343657, 594721026
21324365125226, 844693997
21325209878387, 935668472
21326145607732, 579045422
21326724714799, 588531888
21327313307432, 573593754
21327886963939, 593253222
21328480280812, 591916974
21329072258497, 594049879
21329666372857, 589766037
21330256200832, 596168072
21330852430021, 859700309
21331712189071, 939674065
21332651925723, 597020386
21333249009551, 600485490
21333849555669, 596942261
21334446558661, 604180185
21335050798767, 591212495
21335642073067, 606233209
21336248368013, 597652844
21336846082637, 604522217
21337450665971, 857167916
21338307893841, 942375998
21339250330196, 601444471
21339851835256, 589221559
21340441119299, 593298393
21341034481831, 603219845
21341637769842, 587787789
21342225625303, 603623353
21342829316885, 591172179
21343420555329, 613081445
21344033709265, 873210117
21344907116486, 989475292
21345896739275, 608719408
21346505498372, 607462100
21347113003715, 601522974
21347714566714, 598968880
21348313574718, 602608733
21348916225058, 608543381
21349524808920, 587585566
21350112436089, 589851508
21350702326695, 892912111
21351595277321, 958550512
21352553867306, 616599614
21353170509142, 606657648
21353777207253, 605847028
21354383094329, 589048845
21354972183302, 614664637
21355586888988, 594609291
21356181536476, 604015726
21356785592228, 602829993
21357388463990, 873631981
21358262134708, 949425863
21359211600981, 605455975
21359817096928, 603839107
21360420975610, 611048503
21361032067853, 611456124
21361643564261, 594378112
21362237983325, 609264633
21362847287496, 603224334
21363450552473, 606262043
21364056854691, 885421701
21364942314051, 946328421
21365888683677, 605881894
21366494606577, 620737393
21367115384413, 606611781
21367722036666, 608295618
21368330370354, 607277985
21368937687595, 612946903
21369550674613, 591171507
21370141885776, 611967875
21370753893533, 884420965
21371638352874, 942817987
21372581212417, 608704754
21373189957395, 621819795
21373811816985, 611060166
21374422916403, 618115048
21375041075794, 626332094
21375667448082, 617026397
21376284513699, 612892705
21376897446876, 608387883
21377505874795, 920359979
21378426274547, 973547529
21379399864264, 618989885
21380018894934, 616872308
21380635807917, 615867018
21381251717377, 603002085
21381854758475, 625104388
21382479903008, 612282609
21383092226079, 630416662
21383722682347, 599574953
21384322295598, 910911036
21385233244503, 965474138
21386198758679, 617601655
21386816401398, 607764406
21387424207307, 608407458
21388032655014, 605349665
21388638048899, 602709491
21389240799371, 608948456
21389849785918, 616946803
21390466772644, 615377741
21391082190190, 888752985
21391970981686, 955127397
21392926147125, 613889725
21393540077285, 618693956
21394158811492, 613481967
21394772334874, 606471531
21395378847688, 612356840
21395991244859, 619017341
21396610301598, 625679790
21397236033108, 611561927
21397847637499, 894765803
21398742440996, 965106264
21399707588652, 612515215
21400320145557, 616947497
21400937133177, 607820803
21401544993879, 597739583
21402142773141, 604315096
21402747128567, 611565780
21403358734725, 600065425
21403958839161, 611643249
21404570522079, 894367770
21405464930685, 972945096
21406437917382, 620566681
21407058527476, 622932346
21407681502257, 627396150
21408308938487, 602033249
21408911011623, 616290435
21409527344160, 608500751
21410135885433, 618572041
21410754498508, 604009831
21411358549333, 902152802
21412260750465, 965537947
21413226330327, 625955640
21413852325602, 617379956
21414469745995, 608705722
21415078493976, 614854189
21415693387098, 618381000
21416311808199, 616985892
21416928833576, 606103447
21417534975214, 608328692
21418143345677, 907324731
21419050708293, 960889819
21420011637698, 606300249
21420617978675, 618541899
21421236559835, 606002000
21421842602188, 623541569
21422466184861, 621021150
21423087246631, 623704176
21423710992500, 634022963
21424345054902, 607836103
21424952931975, 917104561
21425870073869, 963284086
21426833399155, 631550218
21427464988748, 621020944
21428086050201, 612137544
21428698227474, 615903160
21429314171272, 614865521
21429929077503, 614940542
21430544057958, 632515067
21431176615677, 632482813
21431809139156, 919547614
21432728724719, 960900455
21433689667413, 631222191
21434320929720, 630446184
21434951416647, 634241288
21435585701537, 637667777
21436223409740, 618399066
21436841848485, 634227495
21437476116554, 630986645
21438107149832, 628757302
21438735969259, 931311374
21439667320681, 987352876
21440654714537, 626929443
21441281685985, 622410840
21441904136378, 627838636
21442532030912, 626055362
21443158126049, 635293835
21443793459555, 618030220
21444411530080, 610376240
21445021946538, 616581350
21445638567657, 910116714
21446548722402, 974527782
21447523289891, 610193856
21448133523430, 627094691
21448760656139, 624710303
21449385407406, 635938161
21450021386678, 629682941
21450651110745, 622620644
21451273770421, 629322661
21451903132454, 624323411
21452527495576, 910276192
21453437809072, 985592691
21454423442007, 619080158
21455042562285, 623465860
21455666069859, 612899625
21456279010000, 619655414
21456898706496, 627869886
21457526616285, 644166621
21458170822670, 635689796
21458806551735, 614724464
21459421317955, 925211097
21460346567221, 978391717
21461325000900, 626981978
21461952038983, 632463760
21462584542741, 636959641
21463221543504, 629668972
21463851255891, 623951320
21464475248360, 624028010
21465099316530, 647712860
21465747070234, 642494225
21466389607962, 935772873
21467325419465, 985595959
21468311057476, 635085858
21468946182900, 638434924
21469584657913, 624138921
21470208838324, 615451917
21470824329567, 626627225
21471450997313, 646130866
21472097169634, 631699320
21472728910515, 632782975
21473361735081, 934554172
21474296328318, 986110482
21475282478997, 628032530
21475910554010, 641499835
21476552096111, 640152956
21477192289070, 633411223
21477825744857, 635363766
21478461147800, 635344295
21479096534017, 640926696
21479737502219, 640262517
21480377804772, 920384623
21481298228843, 976940628
21482275210868, 631452911
21482906705347, 626956200
21483533703468, 648889699
21484182633096, 640532456
21484823204354, 624764503
21485448027911, 647720663
21486095789526, 632973371
21486728803402, 635359477
21487364203397, 921195127
21488285435957, 984078647
21489269555974, 620448509
21489890045614, 644977578
21490535062431, 624681934
21491159784509, 639712966
21491799539299, 645890116
21492445472031, 643341808
21493088854487, 644328318
21493733226395, 642042407
21494375309568, 968070291
21495343419178, 998510280
21496341968910, 644067222
21496986074898, 643905244
21497630021203, 639405238
21498269466720, 652360829
21498921868095, 648880809
21499570791142, 636783011
21500207615475, 638660981
21500846318829, 627662385
21501474020653, 948433319
21502422492626, 993454369
21503415986992, 638583790
21504054610753, 632941261
21504687591878, 630641183
21505318274422, 643731394
21505962047241, 636166711
21506598254609, 632610959
21507230906014, 616481420
21507847427085, 638943441
21508486410845, 925775614
21509412226766, 990659001
21510402926013, 637016481
21511039983722, 646407248
21511686430840, 634476087
21512320946834, 643475624
21512964462884, 626566073
21513591070261, 625170440
21514216280709, 639325768
21514855646405, 629480651
21515485165807, 946185108
21516431388317, 985003962
21517416432117, 644863208
21518061337427, 630604316
21518691982067, 621944774
21519313968387, 636799618
21519950808005, 626952640
21520577801012, 641460229
21521219301140, 633557619
21521852900069, 635790737
21522488729741, 945938151
21523434706594, 988436938
21524423183934, 640754964
21525063980517, 639635426
21525703657695, 650449940
21526354148693, 640497516
21526994685699, 643379004
21527638108027, 641693789
21528279841064, 646630278
21528926512725, 650974765
21529577527069, 955894710
21530533478531, 1047051523
21531580570047, 640607697
21532221218259, 641057085
21532862315673, 646325437
21533508682893, 637888890
21534146612344, 645321587
21534791973727, 639212138
21535431226058, 652674361
21536083942124, 628158049
21536712144056, 964145367
21537676327778, 1002671038
21538679040209, 649418924
21539328499567, 660652559
21539989191351, 643047760
21540632280149, 643777276
21541276095960, 641140131
21541917277886, 635790197
21542553107525, 649574651
21543202722301, 630503901
21543833265681, 954950150
21544788253495, 998150056
21545786445602, 669830516
21546456318096, 651350971
21547107711873, 660930396
21547768682695, 650817943
21548419543311, 647410847
21549066995374, 651526813
21549718563145, 641799825
21550360402982, 636252390
21550996695915, 959114119
21551955847755, 993330834
21552949219552, 653231812
21553602496235, 649831341
21554252367502, 651477291
21554903883856, 655092333
21555559016058, 651040452
21556210097736, 650672207
21556860808879, 649449639
21557510300819, 645067139
21558155407192, 975339756
21559130792724, 995764901
21560126597654, 648541349
21560775178942, 630472301
21561405692245, 643774261
21562049506710, 645285011
21562694830830, 629411749
21563324283561, 636132250
21563960456208, 656496283
21564616993540, 636822532
21565253856670, 968976306
21566222869077, 990610028
21567213518724, 645172464
21567858732497, 659185652
21568517959234, 637342089
21569155340930, 639783381
21569795165176, 643694948
21570438900065, 647533491
21571086475890, 625511501
21571712049934, 635147631
21572347239672, 964511983
21573311790655, 986999687
21574298832224, 653711253
21574952586476, 623672061
21575576301837, 643790998
21576220134686, 644226351
21576864402253, 623869119
21577488312914, 636229408
21578124585355, 648502951
21578773131885, 641815040
21579414998079, 938777091
21580353812954, 988796978
21581342652003, 643172047
21581985865637, 643952564
21582629859603, 655155653
21583285057436, 640130604
21583925229429, 662798700
21584588070844, 630559720
21585218672469, 637176973
21585855892819, 643094508
21586499030006, 955206796
21587454276679, 993755594
21588448073599, 638850028
21589086966209, 647020722
21589734028934, 640463526
21590374534393, 636658384
21591011235188, 631833056
21591643109616, 639744132
21592282893923, 640927334
21592923863606, 640378283
21593564283756, 958796048
-------------
--------->>>>0<<<<---------