---inserts---
2996641744437, 19353586234
3016006300797, 4353072424
3020359487829, 3392788671
3023752401777, 1333049812
3025085564581, 2603991913
3027689664478, 1817834116
3029507608879, 2638371202
3032146085026, 1764173834
3033910363021, 904278523
3034814749897, 1560842399
3036375689749, 3610853094
3039986696049, 2023369347
3042010587524, 1004721360
3043015431494, 1869614999
3044885138316, 1422366640
3046307595748, 1506643150
3047814333493, 890869169
3048705296033, 1192118491
3049897507974, 715884161
3050613487065, 1272414543
3051885990346, 1665810303
3053551898168, 781057006
3054333048694, 1170612993
3055503757128, 841379263
3056345230761, 716535365
3057061870767, 817664161
3057879680100, 831371452
3058711139957, 1118583236
3059829808772, 677213014
3060507112336, 975881765
3061483077188, 1455124193
3062938286351, 1133872118
3064072244048, 658838888
3064731169589, 640931943
3065372190742, 649666968
3066021955231, 643470160
3066665511738, 650613275
3067316211481, 617266091
3067933581579, 593728046
3068527404320, 899660722
3069427143983, 1080136292
3070507379545, 628143994
3071135618798, 607310933
3071743011298, 626953539
3072370045967, 703536376
3073073666633, 615756670
3073689504053, 915470406
3074605059370, 606806362
3075211947633, 777943916
3075989974600, 1020731376
3077010783840, 1058443166
3078069310247, 595067264
3078664459514, 589049298
3079253594231, 628926359
3079882603106, 591317470
3080474002965, 558522340
3081032610921, 654236619
3081686928052, 565944796
3082252952175, 630428839
3082883459894, 983093761
3083866629042, 1027447106
3084894161833, 609109521
3085503350401, 604469552
3086107899256, 593601090
3086701584912, 590463188
3087292129394, 571147789
3087863360205, 580145629
3088443589808, 563536618
3089007206644, 609463605
3089616751623, 867908870
3090484757418, 1015476251
3091500336474, 624629206
3092125067256, 577569513
3092702736776, 635021330
3093337857224, 606630983
3093944587813, 595197344
3094539886571, 598919900
3095138904714, 559160219
3095698163219, 638781890
3096337047799, 1111604857
3097448750655, 965691920
3098414539672, 592944351
3099007585965, 630620682
3099638305152, 576398453
3100214805841, 578711432
3100793615958, 596885279
3101390618000, 617014966
3102007733737, 573927556
3102581762566, 580124401
3103161986028, 936790648
3104098870595, 989742739
3105088718494, 571173161
3105659994253, 595671442
3106255764457, 588730966
3106844596873, 577362140
3107422062414, 577495270
3107999775974, 608243952
3108608119362, 605038772
3109213260535, 594565490
3109807931385, 980034530
3110788076225, 951989647
3111740167862, 569420646
3112309696331, 562066708
3112871868093, 603696894
3113475667074, 568380294
3114044149284, 566309062
3114610570893, 589495347
3115200170633, 585258844
3115785526863, 573661348
3116359314343, 1029690090
3117389174871, 998572615
3118387857848, 613272118
3119001241259, 581358905
3119582712558, 557946364
3120140797378, 572577683
3120713509682, 565666810
3121279288340, 603616767
3121883013413, 569832531
3122452953124, 586333727
3123039393043, 860738716
3123900231687, 977509844
3124877846729, 595218844
3125473176437, 574363241
3126047646359, 579135954
3126626905764, 608684211
3127235698881, 566657517
3127802463527, 590067063
3128392646437, 568506639
3128961370442, 555634057
3129517115787, 823353458
3130340567833, 971083639
3131311754654, 592570647
3131904432604, 583255547
3132487793836, 582116763
3133070014522, 583574740
3133653695049, 593052741
3134246852887, 574086213
3134821042063, 590579183
3135411731216, 576184403
3135988036262, 934148822
3136922283569, 962992792
3137885392808, 567804233
3138453309353, 557467763
3139010894757, 587567161
3139598566002, 592575814
3140191249005, 592883088
3140784239936, 583887742
3141368233933, 560987639
3141929327526, 580960006
3142510395310, 972005536
3143482501545, 948837246
3144431444305, 580804436
3145012353010, 561549764
3145574007888, 563269142
3146137380272, 564941673
3146702430742, 573819237
3147276351731, 569540551
3147845993836, 587570414
3148433666476, 570471438
3149004244201, 840336699
3149844679636, 944173164
3150788955856, 565691072
3151354753872, 592544813
3151947407865, 559354576
3152506866041, 576500543
3153083472251, 579905333
3153663482916, 579480179
3154243066360, 565224778
3154808397732, 557965462
3155366496697, 944924600
3156311522670, 964706372
3157276333049, 577675643
3157854120658, 578719889
3158432945007, 578171791
3159011224151, 584943710
3159596280955, 578840124
3160175233253, 571588710
3160746930618, 544309417
3161291330676, 551850743
3161843265614, 938701029
3162782049345, 935815775
3163717958296, 571640815
3164289693601, 568235995
3164858016489, 573690017
3165431794325, 561668035
3165993551710, 562276808
3166555917092, 583313587
3167139319364, 554914843
3167694321201, 575416497
3168269827763, 807671444
3169077584314, 916181703
3169993852490, 562086964
3170556040333, 584392506
3171140518215, 577010433
3171717617036, 561912335
3172279616518, 543708128
3172823411422, 546185042
3173369680795, 550467978
3173920234202, 565324449
3174485647243, 932584787
3175418314836, 924752900
3176343152160, 554124581
3176897367866, 557410088
3177454865772, 557546882
3178012506016, 556960530
3178569549911, 538774533
3179108414607, 556440259
3179664942629, 555577814
3180220604789, 544028827
3180764716217, 789315743
3181554110328, 902653370
3182456846001, 563758944
3183020696147, 543564744
3183564344692, 540473424
3184104902701, 551785081
3184656772366, 550593437
3185207450600, 540461221
3185747994905, 549885535
3186297962303, 533271317
3186831320280, 786708343
3187618110631, 898363526
3188516558623, 544390913
3189061034532, 538508567
3189599629285, 545096701
3190144816459, 548588232
3190693493000, 532822410
3191226402536, 545274061
3191771759567, 553689164
3192325535701, 546660799
3192872280524, 775372546
3193647739157, 919810346
3194567633949, 557616960
3195125337126, 547717677
3195673138732, 546316236
3196219538392, 538211153
3196757834119, 544154518
3197302073987, 525070683
3197827232942, 542496825
3198369812978, 547310889
3198917207131, 782652075
3199699940633, 897421246
3200597450101, 542416272
3201139949710, 548097704
3201688135021, 528225299
3202216445391, 549587262
3202766119100, 540415770
3203306619399, 547203583
3203853907500, 544359140
3204398353957, 554303066
3204952743010, 779700949
3205732524925, 896578767
3206629192626, 550661065
3207179940472, 555883219
3207735915439, 550393820
3208286400072, 559246596
3208845744158, 537934828
3209383775473, 554544081
3209938406072, 551014051
3210489504946, 551748312
3211041347130, 799163392
3211840591746, 897315267
3212737992888, 532346475
3213270428388, 546923877
3213817438974, 549730182
3214367256307, 534757660
3214902100075, 552986852
3215455175241, 545687584
3216000949093, 548530308
3216549565083, 543469023
3217093116383, 793450035
3217886654861, 900867747
3218787607745, 550758192
3219338453191, 561659776
3219900198751, 564560185
3220464844861, 552396835
3221017327681, 540516007
3221557929571, 528083436
3222086099664, 556978335
3222643167315, 566422004
3223209692281, 798881374
3224008677296, 907794737
3224916575271, 574591904
3225491273810, 560968621
3226052347072, 548053066
3226600535426, 570350602
3227171017016, 562529743
3227733652019, 574361575
3228308119402, 589066612
3228897290978, 554985802
3229452380609, 924784984
3230377266797, 915384534
3231292758507, 580639221
3231873502568, 559106896
3232432715513, 542905685
3232975724226, 567008258
3233542839482, 554615238
3234097562089, 583461516
3234681128093, 556417419
3235237651708, 545327401
3235783085939, 794578903
3236577767673, 918161458
3237496049550, 565631489
3238061786382, 562120285
3238624025094, 555600982
3239179730166, 553754939
3239733588624, 567893013
3240301596539, 564447922
3240866170245, 544901355
3241411343966, 552006177
3241963463911, 822175583
3242785723813, 923354475
3243709162858, 553963226
3244263210151, 551677958
3244814972064, 559844742
3245374902834, 562989262
3245937976474, 553278255
3246491340391, 565277276
3247056706339, 552483501
3247609274263, 552930193
3248162288790, 813281629
3248975806298, 921879626
3249897786481, 556133686
3250454010751, 563101349
3251017197369, 565195376
3251582478099, 570986856
3252153551971, 567784376
3252721421623, 548600897
3253270112988, 575723529
3253845921473, 566205065
3254412210738, 826913755
3255239208551, 932809770
3256172106054, 568044754
3256740239022, 567917575
3257308244876, 570440881
3257878776917, 550724093
3258429585864, 573612649
3259003281784, 570295405
3259573662448, 570324276
3260144082404, 578461169
3260722629009, 814521522
3261537233463, 926372494
3262463690811, 573722319
3263037498786, 575530489
3263613116374, 556907140
3264170107140, 562886180
3264733077743, 570423439
3265303587715, 555052096
3265858731878, 593499465
3266452317246, 567236100
3267019637713, 828143022
3267847864431, 935261472
3268783210381, 591694562
3269374993547, 568384204
3269943465306, 574933617
3270518484224, 571769850
3271090340660, 562767495
3271653193721, 572646740
3272225927512, 565255762
3272791267983, 553715369
3273345067770, 939850485
3274285001881, 934766652
3275219855614, 565184635
3275785127119, 560509237
3276345722000, 567746555
3276913552532, 566979935
3277480616218, 582313218
3278063016226, 580868189
3278643970818, 562738059
3279206796250, 554453066
3279761333749, 813895994
3280575312365, 926761311
3281502159767, 555964200
3282058209704, 560124326
3282618419116, 568329322
3283186835803, 564035095
3283750958077, 590668440
3284341712469, 553193635
3284894992424, 576036324
3285471116654, 568274203
3286039493279, 844465731
3286884073735, 915411554
3287799591357, 576049129
3288375785191, 567027709
3288942942801, 589562190
3289532655708, 567551509
3290100285196, 562165561
3290662525031, 574733139
3291237332875, 587349019
3291824758734, 567460306
3292392295076, 825246758
3293217613259, 922112263
3294139800513, 565149840
3294705027377, 561496840
3295266587257, 574409286
3295841061617, 549514340
3296390640177, 557851928
3296948557806, 551135268
3297499758474, 561591727
3298061416465, 559049835
3298620533133, 830531831
3299451133980, 906998976
3300358199253, 561946230
3300920209976, 566210171
3301486484305, 565220460
3302051770383, 558436645
3302610273186, 564222301
3303174559970, 559400783
3303734023891, 564549175
3304298639513, 556938744
3304855645855, 810432959
3305666141328, 906944041
3306573153406, 564764387
3307137980951, 562395698
3307700441353, 563762126
3308264274937, 561762526
3308826101925, 563549792
3309389713922, 575485889
3309965269035, 561543671
3310526882328, 550952818
3311077900327, 800207729
3311878171683, 932877001
3312811113627, 555938314
3313367117211, 563649921
3313930833283, 565220247
3314496121028, 574654236
3315070841155, 567661118
3315638566338, 579571005
3316218202925, 558724105
3316776992583, 551770405
3317328827726, 812768844
3318141660086, 916085985
3319057810565, 571168055
3319629044329, 567193691
3320196301528, 567630474
3320763999848, 554139089
3321318209434, 574622634
3321892898191, 553464994
3322446428722, 544613163
3322991107224, 550495802
3323541670315, 818766720
3324360502278, 909306986
3325269875464, 546353247
3325816292453, 566747475
3326383102830, 572351087
3326955519823, 560881212
3327516466700, 566214520
3328082747216, 568886857
3328651699440, 567358192
3329219123656, 562757460
3329781945812, 823217457
3330605227139, 900268817
3331505562043, 554689471
3332060315561, 558201468
3332618582436, 562130519
3333180778419, 565728125
3333746570437, 547122242
3334293756839, 579629367
3334873449510, 573919940
3335447433333, 580164721
3336027665135, 812154563
3336839885162, 907902425
3337747854442, 574006659
3338321925945, 575857579
3338897849747, 557551312
3339455465761, 573750383
3340029280248, 565644581
3340594989005, 554699934
3341149755002, 563859372
3341713680566, 568367155
3342282110607, 823772325
3343105945591, 907555812
3344013565864, 570704105
3344584337191, 567867895
3345152276719, 579061591
3345731403638, 567280308
3346298750582, 567146977
3346865966068, 577681206
3347443711453, 554060699
3347997853976, 554606658
3348552530677, 832120961
3349384715316, 920172847
3350304954315, 556525805
3350861547334, 562190533
3351423802897, 562960071
3351986829569, 570798359
3352557690677, 577667788
3353135422517, 574465276
3353709957883, 575406541
3354285433888, 569791652
3354855291744, 851071365
3355706425278, 921376812
3356627869161, 565062149
3357192996159, 566960037
3357760039244, 583282946
3358343387873, 568546773
3358911998821, 563686455
3359475753240, 580988141
3360056806665, 570071410
3360626945075, 557228916
3361184239568, 843198771
3362027501935, 917044140
3362944609921, 573607823
3363518285935, 567653052
3364086006360, 579436400
3364665507954, 580925140
3365246499341, 574672735
3365821237459, 578600852
3366399906033, 572182992
3366972157372, 580878286
3367553099838, 841324932
3368394487868, 925331342
3369319929402, 586004437
3369906198797, 575517389
3370481849233, 563193787
3371045091208, 574669569
3371619807701, 559978821
3372179836025, 577590567
3372757476593, 581200863
3373338726031, 567672310
3373906448515, 859860546
3374766357082, 943730347
3375710135211, 587148767
3376297332607, 583187052
3376880568411, 582104581
3377462723097, 570874438
3378033646349, 574586190
3378608280929, 568623367
3379176954743, 584078502
3379761080538, 571879638
3380333006839, 838010107
3381171061131, 900100805
3382071211558, 560958128
3382632218703, 578066039
3383210331929, 577861839
3383788244550, 571785079
3384360078826, 589654594
3384949781789, 580252577
3385530118790, 584834429
3386115018420, 573666827
3386688733804, 842877601
3387531656635, 917717421
3388449426739, 582053748
3389031528507, 570157939
3389601734731, 575779659
3390177563729, 581092326
3390758704564, 568566722
3391327317078, 561078858
3391888445290, 570978097
3392459473019, 571983067
3393031504332, 860613369
3393892176926, 922329686
3394814570255, 586523340
3395401138890, 577705324
3395978890813, 582686998
3396561624653, 582437436
3397144108392, 573072220
3397717227099, 578857402
3398296131575, 578620558
3398874799498, 591499687
3399466343524, 847041267
3400313428227, 924725970
3401238201764, 579570020
3401817820061, 581709947
3402399576359, 584472085
3402984094116, 568971507
3403553112441, 576771468
3404129933267, 582763192
3404712743886, 593093995
3405305884979, 591192528
3405897123396, 843081046
3406740248915, 922453587
3407662750180, 582501610
3408245298935, 568836411
3408814180682, 572343279
3409386572219, 586370170
3409972991223, 576195883
3410549234433, 592485082
3411141765867, 565498692
3411707312432, 578082124
3412285441004, 859307399
3413144795475, 927687221
3414072530471, 585936878
3414658514116, 575288910
3415233851501, 583570242
3415817467985, 571201817
3416388717969, 596114141
3416984880788, 592698552
3417577626772, 572624066
3418150299264, 570137412
3418720483107, 866250527
3419586777615, 923255422
3420510081263, 583984615
3421094114281, 586437108
3421680598176, 588415647
3422269064319, 576844661
3422845955106, 586345201
3423432348257, 581841355
3424014234912, 572977692
3424587259648, 572890225
3425160198631, 854168044
3426014412490, 938730193
3426953191893, 586988533
3427540231492, 594354791
3428134633607, 592527833
3428727210926, 576315872
3429303573025, 588926416
3429892548211, 573780428
3430466376197, 598235137
3431064659417, 592449751
3431657157697, 857893154
3432515096297, 923852273
3433438996576, 588577304
3434027619613, 582392160
3434610056766, 581609347
3435191713039, 593717752
3435785477654, 593801311
3436379325773, 610493302
3436989863494, 589791389
3437579702012, 580315043
3438160064955, 850586260
3439010695320, 951565508
3439962311081, 605003193
3440567361682, 576007460
3441143414492, 576693461
3441720155328, 591087081
3442311288246, 609538986
3442920872913, 586355966
3443507276487, 582636563
3444089959949, 567296484
3444657303268, 862986457
3445520333659, 938943765
3446459322614, 584699438
3447044069455, 586858011
3447630972884, 595283321
3448226302591, 603215279
3448829564281, 582294744
3449411904405, 602643253
3450014593978, 590441111
3450605081772, 578975468
3451184113129, 881348327
3452065559387, 943658499
3453009303157, 596482629
3453605824732, 581215923
3454187078786, 608803636
3454795920111, 580831543
3455376789040, 593288013
3455970116883, 572333171
3456542489544, 582586026
3457125116042, 603644695
3457728798077, 884842280
3458613677748, 932337725
3459546055330, 590309897
3460136406750, 605734573
3460742180512, 592952154
3461335171076, 575785848
3461910997945, 602155391
3462513192416, 581123435
3463094354049, 590412751
3463684807693, 591775763
3464276621615, 860092181
3465136750700, 940319023
3466077108385, 599387824
3466676535880, 597207794
3467273782209, 593667172
3467867487414, 590690536
3468458218227, 595678263
3469053937097, 590733435
3469644708077, 585199474
3470229947129, 592311521
3470822298136, 850755294
3471673090979, 931714591
3472604844668, 586789112
3473191672878, 600196410
3473791907678, 598915331
3474390862834, 596385930
3474987288760, 597462294
3475584791205, 580266035
3476165095609, 590225871
3476755359828, 579407109
3477334806403, 882300809
3478217143603, 934593333
3479151776182, 576744306
3479728561175, 593248070
3480321848989, 587540948
3480909428014, 595213584
3481504682271, 580573088
3482085296649, 583412846
3482668748979, 612951061
3483281741514, 596680041
3483878460382, 886077847
3484764575231, 929988687
3485694603376, 606267557
3486300911190, 607019744
3486907969605, 596526655
3487504535105, 604642013
3488109215163, 604751700
3488714007848, 596111863
3489310159894, 615606345
3489925804922, 608970441
3490534813912, 874443212
3491409293503, 943534819
3492352871218, 609670654
3492962582281, 604611718
3493567233089, 609177792
3494176449923, 604167161
3494780657638, 609677072
3495390373087, 616825920
3496007240223, 613722190
3496621003720, 584342725
3497205385949, 877522155
3498082947196, 954212812
3499037199040, 601382168
3499638620672, 601951708
3500240612299, 608422522
3500849074378, 598256915
3501447370530, 599510662
3502046919456, 602364816
3502649324081, 593816959
3503243180433, 596166362
3503839387845, 877196227
3504716620878, 932725862
3505649384079, 577208052
3506226631106, 598970333
3506825640631, 598569796
3507424249603, 602865930
3508027155269, 599325202
3508626520124, 603814373
3509230373953, 584631610
3509815043807, 598553535
3510413636173, 876477094
3511290151122, 928756444
3512218945223, 598865376
3512817849428, 606479783
3513424368390, 598689555
3514023096679, 605652809
3514628786916, 590519896
3515219345310, 618988284
3515838371426, 610138832
3516448550051, 609858423
3517058447724, 870181955
3517928666906, 959778968
3518888483559, 585394232
3519473917819, 606760761
3520080717693, 602969082
3520683727224, 585928461
3521269694333, 612697988
3521882430576, 597822915
3522480291804, 605427695
3523085759055, 600958718
3523686755702, 893860826
3524580653729, 950507072
3525531199941, 614396841
3526145635912, 602787282
3526748460412, 607874718
3527356374633, 619003210
3527975416070, 624689663
3528600145921, 603460416
3529203645617, 602374902
3529806058774, 595255285
3530401353002, 901506473
3531302896876, 947888390
3532250823656, 617136904
3532867999480, 590708202
3533458746388, 613598383
3534072384089, 591458303
3534663880533, 604457632
3535268377934, 597868181
3535866285305, 627236703
3536493562855, 612382630
3537105983149, 900273208
3538006293141, 937062954
3538943395433, 610939619
3539554374178, 600916659
3540155330396, 621255662
3540776625021, 607421462
3541384086158, 615193711
3541999319811, 609109717
3542608472653, 600212533
3543208724486, 625409329
3543834172860, 921873233
3544756082702, 965114782
3545721240875, 624911621
3546346193261, 605558400
3546951793426, 605327504
3547557162665, 619076034
3548176281491, 622576352
3548798898617, 618739195
3549417679941, 635761477
3550053484859, 609825223
3550663352634, 927839410
3551591231455, 958050607
3552549322142, 623446172
3553172811299, 632434878
3553805288860, 627148361
3554432479920, 655496901
3555088041547, 631561710
3555719645863, 625053570
3556344740185, 603198450
3556947981215, 612593008
3557560615477, 943566214
3558504222181, 979756525
3559484039888, 629779228
3560113863953, 621018229
3560734924154, 612712215
3561347678248, 625754125
3561973474580, 605963226
3562579479921, 603565272
3563183086357, 638817957
3563821946041, 619586810
3564441572498, 909776880
3565351390155, 969583137
3566321020743, 645048250
3566966109933, 630823016
3567596980274, 636137795
3568233160842, 634579170
3568867780661, 611991995
3569479815844, 624827440
3570104684860, 626518793
3570731245635, 624611750
3571355903332, 929609627
3572285554809, 970856997
3573256455243, 628626413
3573885122433, 612739038
3574497903422, 636018409
3575133961566, 632838472
3575766840866, 616777713
3576383657965, 616972166
3577000670744, 616400608
3577617111548, 616859668
3578234010669, 901926297
3579135973933, 959232378
3580095243541, 612779919
3580708063335, 624264755
3581332365050, 625588166
3581957993974, 612799287
3582570831800, 618594231
3583189465719, 609933966
3583799440135, 622782183
3584422261957, 627393133
3585049694336, 896338189
3585946070809, 951525608
3586897635237, 624677492
3587522353326, 622176635
3588144568032, 612354223
3588756961270, 625462958
3589382463940, 617444919
3589999948294, 628104414
3590628091220, 624869770
3591253000172, 608129718
3591861168426, 912401013
3592773606140, 975830043
3593749476295, 619377371
3594368892745, 631541908
3595000473055, 634888662
3595635401409, 628696716
3596264136884, 615748835
3596879924329, 629144748
3597509107450, 636214281
3598145361248, 620316863
3598765716532, 936185889
3599701939838, 980951931
3600682934045, 640525171
3601323499365, 641356432
3601964896552, 629228366
3602594166015, 648541585
3603242748555, 626909992
3603869698738, 622319698
3604492058091, 642698818
3605134796496, 648642280
3605783480328, 941564824
3606725083143, 972723945
3607697848370, 638208562
3608336099460, 638463335
3608974601780, 645536085
3609620178205, 649373724
3610269593668, 645629035
3610915265389, 654648455
3611569956772, 637420138
3612207419227, 644780905
3612852239816, 937752177
3613790031932, 1010823890
3614800897042, 652688050
3615453625576, 643665356
3616097329977, 628164010
3616725533282, 640104549
3617365680916, 627316762
3617993039173, 645711691
3618638792095, 638766007
3619277598309, 637420559
3619915059147, 955957984
3620871056688, 1004337754
3621875435752, 661613149
3622537089359, 635377150
3623172506355, 639623933
3623812171264, 651390002
3624463601536, 633723621
3625097365532, 642105623
3625739514572, 640034831
3626379591471, 636496311
3627016133172, 963092704
3627979265483, 981676874
3628960982386, 648217585
3629609242196, 643908518
3630253189377, 639773178
3630893003230, 648024782
3631541068967, 636604482
3632177716145, 642833250
3632820589310, 661509249
3633482141566, 638986931
3634121166869, 941388264
3635062611537, 989380811
3636052045569, 641621714
3636693707150, 630635707
3637324382720, 651734432
3637976157153, 637300009
3638613495917, 642769572
3639256307101, 638360762
3639894708058, 646819424
3640541568042, 638793703
3641180400227, 936145732
3642116582949, 982347503
3643098969602, 631528038
3643730538193, 632300773
3644362878162, 648001097
3645010917908, 643256283
3645654213352, 637978954
3646292232635, 638409682
3646930681944, 642744831
3647573465926, 648107240
3648221613047, 953717366
3649175368712, 974536112
3650149944222, 640521564
3650790507599, 626467846
3651417015225, 645040768
3652062097363, 619173430
3652681311656, 632580251
3653313932258, 629817179
3653943788379, 636379860
3654580207053, 637674612
3655217920902, 929935893
3656147895377, 984483544
3657132418631, 656749152
3657789207530, 668468042
3658457715945, 646539105
3659104297719, 642738915
3659747075592, 625079264
3660372195176, 670310279
3661042547709, 633972455
3661676560089, 621951904
3662298551989, 931426318
3663230016547, 979650101
3664209705353, 643873834
3664853620046, 630587543
3665484249855, 627955432
3666112247676, 619520340
3666731807617, 637997046
3667369842720, 637905600
3668007787685, 630893338
3668638719273, 615034690
3669253793624, 953742762
3670207574393, 983298820
3671190912231, 622933211
3671813886557, 639999827
3672453925705, 652410584
3673106376292, 636602867
3673743018223, 628248254
3674371306212, 630016419
3675001362808, 633604533
3675635008076, 662438330
3676297488253, 959771150
3677257298101, 991013437
3678248350361, 638321401
3678886711435, 639279793
3679526030542, 634788693
3680160860881, 630609114
3680791511351, 627394718
3681418944122, 637799869
3682056784367, 636313187
3682693138151, 630799887
3683323985219, 926216346
3684250240701, 990803116
3685241083175, 646733701
3685887856992, 644173390
3686532069121, 627669571
3687159778132, 623806241
3687783623645, 647980045
3688431645162, 635289342
3689066973175, 638228927
3689705242682, 634331704
3690339613829, 951692850
3691291345636, 977158522
3692268543169, 629804246
3692898387755, 640232587
3693538659734, 638482997
3694177183101, 652423802
3694829645713, 636921594
3695466609735, 637986189
3696104635335, 622722705
3696727398775, 645404656
3697372842985, 918143338
-------------
--------->>>>0<<<<---------