---inserts---
14502312584583, 8513556172527
23015889576745, 3662991713
23019553467899, 3465413146
23023019010060, 4195051736
23027216091656, 1999121848
23029215335217, 2343443247
23031558888712, 1039571207
23032598596696, 1617709564
23034216411557, 872500798
23035089022799, 1452278647
23036541406410, 3861038011
23040402560018, 1994513630
23042397199445, 1909659926
23044306993789, 1837374674
23046144483667, 1900234200
23048044823478, 815595333
23048860536291, 1087241095
23049947883434, 848414646
23050796403286, 1555040835
23052351552081, 1171226957
23053522880970, 1416301943
23054939289965, 1149617206
23056089012659, 775816443
23056864940013, 711378391
23057576435639, 841697686
23058418262881, 695575292
23059114011188, 666825677
23059780937570, 864848283
23060645887302, 864620895
23061510618563, 1234926405
23062745640561, 1118239693
23063863981368, 694979105
23064559065872, 622906738
23065182076747, 647083236
23065829269120, 649930958
23066479300435, 632476627
23067111892817, 1058793676
23068170796902, 621295244
23068792207177, 643520678
23069435830762, 1016939773
23070452863135, 1055619172
23071508578982, 665467924
23072174142328, 607000537
23072781243376, 673436057
23073454781309, 619393752
23074074269866, 1041153875
23075115518257, 683365583
23075798978838, 606145192
23076405221025, 796806215
23077202139379, 1006907164
23078209142698, 1062200190
23079271436933, 645866933
23079917402245, 624821822
23080542320431, 597194201
23081139613905, 674590692
23081814302766, 617329829
23082431730178, 590927309
23083022755830, 579472625
23083602330036, 617004539
23084219431382, 869322289
23085088853362, 1048009815
23086136966856, 614339471
23086751406779, 606569294
23087358076561, 623408706
23087981585207, 622919645
23088604600647, 591023952
23089195720403, 589128138
23089784946572, 572194720
23090357240231, 598698091
23090956047376, 961173808
23091917313955, 1052857542
23092970272536, 602336775
23093572710621, 608661717
23094181468875, 562032258
23094743601944, 600274637
23095343973608, 589477532
23095933551553, 583887099
23096517537441, 566040340
23097083673256, 588249094
23097672028827, 982486492
23098654606261, 1023135323
23099677827149, 578482103
23100256400567, 591789148
23100848277659, 594290468
23101442655520, 627567200
23102070313203, 557064618
23102627472218, 589068041
23103216631324, 584197808
23103800918007, 560169085
23104361176576, 859324013
23105220583058, 964553582
23106185233010, 585429155
23106770750238, 613767441
23107384607101, 597614824
23107982307334, 560880456
23108543275296, 568003203
23109111380264, 600835478
23109712302732, 586552129
23110298945662, 588633909
23110887671995, 851300911
23111739057079, 990187999
23112729334939, 585818135
23113315249312, 600237486
23113915577392, 571839315
23114487505042, 571451088
23115059043648, 576344784
23115635479519, 605051751
23116240621361, 567520003
23116808227043, 587361634
23117395694503, 943340195
23118339185266, 1011963133
23119351249000, 587804304
23119939148774, 585670333
23120524916890, 584030052
23121109050096, 575294194
23121684467875, 584253543
23122268820547, 624194181
23122893106990, 577769293
23123470967999, 575371401
23124046431596, 857323984
23124903842077, 950169596
23125854114747, 589896787
23126444103014, 575477623
23127019677731, 603674027
23127623445772, 581685416
23128205224915, 566386796
23128771706353, 583291245
23129355100766, 588113414
23129943346865, 574952579
23130518395831, 832201981
23131350693454, 937204386
23132287996505, 575547204
23132863641254, 586074416
23133449812788, 549350821
23133999263793, 556259525
23134555619963, 578281209
23135134002153, 563182089
23135697282781, 562561491
23136259941980, 557321225
23136817357174, 813816318
23137631266510, 966258312
23138597624523, 579316513
23139177038649, 590244995
23139767384897, 543261319
23140310747830, 555754488
23140866601209, 561506226
23141428205599, 572866313
23142001168308, 547943159
23142549208622, 575191359
23143124498156, 806886531
23143931477462, 937445250
23144869017945, 567087601
23145436204178, 539832074
23145976138722, 564398299
23146540634791, 568265670
23147108997399, 572657635
23147681751066, 553455562
23148235303575, 547626279
23148783027202, 559026083
23149342149905, 934233102
23150276481934, 916343146
23151192922960, 564745592
23151757762814, 565048004
23152322910715, 557167561
23152880175747, 551233954
23153431508761, 554970094
23153986577851, 565309452
23154551991078, 561964567
23155114056254, 567068225
23155681225873, 787904860
23156469226801, 918547218
23157387872236, 579822976
23157967799683, 559808256
23158527707243, 562305985
23159090112966, 540987524
23159631209015, 571537071
23160202846265, 556061739
23160759007638, 550374403
23161309481205, 562898230
23161872477002, 794695487
23162667267803, 923567402
23163590932209, 552157548
23164143190283, 572431196
23164715716760, 556156047
23165271971853, 549492637
23165821562590, 548341130
23166370003918, 559518587
23166929621150, 562745678
23167492465421, 539850524
23168032413434, 909304770
23168941813483, 917066365
23169858978932, 568239390
23170427320413, 563673205
23170991090579, 554711859
23171545901348, 550072258
23172096085617, 565948166
23172662133056, 568996770
23173231227630, 566097112
23173797422461, 545735839
23174343249194, 813305398
23175156643401, 922820393
23176079556172, 558271488
23176637916866, 560773859
23177198783393, 536698283
23177735583876, 551660204
23178287338878, 568312402
23178855739546, 555860081
23179411697568, 559862805
23179971659992, 548097778
23180519857039, 932159632
23181452113727, 912007872
23182364219018, 561207855
23182925524214, 545718327
23183471343771, 540358344
23184011801273, 561343086
23184573243212, 543404197
23185116747672, 558876511
23185675721122, 530728979
23186206553525, 544333447
23186750983888, 787939148
23187539018122, 911253450
23188450426390, 554039544
23189004564200, 544012366
23189548677231, 559224409
23190108013000, 540289231
23190648806784, 552200391
23191201105019, 545285271
23191746489845, 560152977
23192306736998, 557059779
23192863892175, 811081497
23193675064465, 905419803
23194580576295, 557862354
23195138531013, 577111508
23195715738028, 556807838
23196272637375, 573644338
23196846376847, 553838721
23197400308592, 573819895
23197974223561, 559047596
23198533367326, 567079569
23199100541424, 918232092
23200018858701, 913008436
23200931959528, 569836083
23201501888449, 552513532
23202054499580, 565738239
23202620332249, 549401771
23203169827397, 547680110
23203717598467, 554070130
23204271760856, 548487261
23204820342241, 551148079
23205371582844, 817962738
23206189632976, 937102154
23207126836503, 556153226
23207683084147, 572699984
23208255881445, 554965579
23208810944747, 565786955
23209376837066, 559467697
23209936412720, 569872803
23210506385186, 547618461
23211054098575, 572010080
23211626201639, 799800940
23212426088855, 927571643
23213353759026, 571464586
23213925319025, 557371580
23214482783904, 540118636
23215022995795, 558108128
23215581197393, 551006939
23216132301222, 554674681
23216687066615, 569352837
23217256511961, 538130056
23217794735980, 926952128
23218721775812, 925801134
23219647669610, 555962251
23220203730714, 559239971
23220763063367, 548039709
23221311195149, 567932967
23221879219318, 553074344
23222432385679, 566077377
23222998554245, 539067121
23223537715531, 555467635
23224093278770, 807819578
23224901182082, 918206524
23225819483244, 567076125
23226386653181, 555951702
23226942697710, 564013304
23227506804390, 560974245
23228067873542, 565100527
23228633067284, 554498497
23229187660179, 547849570
23229735605582, 559358460
23230295055718, 956830829
23231251991595, 936914764
23232189022402, 556196226
23232745313239, 591547015
23233336955216, 566719223
23233903771550, 577386227
23234481249707, 561640721
23235042983464, 572839045
23235615914884, 561666424
23236177676642, 557976235
23236735745213, 820611181
23237556446193, 920679599
23238477218474, 564210426
23239041523202, 560748426
23239602364020, 572313189
23240174770618, 545879315
23240720742569, 565428562
23241286266586, 554034570
23241840412631, 559688971
23242400387201, 551000817
23242951497211, 810050877
23243761620979, 909460466
23244671160696, 560383806
23245231624081, 574169964
23245805872295, 550336428
23246356286548, 571830369
23246928192582, 561767858
23247490038610, 569840430
23248059958119, 553239297
23248613275043, 572346694
23249185700594, 811641735
23249997486587, 915061043
23250912631240, 566347599
23251479055123, 547640763
23252026771247, 574356989
23252601207236, 554840032
23253156126030, 563344764
23253719548287, 563249289
23254282873703, 580073983
23254863023684, 561721329
23255424820563, 816038104
23256240930588, 939973582
23257180980890, 562306345
23257743363052, 554887776
23258298331849, 560087767
23258858493487, 562398528
23259420966847, 554618302
23259975661680, 570452252
23260546190262, 564618173
23261110882636, 560587506
23261671545932, 818289114
23262489907344, 920871167
23263410852717, 565087148
23263976026340, 553736386
23264529838321, 568541512
23265098456730, 563011893
23265661545628, 576846717
23266238471907, 551478792
23266790029308, 557317167
23267347425284, 566001010
23267913505259, 819500657
23268733078610, 925048966
23269658205103, 571171587
23270229455281, 564489400
23270794023842, 568519818
23271362622571, 567157588
23271929858799, 570321759
23272500253588, 570831734
23273071163820, 553302098
23273624543556, 569703015
23274194325581, 817719824
23275012148783, 914804698
23275927032269, 569620599
23276496728581, 565237651
23277062042712, 550800477
23277612918937, 570650359
23278183648244, 563794508
23278747520001, 564694011
23279312290870, 565741501
23279878110168, 568046463
23280446230388, 819815602
23281266118509, 924403268
23282190600426, 570695522
23282761373444, 563933288
23283325382930, 572255502
23283897714575, 573155947
23284470944455, 569862106
23285040891201, 562958958
23285603924416, 558973864
23286162981924, 549724571
23286712808721, 834586729
23287547497567, 929614570
23288477206132, 569104029
23289046437174, 553659054
23289600227114, 571035632
23290171395119, 580891863
23290752470919, 570742347
23291323283308, 570260597
23291893605682, 556523928
23292450191068, 576089091
23293026340933, 838788733
23293865187993, 946784369
23294812060521, 586744614
23295398870328, 575283188
23295974219667, 586747969
23296561030382, 557720686
23297118820401, 582746671
23297701627951, 572771454
23298274462712, 579080846
23298853606307, 571676142
23299425344084, 821288548
23300246691573, 931360430
23301178113373, 564919335
23301743095482, 568017572
23302311174859, 550303758
23302861540300, 580156553
23303441756923, 576047506
23304017864775, 572999118
23304590930872, 576270880
23305167264452, 572239238
23305739565232, 835819143
23306575442646, 925917224
23307501418760, 578317773
23308079801419, 577985690
23308657849262, 558934130
23309216846523, 568084009
23309784990959, 563446829
23310348500925, 570323488
23310918888366, 555702047
23311474659284, 560617183
23312035339682, 844041938
23312879439747, 958572432
23313838075418, 581434215
23314419573590, 562395174
23314982031859, 567979554
23315550075410, 586006981
23316136145748, 578995615
23316715203617, 576914864
23317292177488, 570078799
23317862317461, 576821684
23318439202717, 977806572
23319417069634, 938552838
23320355684251, 586092254
23320941838310, 562082337
23321503984891, 569913715
23322073959886, 581350138
23322655375665, 569026045
23323224464011, 585130436
23323809659393, 581599239
23324391321019, 571800393
23324963184388, 838688488
23325801933231, 941435002
23326743430879, 584897624
23327328390977, 574331054
23327902784298, 575073222
23328477921899, 592244457
23329070231452, 587228867
23329657525003, 573337279
23330230926132, 570447309
23330801442164, 565715388
23331367224505, 850422374
23332217708261, 916051795
23333133823948, 579925973
23333713813698, 584437616
23334298314489, 570002515
23334868378850, 580854266
23335449297435, 579542648
23336028904126, 588413067
23336617380702, 555270847
23337172715649, 564948173
23337737728453, 960422383
23338698212152, 924451502
23339622726498, 578084835
23340200876335, 577433058
23340778371877, 577092142
23341355527146, 571875713
23341927468270, 589942896
23342517474008, 565246540
23343082785126, 569485656
23343652335254, 562691582
23344215091495, 831375945
23345046529953, 933185929
23345979779906, 564532028
23346544375837, 585876555
23347130318923, 580188928
23347710574547, 580930079
23348291569796, 562700378
23348854333852, 583978821
23349438377449, 566454793
23350004896016, 578690151
23350583648654, 840026061
23351423736278, 927255166
23352351053958, 575128077
23352926247493, 565962064
23353492271953, 588442152
23354080778823, 582224736
23354663068554, 593173560
23355256305586, 582825862
23355839197101, 595192531
23356434454629, 559751983
23356994271039, 832498084
23357826827934, 929828880
23358756719684, 577404088
23359334184218, 571172787
23359905420409, 580554218
23360486037346, 585278526
23361071380462, 578157240
23361649600275, 582628743
23362232293651, 565774442
23362798132009, 587337609
23363385531927, 857607751
23364243202460, 926890464
23365170155976, 570331435
23365740550092, 577266061
23366317879074, 590332674
23366908277267, 576553219
23367484894775, 574228378
23368059187848, 566490918
23368625743862, 585991296
23369211798138, 582704784
23369794565999, 853199821
23370647838873, 925561765
23371573558736, 589627455
23372163296224, 586030192
23372749441967, 581490333
23373330983825, 581122007
23373912156142, 582967622
23374495175606, 594830964
23375090057912, 583982001
23375674092861, 580670837
23376254813917, 838954537
23377093816965, 953221463
23378047090881, 571880567
23378619026257, 560452999
23379179530049, 576848227
23379756427413, 579647984
23380336127737, 579512825
23380915692839, 591088766
23381506833958, 583819078
23382090703793, 571934299
23382662693774, 867021253
23383529763963, 949578937
23384479394346, 589379622
23385068826275, 583243400
23385652120126, 589982464
23386242154733, 583553136
23386825759484, 597649259
23387423461505, 585092508
23388008646177, 602920193
23388611642704, 579182986
23389190877154, 879301308
23390070227136, 939549940
23391009829196, 582873203
23391592752855, 573312202
23392166115626, 576310329
23392742477628, 594913923
23393337444044, 589193454
23393926688847, 592739103
23394519477402, 599946750
23395119475291, 578406112
23395697932430, 851256874
23396549255255, 934029129
23397483356345, 592851661
23398076258282, 589504703
23398665812795, 578861876
23399244727323, 593590008
23399838370495, 591887234
23400430308868, 583880002
23401014240783, 600332949
23401614624704, 581944198
23402196619010, 847615508
23403044282463, 948459130
23403992799716, 583741711
23404576591922, 588516667
23405165158335, 583793792
23405749003405, 582376463
23406331430905, 607642670
23406939125581, 589155878
23407528331943, 597067443
23408125449809, 597279788
23408722784752, 873367596
23409596201994, 946422766
23410542674656, 594168584
23411136894477, 590287894
23411727231334, 590207154
23412317489229, 589642093
23412907181167, 586358966
23413493592285, 585145996
23414078788944, 599694258
23414678535121, 588479984
23415267066100, 859539503
23416126655150, 952697846
23417079404290, 591096742
23417670550415, 583117107
23418253718039, 597933069
23418851701830, 585071199
23419436824609, 582965087
23420019840571, 586667391
23420606558344, 609140577
23421215749097, 585626977
23421801428829, 879585401
23422681064417, 953204028
23423634319333, 576605889
23424210978024, 591609607
23424802638407, 597397361
23425400088151, 596416015
23425996556637, 581610424
23426578222726, 596266873
23427174539746, 586076037
23427760669189, 592324032
23428353045179, 862646989
23429215741809, 955737035
23430171530571, 610827285
23430782405677, 584859278
23431367317977, 597176853
23431964547698, 601120107
23432565718840, 587414311
23433153183746, 596833744
23433750068142, 610541554
23434360660604, 584980800
23434945693686, 859793660
23435805539297, 954088980
23436759680798, 616793272
23437376525307, 600533420
23437977111994, 603035181
23438580197571, 600586253
23439180835350, 594953941
23439775839509, 598329036
23440374221546, 584897111
23440959170054, 601269572
23441560491584, 851573973
23442412116923, 965808628
23443377976755, 606481057
23443984509185, 595781381
23444580342738, 594091650
23445174484946, 601214913
23445775750286, 602433645
23446378236481, 604726908
23446983014615, 592580394
23447575644501, 595702309
23448171400739, 849279616
23449020731347, 957897603
23449978682374, 609182179
23450587916006, 596806610
23451184775475, 613334904
23451798160350, 587736387
23452385946523, 597665152
23452983663453, 588433644
23453572147694, 583052741
23454155254853, 604163172
23454759470270, 889639738
23455649202991, 945468591
23456594775323, 607407141
23457202237987, 592057289
23457794336045, 596096477
23458390474520, 584862462
23458975378229, 594814721
23459570234190, 591745694
23460162023144, 603708829
23460765773491, 592471430
23461358284971, 861092844
23462219416107, 943018308
23463162472673, 611932043
23463774443553, 596068076
23464370551880, 594840716
23464965434672, 614516997
23465579992798, 603234248
23466183268200, 601094727
23466784405459, 591340313
23467375787791, 596921246
23467972748369, 866980659
23468839771220, 948440634
23469788251670, 602790550
23470391082710, 610720411
23471001842885, 594786545
23471596671717, 589572657
23472186286480, 604736586
23472791063746, 586325483
23473377430015, 599706096
23473977175954, 614473415
23474591689138, 878808652
23475470537223, 950198072
23476420775966, 608192612
23477029009624, 610493545
23477639548332, 605871143
23478245463032, 609165917
23478854669798, 611869616
23479466580298, 613854018
23480080472583, 587546221
23480668060027, 606112481
23481274212913, 907064868
23482181317224, 948050166
23483129409147, 609481550
23483738931665, 607890815
23484346860707, 603273517
23484950176120, 601702958
23485551921008, 618059029
23486170023222, 600252650
23486770317855, 595326453
23487365684709, 592257295
23487957982711, 900096706
23488858118499, 977119739
23489835277855, 598463507
23490433783273, 611242837
23491045066818, 606030437
23491651137429, 597913109
23492249092342, 611804558
23492860935509, 594663405
23493455638797, 616410759
23494072089442, 600756140
23494672885159, 898408242
23495571332960, 953591277
23496524965547, 610073387
23497135079398, 600495767
23497735615818, 600227690
23498335884370, 608160675
23498944087097, 622305341
23499566434222, 622019888
23500188494554, 593734736
23500782268959, 612427944
23501394737938, 1062557373
23502457347563, 996878940
23503454268749, 612377917
23504066687357, 606031025
23504672759710, 654403566
23505327204924, 615428527
23505942674447, 601093451
23506543811808, 638825730
23507182678419, 616196885
23507798915506, 613762015
23508412717672, 911956108
23509324714702, 963363748
23510288119283, 618366747
23510906526312, 609516688
23511516084874, 621667416
23512137795089, 623712315
23512761547943, 617129341
23513378717390, 614384051
23513993143567, 621860549
23514615044725, 604734521
23515219819934, 912850867
23516132710035, 973299735
23517106051528, 616697938
23517722788043, 608488325
23518331316269, 620305178
23518951663824, 614903834
23519566609346, 604478011
23520171126598, 610657956
23520781825586, 617704780
23521399570691, 615275382
23522014885636, 899394074
23522914319938, 972832642
23523887194213, 603172090
23524490406643, 617517229
23525107965315, 615366525
23525723373337, 608309424
23526331723311, 616886807
23526948651397, 624530134
23527573223312, 618332695
23528191597033, 605766949
23528797405790, 894407939
23529691864528, 966948152
23530658863637, 617533504
23531276438548, 618181770
23531894660569, 611078919
23532505779683, 622852956
23533128673849, 601831141
23533730548870, 617718368
23534348307881, 622800723
23534971150787, 618551325
23535589745017, 898974254
23536488759136, 973604122
23537462405683, 626142549
23538088589244, 617452375
23538706083268, 618518947
23539324642250, 600584665
23539925267666, 621227671
23540546537502, 623340062
23541169919592, 619005019
23541788967400, 616320463
23542405331773, 900105032
23543305475475, 974740566
23544280256463, 609557745
23544889854533, 600511217
23545490406992, 618693309
23546109142817, 628388683
23546737571331, 623432504
23547361044862, 606657064
23547967741244, 622232577
23548590013352, 621230770
23549211285793, 900465224
23550111790232, 978028373
23551089858895, 622963515
23551712862362, 618641042
23552331543333, 648633269
23552980217590, 613579980
23553593838044, 631786552
23554225665510, 615560079
23554841266447, 620093699
23555461400054, 637255542
23556098696013, 901452519
23557000189631, 970732096
23557970962424, 619843815
23558590849304, 631212766
23559222103863, 626624218
23559848769550, 614150012
23560462959331, 611757116
23561074761491, 630184649
23561704986313, 628324639
23562333353719, 633636406
23562967030355, 906456662
23563873528118, 973569952
23564847138100, 615890306
23565463070552, 633273364
23566096384930, 626511458
23566722939576, 634966861
23567357947723, 642007984
23567999997938, 631314455
23568631353565, 614868191
23569246263888, 618121733
23569864426055, 941099337
23570805567074, 980802003
23571786410908, 621546421
23572407998816, 629995251
23573038034703, 613546158
23573651623267, 635508924
23574287172279, 635925451
23574923140905, 633818676
23575556998792, 625389780
23576182431117, 620653225
23576803124782, 915026122
23577718190963, 987655461
23578705887136, 619838057
23579325768878, 630483413
23579956294167, 624438673
23580580772958, 635239892
23581216054160, 614070031
23581830166297, 628289877
23582458498954, 620646619
23583079187965, 621925573
23583701153418, 926701873
23584627893691, 976168292
23585604102427, 622342924
23586226487438, 624750351
23586851279867, 630838147
23587482160002, 633927392
23588116130172, 625714150
23588741884996, 631353591
23589373279980, 642830607
23590016152435, 619594207
23590635787886, 933587778
23591569416739, 995558748
23592565013743, 638911757
23593203967669, 630450110
23593834459008, 649719956
23594484219486, 621897902
23595106163511, 625962526
23595732167094, 627368108
23596359577326, 642207010
23597001826124, 616431530
23597618299468, 931685514
23598550024647, 975083576
23599525150010, 635680730
23600160872148, 632006419
23600792922736, 613953921
23601406916812, 636294764
23602043253065, 628453335
23602671749426, 624523294
23603296313400, 639484293
23603935838405, 636702892
23604572584332, 913546585
23605486172392, 991233343
23606477446425, 630962223
23607108451853, 633018866
23607741511349, 630001209
23608371554733, 629778949
23609001374150, 640339189
23609641754141, 646504206
23610288299888, 614599652
23610902942437, 646908096
23611549919884, 939886571
23612489845607, 992425446
23613482311804, 636641727
23614118993018, 632267544
23614751301156, 636056623
23615387397866, 647804149
23616035241588, 632716488
23616667998198, 645222624
23617313262973, 627199047
23617940502253, 634907975
23618575450649, 946591920
23619522084037, 984605926
23620506730590, 644580959
23621151351764, 639619080
23621791009773, 633409637
23622424460412, 634362608
23623058862077, 636511079
23623695412303, 625507676
23624320962081, 621815624
23624942816718, 648213625
23625591073380, 941359295
23626532472950, 978789867
23627511303298, 646892619
23628158234303, 632073712
23628790347364, 636559646
23629426947607, 624779730
23630051767322, 635741435
23630687547168, 635161927
23631322748967, 648219462
23631971009833, 642147703
23632613197906, 943459103
23633556696449, 991660525
23634548398255, 630931114
23635179371591, 628689051
23635808101713, 644253113
23636452396309, 634416499
23637086857908, 631633106
23637718564100, 636280817
23638354891187, 637554120
23638992484629, 626602032
23639619126325, 956433451
23640575615845, 989485580
23641565142852, 644969393
23642210152142, 634409662
23642844600054, 642874304
23643487517221, 633226520
23644120782738, 632114501
23644752937062, 636270442
23645389245258, 649592000
23646038878977, 634785061
23646673703665, 932387692
23647606130514, 990465407
23648596640218, 651997804
23649248679056, 637226390
23649885946060, 644694097
23650530679844, 641136442
23651171857085, 649620724
23651821519854, 623436835
23652444995778, 631321938
23653076358223, 647542366
23653723942986, 965914494
23654689900716, 977437458
23655667378965, 634095690
23656301515832, 641943211
23656943501877, 646251965
23657589800231, 645644874
23658235483988, 660087439
23658895611360, 653926784
23659549578500, 634205380
23660183826352, 643033413
23660826902492, 948298007
23661775239508, 978406920
23662753687023, 650869343
23663404597978, 637935758
23664042576747, 637276422
23664679895115, 634271440
23665314207415, 653260039
23665967508647, 620736168
23666588284735, 648413276
23667236740641, 644701059
23667881483843, 943065575
23668824588841, 1003686930
23669828316836, 654678759
23670483034945, 651239120
23671134314511, 636698801
23671771054943, 637334532
23672408431093, 627130314
23673035603418, 649992460
23673685636430, 643437292
23674329116115, 650345329
23674979502358, 963055709
23675942598434, 995826746
23676938466615, 643364880
23677581874578, 650560318
23678232478286, 648981749
23678881501766, 639584470
23679521131170, 633969275
23680155142963, 623735307
23680778919836, 645484877
23681424446893, 653499087
23682077988748, 941745068
23683019775136, 1008413412
23684028228674, 642117712
23684670384988, 642386841
23685312812448, 635663174
23685948517905, 663678771
23686612236775, 639752633
23687252044297, 651374058
23687903457767, 628863347
23688532362893, 658603336
23689191005642, 963247945
23690154292943, 991960423
23691146294783, 624168122
23691770504503, 630838870
23692401383803, 639663336
23693041088863, 641913746
23693683043411, 658595825
23694341680980, 647909411
23694989633451, 641267800
23695630944004, 656434181
23696287418212, 980453210
23697267916420, 1004162118
23698272121305, 633051800
23698905213412, 646342898
23699551596348, 644531545
23700196169367, 658359039
23700854569132, 636786511
23701491398246, 650697420
23702142136481, 639372588
23702781549881, 641621640
23703423214077, 956132611
-------------
--------->>>>0<<<<---------