---inserts---
14502464369430, 11372085139703
25874560771137, 3630355637
25878192062221, 2575992346
25880768187184, 3565623584
25884333920906, 2697579730
25887031622756, 1936591850
25888968325900, 1709438241
25890677873150, 1860498457
25892538478196, 1551229812
25894089819584, 2056530330
25896146449692, 3642963816
25899789568499, 1800257421
25901589949389, 999985026
25902590045761, 2209262751
25904799413267, 811062914
25905610591555, 1203807497
25906814501217, 967146705
25907781747488, 1138788407
25908920639000, 881131761
25909801873285, 1311084353
25911113050423, 1571418028
25912684568371, 1128954451
25913813621814, 954967670
25914768692218, 1399204741
25916168000132, 689497249
25916857630774, 689482784
25917547263059, 672138523
25918219491053, 873316669
25919092896584, 670190378
25919763178510, 1075113927
25920838388538, 1222595520
25922061082310, 652898376
25922714071900, 713633972
25923427792462, 668558608
25924096442329, 607596459
25924704128867, 668220732
25925372440221, 770578539
25926143107226, 616875343
25926760098499, 606533849
25927366751285, 962836893
25928329669388, 1089395131
25929419159680, 682402148
25930101649941, 596339997
25930698080976, 789932673
25931488107325, 623551678
25932111748164, 600585314
25932712421226, 623982437
25933336491159, 608893629
25933945478992, 1038959996
25934984523878, 983491898
25935968096131, 1047337444
25937015520344, 633464572
25937649072727, 644057378
25938293216463, 579225817
25938872533110, 629282358
25939501904635, 595745180
25940097738721, 607787839
25940705614588, 578368669
25941284085726, 629586797
25941913766523, 982149883
25942896020798, 1022019147
25943918139304, 596008782
25944514244504, 570126338
25945084472024, 625199976
25945709769138, 625676825
25946335547555, 608357203
25946944013594, 628622474
25947572731875, 598686719
25948171515608, 624188151
25948795800500, 855858384
25949651748191, 1027554338
25950679399576, 588216195
25951267711644, 614697876
25951882509859, 594447061
25952477057573, 603049895
25953080206022, 575528178
25953655834440, 587435266
25954243367767, 606715328
25954850182411, 589429664
25955439713717, 877714785
25956317522063, 985934787
25957303555963, 617548674
25957921208286, 583090139
25958504396847, 582388430
25959086881639, 590235541
25959677215693, 580840449
25960258158134, 571166361
25960829421366, 568733580
25961398254429, 601131659
25961999482989, 937450460
25962937022315, 1001385443
25963938505342, 583911960
25964522520993, 594522537
25965117141495, 637054285
25965754300957, 579406236
25966333809883, 570108412
25966904043651, 615100973
25967519247412, 601366104
25968120713299, 593144401
25968713953543, 822958277
25969537005274, 962436794
25970499541420, 559997664
25971059643413, 581215607
25971640954955, 574385627
25972215440218, 591461926
25972806998181, 567685377
25973374779573, 606132775
25973981008205, 582373958
25974563478137, 571198560
25975134801302, 937646308
25976072626826, 966409546
25977039141516, 576215892
25977615459122, 585673425
25978201235079, 578191012
25978779530273, 541601836
25979321262785, 581816091
25979903179725, 547449225
25980450725687, 581844455
25981032666560, 622434238
25981655197370, 795199717
25982450488097, 968798011
25983419384552, 563136286
25983982616635, 569921174
25984552636585, 574604397
25985127336925, 550656323
25985678111110, 562410503
25986240625131, 591858808
25986832607645, 570754465
25987403478333, 588141168
25987991726608, 930489038
25988922308648, 966027354
25989888431786, 597602587
25990486133836, 559473319
25991045705693, 579208885
25991625015378, 579165323
25992204280838, 561778334
25992766157738, 570613622
25993336868811, 566679942
25993903649490, 544563507
25994448312301, 946584352
25995394992314, 975472160
25996370569755, 577236994
25996947905593, 590253539
25997538262226, 564497683
25998102858673, 595275331
25998698235463, 567923698
25999266261002, 549796282
25999816156119, 574115507
26000390372707, 588578224
26000979049849, 931905884
26001911051050, 950663112
26002861811611, 556944829
26003418854917, 565209140
26003984160398, 585561240
26004569821888, 583361776
26005153291650, 595416775
26005748810425, 574977484
26006323890301, 578015912
26006902010944, 566739881
26007468853568, 821183094
26008290130178, 959941091
26009250168044, 574048063
26009824309262, 562468038
26010386876882, 569044704
26010956030122, 565008239
26011521139976, 546698149
26012067935745, 572098938
26012640136327, 562111865
26013202348191, 565784455
26013768231009, 824724391
26014593053543, 946345298
26015539499395, 573507487
26016113107291, 548322543
26016661527994, 565724350
26017227357005, 555380510
26017782839197, 577377123
26018360318695, 565595424
26018926016867, 562443719
26019488565329, 558555254
26020047219898, 801945509
26020849264347, 928662028
26021778027389, 563426783
26022341554427, 565869725
26022907524815, 556861528
26023464488168, 568183149
26024032780844, 543084523
26024575969382, 559847878
26025135916486, 568524712
26025704542409, 561716480
26026266358366, 930354845
26027196810735, 938210982
26028135120568, 572990098
26028708227395, 556129001
26029264458480, 552163821
26029816723966, 560762379
26030377586258, 565453356
26030943141516, 547614364
26031490860529, 556165249
26032047128173, 549934481
26032597162457, 811920419
26033409176926, 930372794
26034339648491, 550275780
26034890034781, 555240392
26035445375245, 561615561
26036007098526, 564942791
26036572144483, 553440053
26037125682450, 560769685
26037686554706, 542868903
26038229523814, 551275851
26038780897698, 792660341
26039573654118, 918266212
26040492031487, 561957407
26041054088751, 560648589
26041614836185, 563832130
26042178771982, 563502067
26042742376660, 553140707
26043295617838, 554952163
26043850668544, 555648496
26044406417982, 541821254
26044948337372, 801816183
26045750246852, 925070867
26046675418411, 555725870
26047231240311, 547931797
26047779271194, 557905653
26048337277264, 570216639
26048907592693, 560649541
26049468340273, 565940894
26050034382885, 543091930
26050577578480, 562242783
26051139936045, 928585121
26052068621979, 926664947
26052995387385, 576394368
26053571882990, 550276459
26054122259958, 568232899
26054690593629, 568787987
26055259481724, 550011668
26055809597230, 562914467
26056372610824, 571976155
26056944691154, 562972230
26057507769791, 820157886
26058328038463, 928757594
26059256899832, 554672454
26059811676408, 570191532
26060381973701, 552039994
26060934115799, 574386024
26061508602611, 566532217
26062075237501, 558197681
26062633537269, 548688825
26063182330554, 566543860
26063748970987, 798093067
26064547158802, 916147168
26065463411975, 563809592
26066027320317, 556787632
26066584211555, 550414926
26067134731441, 554139447
26067688983045, 562758219
26068252075457, 556199437
26068808389950, 580482482
26069388971596, 540056452
26069929132029, 803120140
26070732348286, 911821451
26071644280668, 560617586
26072205007338, 556676242
26072761782646, 561360559
26073323246249, 545886475
26073869233833, 553276786
26074422608377, 564813772
26074987521560, 551831082
26075539451153, 574333722
26076113885304, 808572338
26076922554714, 922277681
26077844934696, 564758841
26078409795661, 548706356
26078958603790, 564097441
26079522801378, 564436221
26080087336190, 578989668
26080666424212, 571733907
26081238256527, 549878684
26081788232307, 564360455
26082352689393, 816632444
26083169415364, 947266436
26084116782850, 569002262
26084685892449, 543287011
26085229278147, 570494385
26085799879351, 562016504
26086362000868, 568019409
26086930124144, 555577220
26087485802033, 572245245
26088058145822, 545276995
26088603520042, 808903778
26089412534913, 939024783
26090351686369, 548807055
26090900597114, 576557353
26091477254900, 551194405
26092028549742, 564366466
26092593015323, 565979833
26093159096545, 568649592
26093727848129, 546615614
26094274568730, 567529951
26094842199075, 949816381
26095792120634, 918263018
26096710482630, 561756444
26097272338075, 572030529
26097844472173, 569961854
26098414533126, 552100361
26098966734031, 567475046
26099534313004, 556218917
26100090653085, 568521624
26100659368691, 549303979
26101208763776, 820652980
26102029506445, 903004670
26102932601427, 561675530
26103494371125, 558705593
26104053168631, 565551394
26104618813820, 571696065
26105190601696, 568052887
26105758744959, 563398336
26106322238052, 571187667
26106893519205, 569796647
26107463406620, 810652497
26108274149905, 923630386
26109197873019, 565200650
26109763168644, 579616303
26110342878904, 562430102
26110905401252, 574079728
26111479572971, 547958948
26112027626943, 566597801
26112594327070, 564942979
26113159363797, 581072029
26113740527591, 820563025
26114561179240, 927915279
26115489191230, 578398253
26116067685102, 570487560
26116638271977, 561691948
26117200069836, 550863226
26117751030492, 578097808
26118329220278, 567635053
26118896947489, 584208132
26119481253178, 553566032
26120034913108, 823464628
26120858469414, 933750211
26121792311855, 560655504
26122353062632, 585662785
26122938818977, 567757061
26123506672340, 555823208
26124062591912, 566083205
26124628771013, 560049096
26125188914202, 556100936
26125745108208, 572897453
26126318100315, 814925430
26127133114592, 932172906
26128065382049, 549124073
26128614603572, 579318469
26129194024731, 559763967
26129753884917, 562065565
26130316054289, 576255211
26130892401802, 579408734
26131471904282, 556423754
26132028422796, 559979247
26132588495275, 826779304
26133415368810, 935224523
26134350688500, 587296973
26134938083171, 563480173
26135501656273, 578229291
26136079988460, 569463044
26136649543935, 565733262
26137215370077, 571884679
26137787362134, 577294723
26138364751631, 579872292
26138944719255, 822264638
26139767073361, 935754720
26140702919828, 567864738
26141270877781, 575055106
26141846025775, 563789457
26142409909046, 567445217
26142977448377, 552575411
26143530116899, 581636654
26144111845055, 566371574
26144678312178, 576374627
26145254840482, 840658262
26146095609502, 941383906
26147037107375, 574473828
26147611728268, 588425915
26148200311149, 570425861
26148770997781, 566304240
26149337462667, 577945276
26149915486451, 568219671
26150483770732, 561341420
26151045177941, 581333291
26151626577302, 968303948
26152594942636, 931405145
26153526417901, 570989389
26154097473930, 573891189
26154671433133, 584273352
26155255775075, 567043388
26155822899519, 581854408
26156404818692, 549174090
26156954057997, 555064502
26157509188438, 550059929
26158059312411, 819946306
26158879317807, 902274760
26159781658450, 557834861
26160339558542, 565371385
26160904996271, 557509307
26161462572180, 565033133
26162027669421, 564534945
26162592268933, 560592873
26163152925941, 553457978
26163706450083, 565737260
26164272252940, 935288243
26165207600419, 913752137
26166121417154, 562215904
26166683696468, 571132124
26167254891287, 562526056
26167817479076, 568873553
26168386417364, 553841508
26168940327249, 571873155
26169512263894, 564761182
26170077091498, 566753584
26170643907616, 809459987
26171453428191, 920654483
26172374148305, 573966255
26172948179730, 566266309
26173514510299, 562292487
26174076868505, 564704163
26174641637561, 562933576
26175204642906, 578824972
26175783533942, 557476284
26176341073825, 555154009
26176896292947, 836741989
26177733094885, 906078324
26178639236981, 574378681
26179213680764, 557941738
26179771687999, 564030173
26180335781852, 551016160
26180886870476, 551276029
26181438210122, 556900113
26181995176601, 565849972
26182561093197, 564928489
26183126087264, 821038713
26183947186541, 911830461
26184859079823, 562813528
26185421960373, 573782034
26185995804996, 549742903
26186545611562, 573153872
26187118830914, 551003145
26187669898162, 554525507
26188224489086, 555566528
26188780120385, 564408095
26189344593333, 818988107
26190163641811, 901954111
26191065660518, 572870707
26191638593873, 570198346
26192208856488, 560106786
26192769027650, 557651348
26193326747913, 559046274
26193885857686, 571123791
26194457052502, 564296063
26195021414174, 567742266
26195589220013, 829726651
26196419006347, 908339403
26197327408175, 576203075
26197903674263, 561457577
26198465194041, 575467056
26199040724342, 564599038
26199605385742, 577597517
26200183046674, 558790789
26200741900754, 567338171
26201309303268, 559257223
26201868622894, 829727824
26202698410331, 912949397
26203611423229, 566512565
26204177999476, 575235769
26204753301556, 549831890
26205303195952, 569316731
26205872577084, 568376212
26206441017404, 569479964
26207010558725, 571266793
26207581891295, 568773817
26208150729533, 838002867
26208988791428, 914047769
26209902900981, 564732541
26210467697495, 570360512
26211038121538, 571462239
26211609647587, 570925690
26212180637510, 566722592
26212747426106, 571334101
26213318823198, 563505003
26213882393192, 576405689
26214458863754, 830474258
26215289398824, 924842270
26216214307397, 575834800
26216790209781, 566631870
26217356907906, 567901837
26217924874290, 639109715
26218564074031, 562344482
26219126484304, 576882549
26219703432943, 568443727
26220271943005, 556549254
26220828558193, 838341716
26221666959249, 914497861
26222581518803, 572776031
26223154359458, 564308277
26223718734228, 577503635
26224296304577, 564901937
26224861272102, 560597229
26225421935601, 564473913
26225986475184, 572049882
26226558590409, 560125147
26227118779965, 830766423
26227949607018, 904044331
26228853755253, 575908403
26229429776634, 577302433
26230007187679, 569939414
26230577183741, 563268736
26231140507943, 573356771
26231713923054, 564551819
26232278530551, 568786100
26232847373516, 578390435
26233425821213, 836898485
26234262772536, 928307346
26235191138964, 582795881
26235773991436, 573336282
26236347384075, 588931831
26236936370871, 556231239
26237492658573, 583117545
26238075836336, 576621023
26238652513042, 579883120
26239232452772, 565745951
26239798254532, 831119183
26240629426545, 915362543
26241544845689, 573046825
26242117948756, 586181265
26242704183850, 585961007
26243290202240, 599580277
26243889838629, 571078427
26244460971994, 579173104
26245040242759, 574960467
26245615281679, 572092709
26246187428923, 833216667
26247020697218, 928122258
26247948872160, 578432676
26248527360937, 587749856
26249115167635, 583438136
26249698661106, 564571949
26250263286736, 589831343
26250853173387, 565721518
26251418949450, 587615005
26252006621145, 565423918
26252572101561, 850671429
26253422825906, 928462720
26254351345681, 578251438
26254929654765, 588429756
26255518138998, 588934272
26256107129267, 576528829
26256683713554, 583109106
26257266882114, 581775567
26257848713389, 582091389
26258430858426, 565622752
26258996535290, 831934117
26259828520899, 926973431
26260755549333, 577658603
26261333264100, 580796644
26261914115291, 572119656
26262486292534, 581784073
26263068131872, 578148020
26263646337848, 563333000
26264209724939, 563756635
26264773538308, 582122602
26265355717380, 848032081
26266203801680, 926245862
26267130107060, 593598151
26267723761808, 579945615
26268303763925, 591299139
26268895119419, 594449493
26269489625949, 574773970
26270064456126, 573081973
26270637596540, 585381965
26271223033605, 570141824
26271793233894, 862797163
26272656087165, 927812033
26273583955506, 579823225
26274163835074, 606452254
26274770346326, 582687451
26275353089397, 587371122
26275940516103, 590509000
26276531081425, 579966774
26277111105526, 586892128
26277698053247, 589760857
26278287868787, 837802187
26279125724915, 929487392
26280055270738, 582051272
26280637377298, 579476250
26281216911137, 595143429
26281812109151, 589381743
26282401546014, 575553770
26282977154582, 590120874
26283567331255, 578727367
26284146114507, 596318665
26284742489734, 856668087
26285599211020, 936713898
26286535982845, 580849607
26287116890165, 593710283
26287710655570, 581728714
26288292440901, 575548205
26288868062397, 581827075
26289449944785, 590437403
26290040435929, 584353161
26290624846206, 589219970
26291214121974, 849008986
26292063184992, 934493714
26292997735837, 592616903
26293590409387, 564783349
26294155248564, 608044695
26294763347484, 733724729
26295497128536, 588985120
26296086169460, 582456205
26296668686320, 585674665
26297254415832, 578558254
26297833029355, 869381238
26298702462153, 958305693
26299660823117, 588751625
26300249631116, 597192678
26300846880641, 584607232
26301431545204, 577964644
26302009566865, 592824518
26302602449770, 591527030
26303194032253, 600719727
26303794807541, 588947951
26304383814348, 861595790
26305245464846, 938845808
26306184368945, 584589561
26306769014222, 597984884
26307367056229, 586259036
26307953371882, 602739941
26308556167427, 595777324
26309152011888, 593918890
26309745987301, 587920637
26310333962749, 595217928
26310929249524, 863036088
26311792427725, 931424264
26312723986822, 600290541
26313324316964, 586910258
26313911267450, 577799733
26314489107246, 595781312
26315084927800, 592935138
26315677902803, 586430521
26316264372593, 591683695
26316856096206, 581916098
26317438054037, 856713850
26318294807117, 916414340
26319211261490, 581115753
26319792417569, 596365814
26320388823796, 600279045
26320989142443, 595397814
26321584582779, 601969655
26322186593658, 593386787
26322780038097, 591498754
26323371576867, 581534534
26323953149614, 873171130
26324826358523, 919598257
26325745996191, 600360393
26326346397718, 600754542
26326947193352, 589305778
26327536541491, 597077960
26328133659983, 588069798
26328721771524, 595114859
26329316928059, 606998586
26329923967741, 577397489
26330501405094, 900831235
26331402276245, 947973876
26332350292105, 595325023
26332945657263, 598186874
26333543884990, 596059426
26334139987943, 610491644
26334750520727, 580892230
26335331453143, 596304753
26335927796662, 588675573
26336516512307, 580824851
26337097378133, 882997972
26337980414941, 949236681
26338929689839, 589783211
26339519514948, 592891273
26340112446940, 596465296
26340708951962, 596991332
26341305983486, 593681443
26341899706884, 611581862
26342511328621, 584377843
26343095748670, 588563814
26343684352722, 880682500
26344565073933, 934003653
26345499117431, 616144737
26346115302892, 601767861
26346717110383, 596270766
26347313421016, 608571599
26347922033712, 597514827
26348519589074, 602185810
26349121823783, 593314019
26349715176970, 593170189
26350308389372, 879847323
26351188276085, 934835936
26352123151518, 601897585
26352725089980, 604222025
26353329352198, 585895311
26353915286934, 610660155
26354525989098, 606151667
26355132182600, 596942906
26355729166883, 607324034
26356336532454, 600861203
26356937436255, 892191795
26357829667987, 945386982
26358775096911, 604617742
26359379756675, 610078496
26359989876380, 593091474
26360583008995, 611899797
26361194949327, 601610659
26361796600169, 611575719
26362408227834, 591563777
26362999829842, 604083708
26363603953968, 877471689
26364481464564, 949430023
26365430935949, 612988454
26366043967268, 603608742
26366647616295, 595044375
26367242702399, 609315206
26367852059093, 586808085
26368438909723, 608272022
26369047223067, 609702290
26369656966633, 603154362
26370260163089, 889473419
26371149675859, 936539879
26372086256223, 603060797
26372689359280, 610710743
26373300110023, 618840032
26373918991423, 621039311
26374540070821, 600481448
26375140592705, 609442002
26375750074627, 607413189
26376357528487, 609168911
26376966737798, 882161147
26377848938746, 931807320
26378780788993, 599664072
26379380493961, 605231866
26379985765008, 601866944
26380587675888, 610722514
26381198438188, 588823432
26381787303061, 617330377
26382404672734, 590954040
26382995668800, 609598445
26383605307025, 904495616
26384509840784, 946190551
26385456071421, 606045536
26386062159578, 612882335
26386675085010, 602748963
26387277874956, 596647436
26387874563525, 607987453
26388482592012, 607299538
26389089934942, 618728749
26389708704399, 619582735
26390328327138, 908644289
26391237009892, 982813259
26392219864014, 613286153
26392833192311, 624291258
26393457524349, 618524216
26394076092204, 635516706
26394711654059, 629180663
26395340876063, 614496103
26395955414420, 618403436
26396573859891, 618023627
26397191924875, 921580586
26398113547718, 986055899
26399099643304, 614704515
26399714391765, 603390785
26400317821255, 612289352
26400930150581, 609906958
26401540099275, 620234294
26402160375194, 632259044
26402792675455, 616487635
26403409204845, 611080957
26404020326450, 913492364
26404933857403, 944757710
26405878655165, 616537778
26406495232829, 621401602
26407116673907, 603072946
26407719790481, 592441439
26408312274415, 612326653
26408924641509, 611521026
26409536202309, 609271570
26410145514415, 615674969
26410761229107, 914197682
26411675466677, 957434298
26412632941464, 621745240
26413254728386, 611086342
26413865854112, 618402383
26414484294852, 622616892
26415106951307, 623001205
26415729991336, 616338614
26416346370349, 600710777
26416947120400, 605398612
26417552559138, 918696455
26418471294359, 968314329
26419439650242, 635509132
26420075198989, 614179023
26420689419341, 615382872
26421304845789, 617602402
26421922489261, 602643282
26422525173200, 630386340
26423155600172, 603484920
26423759125744, 621882431
26424381051015, 925353062
26425306443046, 951137026
26426257621745, 613771650
26426871436550, 625695635
26427497171903, 618735339
26428115948155, 626047417
26428742037095, 641892247
26429383970259, 623788218
26430007799508, 623046438
26430630887343, 616483032
26431247411683, 899032334
26432146482166, 971326564
26433117847741, 637607226
26433755494635, 618348849
26434373886020, 612117481
26434986043847, 618542400
26435604627551, 620046202
26436224716040, 625784151
26436850541061, 603786202
26437454368198, 632009817
26438086418207, 916759414
26439003217418, 967633916
26439970892037, 625074248
26440596023989, 633846909
26441229912045, 620992090
26441850945861, 629051678
26442480049730, 624328366
26443104420129, 605089750
26443709549366, 637187219
26444346776457, 613319458
26444960136237, 917128492
26445877303485, 978284921
26446855629362, 630672118
26447486342642, 619357328
26448105741265, 631258591
26448737043826, 617764339
26449354849037, 620459637
26449975349528, 632482619
26450607873024, 624377101
26451232289992, 622666166
26451854997032, 918264768
26452773300572, 976866628
26453750209327, 629302525
26454379552512, 620388595
26454999980784, 622984741
26455623005759, 625380096
26456248427454, 610419677
26456858888301, 623810394
26457482739580, 630676420
26458113456771, 620581868
26458734079149, 923001356
26459657119299, 964952313
26460622111218, 627680844
26461249833981, 628115062
26461877991958, 629217738
26462507252050, 618748181
26463126042525, 631347467
26463757432131, 615549710
26464373022169, 615050698
26464988115209, 645264663
26465633420594, 914593578
26466548052707, 967138406
26467515231943, 634768090
26468150042326, 631087538
26468781171920, 623785772
26469404998014, 639729259
26470044767953, 630628201
26470675436394, 633747928
26471309225108, 614769052
26471924044356, 623521948
26472547605003, 927959861
26473475602430, 975064340
26474450707261, 637685474
26475088432649, 619947072
26475708420526, 627503414
26476335965745, 633494690
26476969502746, 633800527
26477603346128, 628368225
26478231755233, 632232784
26478864048119, 624056450
26479488143349, 934307165
26480422487516, 970272034
26481392801158, 643264235
26482036105589, 628813063
26482664963458, 633394054
26483298399563, 636395355
26483934835499, 621929065
26484556806525, 642516216
26485199361214, 617765970
26485817167878, 636797633
26486454005937, 942464972
26487396510779, 987680813
26488384233016, 631851797
26489016125992, 635896541
26489652063568, 628882996
26490280986491, 610302348
26490891328673, 626107181
26491517477163, 629062499
26492146581032, 621648781
26492768271364, 630192822
26493398505631, 930392579
26494328956387, 953136338
26495282136345, 635886622
26495918066119, 637070950
26496555179396, 634824479
26497190047017, 646477262
26497836565713, 647178549
26498483786705, 646468125
26499130295810, 632428152
26499762765660, 626787494
26500389594762, 936261830
26501325893715, 970371574
26502296305206, 635461176
26502931807547, 640287084
26503572134201, 639811791
26504211985588, 626430596
26504838456900, 638891363
26505477387797, 623073895
26506100501396, 626513238
26506727055741, 646433040
26507373529298, 930097380
26508303666255, 990707496
26509294416476, 639586954
26509934043992, 641176523
26510575260513, 633888115
26511209192929, 642349877
26511851583242, 629267127
26512480889634, 636838967
26513117770654, 644138584
26513761947911, 635564492
26514397551933, 1090168661
26515487760257, 973595619
26516461396904, 644365918
26517105804822, 633089538
26517738935175, 653144053
26518392119395, 647990564
26519040150805, 627542757
26519667734099, 659496790
26520327269160, 619868504
26520947179365, 649598520
26521596816473, 935797668
26522532652974, 993234084
26523525927627, 633500789
26524159469244, 645699292
26524805207825, 633703302
26525438952287, 642331918
26526081324441, 628634351
26526710000720, 624510190
26527334549985, 641053699
26527975644721, 625886810
26528601573166, 940011008
26529541622342, 978905416
26530520568758, 654656077
26531175265641, 643473831
26531818780388, 645562302
26532464383121, 654255176
26533118679420, 643227953
26533761948971, 659220699
26534421211331, 633214749
26535054468021, 654248795
26535708758110, 964120065
26536672916562, 1000050437
26537673008794, 638800276
26538311851606, 644054949
26538955948436, 645853433
26539601846566, 641103560
26540242993417, 626131389
26540869166157, 666718703
26541535926880, 626942748
26542162913503, 650838990
26542813795331, 947540402
26543761373076, 992489231
26544753902170, 640754609
26545394697857, 648307624
26546043045644, 642134007
26546685221342, 649523657
26547334786123, 646026869
26547980852935, 632467383
26548613361905, 650575975
26549263979417, 645166406
26549909185497, 963680744
26550872902901, 995113685
26551868055634, 655690045
26552523785182, 643795479
26553167622126, 650487222
26553818150099, 647701120
26554465892677, 650660143
26555116594232, 646274615
26555762909453, 650629483
26556413580808, 648216941
26557061838962, 955923961
-------------
--------->>>>0<<<<---------