---inserts---
6101191213130, 19012190399
6120214997086, 3701167764
6123916319560, 2768529345
6126684984596, 3340533259
6130025643791, 2638225463
6132664014842, 1875518908
6134539667853, 1271040804
6135810828053, 1701964732
6137512903607, 1517389230
6139030407823, 2664608800
6141695116173, 2617928083
6144313159552, 1844546541
6146157833130, 1495543362
6147653488160, 1564914142
6149218506905, 1582512485
6150801123036, 1005419735
6151806649535, 1721128068
6153527879137, 1113402396
6154641382113, 744773022
6155386261077, 1182911168
6156569267524, 1493700014
6158063069875, 1255448315
6159318618572, 738028037
6160056753273, 732769551
6160789632655, 874192150
6161663945755, 700409378
6162364512241, 664774666
6163029391030, 654823671
6163684317746, 688001508
6164372421484, 1059457069
6165431973663, 1675678274
6167107752412, 981106829
6168088960062, 1167478118
6169256536980, 607739516
6169864383647, 666341645
6170530829693, 667944333
6171198906511, 606895948
6171805920123, 684571449
6172490628527, 641705851
6173132473259, 1016945605
6174149509055, 1329645595
6175479247180, 628950297
6176108290181, 616986190
6176725368676, 635560195
6177361020136, 612862397
6177973981110, 615393758
6178589466408, 642165357
6179231724253, 612481014
6179844295965, 612597050
6180456983642, 1013797592
6181470871187, 1054738392
6182525700535, 577262048
6183103057141, 575821772
6183678975697, 646511016
6184325582830, 637479699
6184963154253, 565238728
6185528487644, 632847136
6186161426203, 585650506
6186747170160, 570681663
6187317942195, 864184033
6188182209675, 1012949361
6189195253384, 567288555
6189762639645, 582706881
6190345439471, 592569980
6190938102821, 592819674
6191531013328, 547895806
6192079003408, 576329186
6192655424377, 577894576
6193233412767, 630188811
6193863695085, 974230794
6194838013875, 983940551
6195822051388, 609110488
6196431255259, 607519169
6197038867829, 581413575
6197620374967, 600289939
6198220759384, 592513046
6198813362559, 564595758
6199378051749, 583564239
6199961709639, 577016066
6200538818215, 786283605
6201325190313, 990768687
6202316063735, 638901000
6202955054694, 579827956
6203534972269, 571357468
6204106420638, 555380869
6204661892675, 580079542
6205242064915, 573032733
6205815187975, 570225404
6206385505835, 587643542
6206973239784, 822801478
6207796129093, 984522975
6208780742675, 567431341
6209348263842, 577033194
6209925388565, 595708085
6210521188776, 610943559
6211132236885, 589513286
6211721954344, 559252680
6212281299757, 552491640
6212833884299, 574350433
6213408328565, 967023482
6214375437222, 962478424
6215338005994, 588726767
6215926830872, 573238940
6216500160274, 585531218
6217085781460, 556307753
6217642183722, 587359305
6218229636625, 555911270
6218785636639, 584301344
6219370027905, 600257836
6219970397992, 786944405
6220757496379, 944051145
6221701640696, 569292990
6222271031965, 584515588
6222855644268, 580632808
6223436372513, 564594701
6224001080711, 606270440
6224607444844, 550182802
6225157718159, 602604610
6225760413443, 574019182
6226334524543, 798300538
6227132910515, 1003919841
6228136922217, 566668649
6228703680495, 556312136
6229260103364, 560852275
6229821064111, 570670907
6230391829273, 570445351
6230962367999, 583352321
6231545823942, 568607165
6232114542149, 568538606
6232683175116, 945914959
6233629174672, 964248973
6234593514651, 551137784
6235144745078, 562548286
6235707384537, 576842899
6236284318200, 578514210
6236862922973, 563794555
6237426809539, 561102169
6237988016782, 557325765
6238545434157, 567399862
6239112924520, 968590537
6240081603046, 918522504
6241000222162, 562234889
6241562549380, 567034990
6242129677277, 564697258
6242694466585, 560797521
6243255356681, 554343382
6243809795253, 570078211
6244379965895, 553878107
6244933935536, 554038637
6245488080342, 920088103
6246408254751, 930090531
6247338436445, 560500914
6247899031240, 573636717
6248472762502, 566749819
6249039604733, 549482120
6249589175957, 565196582
6250154463922, 574231608
6250728802094, 567903424
6251296803807, 555730029
6251852625121, 807119207
6252659831307, 942446523
6253602368909, 585922931
6254188384379, 559969465
6254748441876, 572841752
6255321376034, 561051206
6255882519936, 575393497
6256458005070, 576667409
6257034765931, 564516808
6257599375638, 556968882
6258156436850, 946065351
6259102592191, 970358882
6260073043136, 540216322
6260613355548, 566959216
6261180407979, 556242168
6261736741494, 564767499
6262301601839, 577773680
6262879469092, 563439353
6263442998552, 551501876
6263994590870, 554018547
6264548699233, 939016356
6265487802361, 925837144
6266413730838, 550253018
6266964091974, 565774642
6267529957527, 556890176
6268086940559, 551461774
6268638492829, 561859474
6269200443975, 560438330
6269760973817, 551356723
6270312422354, 550849169
6270863366467, 799976993
6271663434842, 911910279
6272575439261, 537022542
6273112567077, 562950826
6273675610717, 554690637
6274230392728, 540818209
6274771309186, 536525123
6275307932520, 547974172
6275856015574, 542720359
6276398826881, 566204237
6276965122946, 800447296
6277765658480, 903672619
6278669420502, 567528310
6279237038910, 544293709
6279781423306, 551452160
6280332970240, 548045058
6280881107289, 548412991
6281429617634, 577664129
6282007375100, 557239264
6282564706878, 537598111
6283102394128, 803007088
6283905489973, 920097126
6284825678790, 553799042
6285379567214, 551066663
6285930726637, 553376183
6286484193441, 577214509
6287061499272, 557120318
6287618712519, 544487934
6288163292923, 547134824
6288710520261, 558345099
6289268956144, 791369026
6290060416458, 914288518
6290974798795, 554795875
6291529684280, 554958887
6292084738400, 551043753
6292635872700, 545634333
6293181599163, 554788416
6293736480213, 555110166
6294291681784, 542435433
6294834209538, 562029370
6295396330021, 922890868
6296319314828, 914764836
6297234172240, 561860721
6297796127764, 555372561
6298351590078, 563973593
6298915655733, 551338721
6299467087312, 558731506
6300025913234, 565992437
6300592020703, 559037745
6301151152735, 542834260
6301694079276, 787964817
6302482133609, 924239033
6303406465531, 553045350
6303959605532, 552275510
6304511977647, 548598117
6305060670912, 553172286
6305613938996, 560600395
6306174633779, 557209824
6306731936374, 549682968
6307281713580, 552372520
6307834177967, 944102287
6308778369390, 923423724
6309701892241, 552133585
6310254119276, 556016415
6310810232385, 567204433
6311377534606, 566089534
6311943729600, 546754359
6312490702388, 552355283
6313043163292, 554543716
6313597800624, 566260932
6314164153975, 827046997
6314991288016, 917211709
6315908592472, 558541639
6316467233441, 567334327
6317034662642, 557601129
6317592358093, 563781182
6318156234592, 558892395
6318715221095, 567056314
6319282369893, 548195582
6319830657516, 540018485
6320370765658, 932691433
6321303544087, 903695238
6322207333554, 559459980
6322766886409, 557551455
6323324528542, 549725394
6323874346266, 543202056
6324417639709, 572974276
6324990707243, 543667594
6325534465624, 559559932
6326094119260, 559296057
6326653508053, 819517713
6327473113794, 911189006
6328384395194, 555822115
6328940311148, 553276990
6329493679949, 552529469
6330046322337, 561008152
6330607431358, 560257515
6331167779546, 559033690
6331726908010, 552031728
6332279032430, 549972599
6332829096262, 810185407
6333639367726, 912996568
6334552457940, 546171482
6335098721271, 563784457
6335662598225, 548684994
6336211374124, 554473126
6336765939403, 549657124
6337315688995, 544599805
6337860381358, 564724100
6338425195434, 543639801
6338968925469, 797325008
6339766337623, 910045302
6340676473134, 562180372
6341238745631, 557229590
6341796078697, 555653274
6342351824817, 540296918
6342892213552, 547235981
6343439543409, 555050222
6343994710214, 543041421
6344538004401, 559688037
6345097795458, 808466890
6345906334128, 914788422
6346821198494, 554939063
6347376213155, 553209725
6347929497906, 557389660
6348486963216, 558364091
6349045402551, 565793190
6349611273099, 552776550
6350164125396, 551595982
6350715797974, 560724833
6351276599085, 822235961
6352098908904, 918166415
6353017150777, 559110717
6353576337805, 557955819
6354134368062, 588527185
6354722971134, 558107349
6355281152924, 562766852
6355843996263, 554228577
6356398300678, 549469660
6356947845894, 582399488
6357530321545, 835717596
6358366114772, 924449044
6359290639377, 564784008
6359855499442, 568758174
6360424338692, 571994870
6360996411309, 560962919
6361557448391, 561724852
6362119252438, 585172060
6362704500567, 568888429
6363273467210, 550854445
6363824399202, 806973473
6364631447152, 919365101
6365550885964, 566373766
6366117334342, 550628239
6366668056026, 564109603
6367232242001, 547906158
6367780224881, 564195234
6368344500036, 561439241
6368906014347, 568383591
6369474473306, 571218684
6370045768114, 824501850
6370870343959, 908991563
6371779414373, 560385118
6372339874556, 557326529
6372897276441, 562039491
6373459392551, 561878595
6374021346993, 555646553
6374577070895, 569473127
6375146620899, 559577348
6375706274867, 566714961
6376273065361, 807011966
6377080149832, 917164841
6377997389197, 574036104
6378571502438, 560035975
6379131615842, 559262260
6379690955246, 558791991
6380249824473, 564372298
6380814272571, 557299388
6381371647473, 571577421
6381943301829, 559748493
6382503126914, 801855900
6383305055424, 931333658
6384236466674, 565668352
6384802211429, 566040486
6385368327951, 569157705
6385937561430, 569318686
6386506956851, 572483255
6387079513320, 549708927
6387629296712, 566898197
6388196269328, 549485862
6388745845397, 829270460
6389575209096, 931652471
6390506960430, 561515579
6391068604390, 565320269
6391634037951, 579133738
6392213307903, 560646316
6392774029181, 547585679
6393321685739, 547385365
6393869139873, 561821492
6394431031746, 580694252
6395011796915, 804894631
6395816757672, 914109824
6396730938079, 572976097
6397303981706, 580938385
6397884991584, 554085597
6398439151233, 559077792
6398998298013, 558229197
6399556596291, 576047834
6400132712838, 569606948
6400702388391, 559148812
6401261608748, 822378332
6402084062066, 933842639
6403017974945, 564379010
6403582424637, 559194334
6404141687421, 568761081
6404710521694, 569752262
6405280344008, 573911212
6405854325008, 562496538
6406416896237, 563715881
6406980680650, 558476946
6407539226082, 848070076
6408387364940, 919402085
6409306838547, 571691694
6409878601143, 570692351
6410449363893, 578509962
6411027945482, 574315157
6411602330296, 550416755
6412152816155, 567076980
6412719962949, 573718740
6413293754351, 584685292
6413878508000, 821921503
6414700498678, 921108735
6415621680664, 570779889
6416192530059, 570087301
6416762692419, 563770844
6417326534762, 572683527
6417899287929, 567666510
6418467025039, 559136086
6419026229856, 568949827
6419595248194, 564637452
6420159953630, 815591342
6420975612095, 924705858
6421900387157, 566291518
6422466748491, 570419336
6423037237559, 565234939
6423602543298, 561524068
6424164140971, 565155261
6424729365315, 566432809
6425295868385, 572635597
6425868573909, 572736030
6426441380501, 831915461
6427273364596, 909254646
6428182689634, 556991844
6428739753100, 568329262
6429308152974, 578368861
6429886592390, 569375836
6430456064613, 575778116
6431031914215, 553410443
6431585393243, 559515287
6432144981707, 569529275
6432714580681, 835846501
6433550494539, 924018332
6434474583526, 582577571
6435057231616, 558450156
6435615751700, 569160777
6436184984941, 557175242
6436742229987, 569968841
6437312283842, 577573780
6437889928054, 580794337
6438470795439, 557147670
6439028032059, 815057318
6439843156876, 924606951
6440767832272, 577445515
6441345346038, 570889108
6441916307776, 576872552
6442493252128, 569684306
6443063006072, 579076825
6443642154007, 563028097
6444205251668, 568163296
6444773484460, 578101892
6445351658940, 974413638
6446326143254, 912024190
6447238236533, 565581867
6447803890758, 572073187
6448376047663, 604341443
6448980460323, 570668174
6449551197163, 574727880
6450125993461, 577297431
6450703362547, 585095560
6451288569667, 575615388
6451864252330, 828992568
6452693312097, 920554793
6453613938157, 585849532
6454199858678, 574574721
6454774503100, 572891424
6455347464998, 569278086
6455916814409, 576740761
6456493626337, 600572995
6457094269737, 568580909
6457662921450, 565366289
6458228361321, 842219764
6459070649511, 931317921
6460002043232, 566046570
6460568165507, 558675095
6461126913420, 574149840
6461701137219, 593058286
6462294269049, 579328782
6462873672207, 560168873
6463433914301, 565839390
6463999828884, 550236230
6464550135281, 840145715
6465390353239, 931082877
6466321512641, 566089774
6466887678973, 595501046
6467483252773, 595279315
6468078611796, 598920945
6468677606602, 584706851
6469262388926, 595257990
6469857723885, 572029844
6470429827176, 576164492
6471006065761, 836625331
6471842761091, 910846810
6472753798068, 592765497
6473346780274, 578933075
6473925862322, 575334561
6474501249586, 570669786
6475071970200, 621112448
6475693137668, 581726269
6476274915861, 583425683
6476858393822, 567512023
6477425957388, 854073022
6478280081267, 932258960
6479212393051, 580735191
6479793181657, 581465191
6480374699572, 576125065
6480950878087, 587273968
6481538201360, 576321930
6482114579840, 564753632
6482679388617, 561648264
6483241088583, 577672184
6483818813923, 821903299
6484640767079, 912810397
6485553629257, 573302273
6486126984630, 593427826
6486720464983, 581851262
6487302369336, 574847298
6487877267328, 576186872
6488453505883, 569353967
6489022973128, 587586754
6489610639621, 571813832
6490182502427, 836757125
6491019305216, 923252140
6491942604521, 584539411
6492527193692, 575698285
6493102939405, 567068211
6493670056072, 579383799
6494249489109, 587842490
6494837380743, 584138904
6495421571269, 584685603
6496006309051, 571798266
6496578156997, 841289887
6497419511509, 927052463
6498346631210, 578801600
6498925481308, 571115883
6499496645918, 588704468
6500085396714, 579616734
6500665061439, 579666367
6501244775846, 585423028
6501830248606, 591331147
6502421627191, 578247347
6502999922732, 844684071
6503844651576, 915105390
6504759807209, 584948926
6505344803840, 581971234
6505926822147, 569375253
6506496247116, 588664688
6507084961227, 569685574
6507654696840, 570675802
6508225419373, 586963007
6508812429826, 579969383
6509392448928, 836709462
6510229204681, 942633111
6511171887367, 577203081
6511749138883, 572304491
6512321493341, 586045512
6512907590884, 597067456
6513504706426, 565934552
6514070691757, 574192633
6514644933745, 564610867
6515209593057, 583067373
6515792709253, 863852694
6516656607476, 921579404
6517578236371, 568515985
6518146801317, 597934573
6518744782993, 573257868
6519318091298, 573204447
6519891345099, 575336754
6520466732153, 580668358
6521047450766, 580346292
6521627848458, 576714782
6522204611791, 858113501
6523062772952, 918695833
6523981518165, 588908491
6524570476579, 590710851
6525161238135, 586847722
6525748136342, 582866148
6526331053002, 592718561
6526923820079, 590750312
6527514623933, 591665130
6528106338699, 581705239
6528688094230, 864562461
6529552706571, 924605649
6530477361359, 588040903
6531065452562, 589650656
6531655152981, 586882901
6532242083169, 575834826
6532817966775, 580527370
6533398544309, 581847796
6533980442091, 580609424
6534561099332, 586642477
6535147789457, 865811859
6536013647976, 939248806
6536952959315, 574766778
6537527776083, 599389928
6538127215677, 590664734
6538717929454, 587322539
6539305300972, 576724126
6539882074476, 575960335
6540458083753, 586703384
6541044837142, 582706266
6541627591703, 847606886
6542475242658, 942363414
6543417653112, 585211671
6544002912192, 588191137
6544591151669, 582921976
6545174122163, 594426175
6545768598609, 591478067
6546360126481, 583121867
6546943297517, 596401796
6547539749284, 580208727
6548120024907, 862062812
6548982132446, 929913302
6549912095502, 579682094
6550491825843, 592033975
6551083909667, 577589925
6551661549021, 591556309
6552253152720, 583693521
6552836895538, 576982859
6553413927557, 599168000
6554013146604, 610095011
6554623318846, 886015690
6555509501243, 940024315
6556449622273, 611687677
6557061351977, 593506942
6557654900736, 602783751
6558257725761, 592241255
6558850006753, 582060921
6559432107927, 597090673
6560029239417, 582861051
6560612140782, 585154611
6561197335781, 857041710
6562054417308, 951089374
6563005547199, 606367064
6563611955421, 585564120
6564197560038, 581843960
6564779444694, 606525983
6565386010864, 575602352
6565961654480, 592202483
6566553897964, 590988675
6567144928622, 616918683
6567761887482, 863259067
6568625187131, 927723973
6569552950546, 597023808
6570150015240, 609435346
6570759493622, 589554912
6571349087780, 596366357
6571945494478, 587211947
6572532746990, 606412915
6573139201437, 591211496
6573730453086, 596322036
6574326815698, 886812938
6575213667459, 962603642
6576176312039, 596666192
6576773020195, 590424545
6577363485371, 593164804
6577956692020, 596442090
6578553175616, 598721320
6579151939498, 590874532
6579742853707, 583133796
6580326026586, 578367005
6580904432824, 881438526
6581785911478, 938572675
6582724525628, 590852072
6583315417583, 593630551
6583909088292, 610717618
6584519849442, 599139730
6585119028857, 594021554
6585713093192, 598841397
6586311977053, 618510688
6586930529117, 585164870
6587515735641, 895871124
6588411646071, 946686642
6589358374596, 613247792
6589971662381, 599027635
6590570731303, 599438150
6591170210905, 595406184
6591765656492, 599842415
6592365538949, 592483164
6592958064592, 597986719
6593556092525, 594029780
6594150161267, 896851152
6595047050337, 945068486
6595992163811, 603680737
6596595887506, 616539240
6597212467783, 612699387
6597825211863, 618967553
6598444221686, 604634103
6599048896938, 602318985
6599651256650, 596761599
6600248059424, 611800312
6600859902436, 854679534
6601714620869, 939826712
6602654486709, 597340800
6603251868751, 582213128
6603834120879, 606089617
6604440252044, 610384541
6605050678578, 586372503
6605637091909, 612708408
6606249840373, 581051466
6606830933587, 597766983
6607428745147, 869650222
6608298435767, 950586441
6609249062232, 588001215
6609837104479, 599686656
6610436831091, 584001749
6611020872494, 603082733
6611623996322, 603003850
6612227041279, 602272589
6612829354357, 602416429
6613431811179, 598780628
6614030631891, 885034767
6614915705002, 955455616
6615871200443, 610787876
6616482031525, 626815567
6617108889571, 613027107
6617721958481, 591620439
6618313620569, 600806817
6618914468866, 607457223
6619521966154, 616452005
6620138460821, 588760598
6620727262697, 885179715
6621612482198, 940037746
6622552560267, 596130992
6623148732407, 598819392
6623747592253, 604919140
6624352552035, 597514003
6624950106621, 595807715
6625545955971, 613888372
6626159883959, 608533571
6626768458519, 601674864
6627370173536, 903231992
6628273443051, 959123468
6629232605528, 595684995
6629828335216, 604122299
6630432498926, 631804537
6631064343772, 596091294
6631660476675, 611756463
6632272274302, 606135988
6632878450411, 611567452
6633490058801, 604602612
6634094701998, 883085881
6634977826690, 953803173
6635931670799, 620603743
6636552314978, 606600346
6637158956105, 603875806
6637762872663, 609494862
6638372407129, 621426969
6638993875550, 596158400
6639590073612, 611441817
6640201557869, 594014860
6640795613833, 893651760
6641689303871, 943768339
6642633116536, 617599933
6643250757438, 608420998
6643859217726, 601963151
6644461221051, 599413287
6645060674902, 615984398
6645676702362, 628851325
6646305596185, 601309979
6646906947868, 634722716
6647541714685, 886654232
6648428408006, 948052787
6649376499358, 613585358
6649990124933, 605309077
6650595474265, 611500122
6651207016074, 606511521
6651813568567, 602515222
6652416124004, 602296642
6653018462040, 608289801
6653626793036, 593971624
6654220805783, 888141460
6655108987049, 959395788
6656068423815, 613195374
6656681660601, 599978485
6657281678755, 615452521
6657897174512, 618170391
6658515388025, 606732173
6659122160731, 613952719
6659736155483, 596587292
6660332785285, 607359995
6660940188195, 909677705
6661849904812, 967636345
6662817582573, 626882763
6663444506688, 631114153
6664075662255, 616814522
6664692516815, 628319627
6665320877335, 614364855
6665935283125, 617197167
6666552521232, 625839149
6667178403234, 600332612
6667778776879, 898794410
6668677610731, 974546087
6669652196768, 612789361
6670265026563, 614868560
6670879935955, 612820513
6671492796573, 615391111
6672108227837, 612081814
6672720350147, 606804175
6673327194813, 607447887
6673934683807, 628603167
6674563333470, 939474820
6675502849300, 967311758
6676470204801, 624101658
6677094347676, 622412020
6677716804507, 631027419
6678347872914, 622647418
6678970561473, 620056225
6679590657586, 614154199
6680204852424, 615832308
6680820726993, 635857363
6681456626841, 902217130
6682358883391, 969796218
6683328719462, 613789305
6683942550151, 618297814
6684560888107, 620162329
6685181091410, 605072880
6685786204599, 625829873
6686412076434, 624325033
6687036441825, 622397043
6687658880162, 615299085
6688274221999, 930270018
6689204531277, 970158999
6690174730892, 624295998
6690799067395, 630864857
6691429974378, 630964408
6692060985400, 625640154
6692686667311, 632968017
6693319677615, 600875564
6693920595939, 624873658
6694545514775, 622443583
6695168000113, 911331216
6696079368792, 981129751
6697060537906, 623309464
6697683889035, 632673162
6698316603858, 611816611
6698928460859, 620797516
6699549299269, 617953376
6700167293385, 621174067
6700788506079, 621886120
6701410430949, 608441374
6702018912970, 915533055
6702934484966, 959871621
6703894395776, 601578386
6704496034098, 627648699
6705123722952, 656668466
6705780434167, 629833021
6706410306467, 631248728
6707041597342, 615485818
6707657124304, 624186307
6708281352431, 616760981
6708898157901, 927114434
6709825310519, 981164359
6710806515108, 627438438
6711433994126, 625161351
6712059195397, 629373280
6712688609476, 619777118
6713308425999, 623500467
6713931966885, 641683737
6714573691800, 622248991
6715195982899, 630776823
6715826800158, 950962278
6716777800578, 975602652
6717753443403, 630737007
6718384220565, 640328707
6719024591934, 633645389
6719658279932, 624410789
6720282732237, 636968563
6720919742553, 626439522
6721546222141, 624850108
6722171113187, 617982309
6722789136877, 924133083
6723713310718, 969815077
6724683166639, 644927055
6725328133607, 638178172
6725966352356, 631441366
6726597835644, 618543403
6727216417592, 645502252
6727861961657, 632526507
6728494531856, 623694253
6729118266754, 631778055
6729750085772, 941089128
6730691217027, 968874468
6731660130837, 639090050
6732299262081, 632049081
6732931352256, 649715343
6733581108664, 630916134
6734212065639, 628966909
6734841073438, 643939905
6735485054454, 653691857
6736138789566, 627774349
6736766608326, 947215349
6737713879539, 977098743
6738691019173, 644479423
6739335540039, 630039829
6739965620203, 621232681
6740586892737, 630318720
6741217252008, 642996903
6741860289071, 634928546
6742495257123, 627980243
6743123280144, 634196053
6743757516985, 928078061
6744685634277, 983478201
6745669151814, 637342748
6746306537292, 631481769
6746938058849, 640628723
6747578731596, 621534325
6748200305460, 634899887
6748835245926, 636924581
6749472211364, 625806778
6750098058953, 636852696
6750734953021, 916757989
6751651748735, 982854038
6752634643747, 648303289
6753282988298, 633033836
6753916063764, 617614322
6754533718280, 635149282
6755168906611, 617787039
6755786733797, 648559296
6756435334606, 637386457
6757072761755, 633508371
6757706311548, 949593582
6758655944841, 966724529
6759622709431, 631780466
6760254530471, 636331095
6760890902549, 634802465
6761525746543, 642840323
6762168628378, 627710792
6762796379324, 631983670
6763428404192, 620534208
6764048978239, 636633794
6764685651922, 932457004
6765618150381, 977118654
6766595312061, 675620074
6767270974258, 645194307
6767916211420, 644839668
6768561094088, 631098154
6769192235695, 626840598
6769819119077, 636732590
6770455894353, 632232401
6771088169391, 645182541
6771733398314, 911764064
6772645199728, 1006629095
6773651869638, 622492078
6774274401059, 630135578
6774904576426, 616394783
6775521011812, 645470144
6776166522975, 629976115
6776796540001, 631201160
6777427781471, 636580860
6778064402731, 643206381
6778707650225, 961414741
6779669103203, 988512929
6780657660553, 641673682
6781299375232, 637227459
6781936644534, 639086298
6782575771613, 642836422
6783218648356, 632443281
6783851132328, 652261496
6784503435067, 653359930
6785156835855, 635614305
6785792491909, 932664038
6786725196159, 1008279329
6787733518362, 641886296
6788375444977, 644693954
6789020181250, 636049624
6789656271873, 637781330
6790294095011, 642184780
6790936320129, 634499692
6791570861105, 631240027
6792202143141, 637477378
6792839663164, 947470833
6793787174544, 996731034
6794783946016, 654135808
6795438123168, 637033075
6796075199076, 636011916
6796711252528, 644887674
6797356180378, 639937656
6797996160372, 649794544
6798645996463, 636945260
6799282983241, 645744291
6799928767042, 944704180
-------------
--------->>>>0<<<<---------