---updates---
12474718628756, 2580254862
12485366519036, 1328129102
12493925409658, 1352253911
12524972389869, 1165254856
12526137749394, 1795502845
12554903673549, 1013653613
12558284384227, 1044506411
12570201148620, 1843189077
12595174633128, 1819900847
12598660219707, 1028227492
12615643730776, 1050342672
12616694179096, 1705903786
12619897900148, 1403007983
12633216564097, 883951957
12635794053703, 1140851687
12663567210611, 2377148349
12695218432536, 1426093563
12696644602978, 1511065596
12700206653189, 909849785
12702126234204, 924136384
12716378754129, 1854549414
12719022164434, 1195911979
12720218159882, 1640261272
12721858507912, 1376544291
12739225128353, 1522774911
12740747970231, 1761100471
12749678768434, 1653189679
12760832520132, 2350223656
12768784320869, 1383929015
12775725282160, 1846273745
12784492181287, 1740354941
12788735114527, 2095329902
12790830516197, 2064620845
12799515494231, 1029803157
12801434732639, 1693690813
12805287369138, 983162521
12807083520610, 1130840321
12826760438009, 1912076495
12835466011494, 1982042981
12841332085797, 1524680675
12855175737145, 1810358367
12856986176726, 1683692189
12858669945010, 1515507086
12866320678537, 1727802323
12874420753613, 2326237126
12889319940129, 2324735414
12905471004161, 1396934331
12916089339803, 1787304514
12938754779994, 1555504553
12940310348747, 1229704866
-------------
---reads---
11921083721550, 524954332503
12468428840531, 153465916
12477298959894, 344538869
12486694720603, 128762144
12495277704207, 192440202
12500789073469, 259370135
12506464383592, 178745059
12511864063734, 220878087
12517508182977, 224293619
12527933321261, 51619131
12532545485438, 298668947
12538282351016, 194637205
12544588927773, 243446999
12559328959968, 62047915
12564173863047, 340592597
12572044408384, 235119909
12578686863505, 171040316
12584725830735, 287825696
12590536287746, 257053645
12599688523610, 101557850
12605006705732, 180031638
12621300977751, 54133465
12626412214747, 174157304
12636934973360, 53430857
12642959337013, 256691030
12649349874619, 279713069
12654373362216, 433981147
12665944408695, 207454933
12672109169682, 234257172
12677955513064, 333652092
12683002367744, 398495285
12688699499144, 313072111
12703050407426, 71385963
12709006582152, 520972071
12723235097880, 101065519
12728723877336, 328007426
12734088867127, 434268040
12742509102086, 104143641
12751331988031, 337015924
12763182781624, 458187189
12770168280190, 98216985
12792895170177, 350511494
12808214388235, 270288430
12813915492903, 533577192
12828672549103, 113879026
12842856799876, 124622651
12849120680994, 364596248
12860185485187, 81853169
12868048513858, 63961860
12876747033183, 425676598
12882995613701, 366776543
12891644706376, 440889795
12906867963341, 190082170
12917876673333, 106509609
12924291158606, 152321733
12930067837628, 117873885
12941540078913, 393704893
12948158723287, 383602674
-------------
---updates-errors---
12482848337839, 1392797567
12484241140125, 1125374269
12490907025706, 1686571115
12492593601582, 1331804724
12523523226995, 1449158356
12549246836566, 1192196203
12550439038286, 840975451
12551280020632, 860354696
12552140380345, 847542509
12552987928020, 928517368
12553916450914, 987217412
12555917444616, 786277119
12556703726517, 742321706
12557446053384, 838325549
12596994647601, 1665567808
12610469996939, 1367514959
12611837515871, 1068417997
12612905937558, 870387741
12613776328928, 859155923
12614635488728, 1008238390
12618400193833, 1497702687
12632094345100, 1122214911
12634100626647, 775005094
12634875635643, 918413855
12660248084332, 1541886075
12661789974170, 994044033
12662784022248, 783185538
12698155737465, 1266866622
12699422608586, 784040872
12701116576912, 1009653010
12718233390515, 788770203
12748279511479, 1399252894
12757474643084, 1478469013
12758953115812, 1003406603
12759956526923, 875990216
12777571635870, 1613491119
12779185130694, 1011156459
12780196290913, 924530579
12781120825288, 1380343395
12782501172213, 1032604935
12783533781282, 958395917
12786232601613, 1510073156
12787742678366, 992432576
12800545376495, 889352273
12803128492063, 915913622
12804044409230, 1242955929
12806270601634, 812915260
12821028079783, 1077254571
12822105338304, 936586623
12823041928629, 1847959551
12824889892429, 980818234
12825870714534, 889719375
12837448130787, 1172844046
12838620977652, 1192000882
12839812982437, 1519099379
12897846430393, 1622545755
12899468980683, 1319355640
12900788340324, 1726296408
12902514641707, 1323899961
12903838546263, 1632453774
12913673729070, 1509230841
12915182964898, 906370559
12936501580669, 1332748012
12937834333780, 920441690
13010882046831, 3008169171
13013890219406, 3014555434
13016904779637, 3014675395
13019919462069, 3014799321
13022934269275, 3014665085
13025948940913, 3015033708
13028963980530, 3014804597
13031978793582, 3016305214
13034995104343, 3014699265
13038009807623, 3015914086
13041025791169, 3013378105
13044039175975, 3014089736
13047053273466, 3014393946
13050067674312, 3014460974
13053082142657, 3015218462
13056097365184, 3015250877
13059112623224, 3014139363
13062126770522, 3014430855
13065141208543, 3014485825
13068155702696, 3015756701
13131475221495, 3014049078
13134489272078, 3013818149
13137503092716, 3014098918
13140517193033, 3013821498
13143531016157, 3013808158
13146544825468, 3014249731
13149559076604, 3014936134
13152574014178, 3013235004
13155587250730, 3013922100
13158601173861, 3013762030
13191759445467, 3011048054
13194770494574, 3014440741
13197784937203, 3014194199
13200799132400, 3014181557
13203813315430, 3014848160
13206828164898, 3014045632
13209842212156, 3015200279
13212857413747, 3014072389
13215871487555, 3014254671
13218885743667, 3014985466
13221900786822, 3014612187
13224915400453, 3014101806
13227929503415, 3018043574
13230947547742, 3014474139
13233962022911, 3013394426
13236975418166, 3013468008
13239988887149, 3013665572
13243002553647, 3014324751
13246016879680, 3013962951
13249030843306, 3013886307
13252044778417, 3013578932
13255058358143, 3014291585
13258072650718, 3014736761
13261087388392, 3013825368
13264101214962, 3014820838
13267116037030, 3015179240
13270131217790, 3013345229
13273144563799, 3014499434
13276159064291, 3015501744
13279174566672, 3014401496
13282189026493, 3015818758
13285204846398, 3014147934
13288218995559, 3013663581
13291232660230, 3013691690
13294246353286, 3013287267
13297259641309, 3013683268
13300273326119, 3014329907
13303287657114, 3013863207
13306301521779, 3013786638
13309315309284, 3013663365
13342475277196, 3009864707
13345485143147, 3014919032
13348500064298, 3014126161
13351514191721, 3014313136
13354528506749, 3015592178
13357544100414, 3015512178
13360559614156, 3019809612
13363579425167, 3014144399
13366593571561, 3014206884
13369607779704, 3014373795
13432932066320, 3013784212
13435945852301, 3015210446
13438961064719, 3014898251
13441975964097, 3013612131
13444989578669, 3013968250
13448003548158, 3015028966
13451018578585, 3013816774
13454032396282, 3013833937
13457046231812, 3015666535
13460061899479, 3016293157
-------------
---read-errors---
12948158723287, 5676495048
12953835952908, 2754293476
12956596791384, 3009100585
12959618215101, 3003332097
12962634012611, 3002294319
12965645404562, 3008106363
12968658810678, 3009552822
12971678073073, 3005627296
12974694738648, 3005111185
12977706658876, 3009017899
12980720746464, 3012097639
12983736988724, 3012880337
12986755794302, 3009180189
12989768470671, 3011834286
12992782356906, 3013979141
12995799906399, 3011005441
12998816977051, 3014191295
13001834627169, 3011807187
13004851874121, 3009885382
13007865432904, 3010850185
13071171497012, 3016600790
13074191795804, 3011271629
13077208518226, 3010559531
13080222149244, 3010896623
13083238462487, 3008848143
13086251380790, 3010043168
13089266806461, 3010236953
13092279352143, 3012506883
13095295861372, 3010661904
13098310342074, 3009847986
13101324382253, 3010621290
13104341007507, 3008388261
13107354308627, 3009861635
13110367653834, 3013374673
13113384956724, 3011816599
13116398990456, 3015134787
13119415268192, 3014585240
13122430958548, 3013939826
13125446326710, 3013427939
13128460980126, 3013052183
13161614964278, 3015929751
13164633865618, 3011815801
13167649466270, 3009680645
13170665667003, 3007128018
13173678044894, 3009089856
13176692232738, 3009452984
13179707267889, 3008416829
13182720820036, 3009252109
13185733260008, 3010602196
13188745806432, 3011546082
13312329005301, 3014042156
13315345100272, 3012383168
13318361267047, 3009802345
13321374807194, 3009971998
13324390088613, 3008099735
13327402954551, 3008780116
13330416446675, 3010088126
13333430220869, 3011060407
13336444863837, 3010922368
13339459380588, 3012090110
13372622186743, 3014966904
13375638489420, 3014146814
13378654205117, 3016881360
13381672392865, 3013715185
13384687125707, 3013531227
13387701737804, 3013494174
13390716335629, 3013249158
13393730667453, 3013774694
13396745485420, 3013863420
13399760528634, 3013704247
13402775379586, 3013375478
13405789862496, 3013446663
13408804517238, 3013523075
13411819150877, 3013794632
13414834037863, 3013380749
13417848483783, 3017029185
13420866608881, 3016483056
13423884381311, 3015477211
13426900993585, 3014566153
13429917043390, 3013641378
13463078224871, 3015768071
13466100196909, 3007850310
13469110734493, 3011063360
13472123602972, 3011493079
13475136965058, 3012069819
13478150768223, 3011988754
13481164509602, 3011692407
13484178411381, 3012157173
13487192684136, 3011949041
13490206556901, 3012342746
-------------
--------->>>>244<<<<---------