---updates---
5303311103395, 3362546802
5311115102337, 5726457685
5335609173054, 4555994415
5357286429453, 5398535286
5366930523408, 4787763347
5371718379085, 4202026573
5375920500817, 4425712118
5380346331651, 4472834340
5384819281251, 4704136898
5403546806072, 4970165209
5469999348092, 5495810416
5475495318404, 5203812568
5502947821002, 5100023140
5508047937964, 5065769390
5557268324729, 5729247069
5615729343744, 5378421895
5626569893858, 5753329732
5632323290695, 6172182546
5638495539676, 5722512034
5644218118466, 5399813338
5649617998972, 5647820114
-------------
---reads---
5267513815036, 6066009802
5316841619250, 1276339332
5408517044902, 1420954539
5428758128461, 1445235822
5449758553223, 1444188094
5480699189458, 1384549989
5513113754610, 1670389200
5534569916786, 1579335073
5562997660646, 1679382786
5586680318962, 1919881544
5655265836792, 1837574888
-------------
---updates-errors---
5306673747901, 4441349987
5340165255418, 4265301960
5344430562200, 4160887091
5348591454489, 4302030061
5352893488992, 4392936326
5362685067300, 4245451350
5389523540028, 4802370079
5394325914543, 4240692090
5398566611445, 4980190979
5609925985139, 5803353768
5621107833211, 5462056343
-------------
--------->>>>11<<<<---------