---inserts---
14502114517229, 3551675918941
18053802298869, 3676692386
18057479930317, 3552901120
18061032973728, 2697513505
18063730610541, 2477465173
18066208200267, 1895581466
18068103900245, 1639358478
18069743375250, 1809124117
18071552615920, 744258852
18072296986644, 1623255953
18073920351289, 2894016588
18076814486605, 1382025821
18078196640154, 824883235
18079021648458, 2020892077
18081042650725, 896247461
18081939003871, 1296272828
18083235387918, 868474063
18084103969166, 967483881
18085071565258, 818432465
18085890105148, 2153918186
18088044133899, 2090982001
18090135236019, 848817131
18090984164308, 1136033983
18092120307290, 796321235
18092916739573, 1254330655
18094171194076, 1029348333
18095200704721, 625334915
18095826145340, 673403699
18096499654498, 709025289
18097208788273, 945496184
18098154380634, 1366844735
18099521334003, 708097322
18100229539798, 650160325
18100879800979, 679288344
18101559194763, 1076568075
18102635864664, 698742663
18103334731332, 804804474
18104139639781, 1117499497
18105257251530, 703629203
18105961005041, 1022339205
18106983427125, 1060769284
18108044283836, 646255400
18108690628136, 618054971
18109308776867, 644601487
18109953469553, 650277389
18110603844385, 773388669
18111377325400, 641536215
18112018951990, 605305320
18112624351638, 634048156
18113258489586, 1031908086
18114290482940, 1047609523
18115338185410, 613324974
18115951604881, 607163190
18116558861089, 648497669
18117207450671, 604610882
18117812159794, 617696764
18118429949656, 620961652
18119051003177, 612273871
18119663368942, 628045230
18120291504219, 977203796
18121268795158, 1017290858
18122286178929, 613476123
18122899748183, 594610384
18123494456220, 619191379
18124113744825, 615614085
18124729450723, 638540172
18125368098900, 596292942
18125964485108, 597520916
18126562100149, 580446857
18127142646759, 1315229550
18128457970932, 1060463755
18129518533026, 616394026
18130135021785, 594223571
18130729337333, 576038704
18131305487741, 659017447
18131964605765, 610999811
18132575707493, 601946560
18133177751340, 625416246
18133803262236, 598441698
18134401797131, 849419375
18135251302930, 992132419
18136243528654, 611731602
18136855354736, 577776967
18137433226191, 601745566
18138035065333, 587739797
18138622902807, 640498193
18139263495920, 726275729
18139989867086, 601243263
18140591203738, 595578198
18141186874544, 931034798
18142117995228, 989668299
18143107757846, 588331545
18143696184259, 566743534
18144263025116, 583690470
18144846809683, 578019785
18145424923332, 564480371
18145989512160, 596656239
18146586261115, 584070741
18147170424900, 592343675
18147762863854, 855633553
18148618591201, 993656734
18149612341644, 581409252
18150193850215, 561928440
18150755874144, 596630489
18151352598982, 588346861
18151941041514, 543447091
18152484585494, 544198226
18153028874830, 557375207
18153586340784, 565733048
18154152190769, 817374229
18154969718277, 974584347
18155944404864, 568834233
18156513338243, 599624980
18157113061878, 585890006
18157699056532, 577644193
18158276853811, 574053406
18158851007276, 589290923
18159440392401, 577079091
18160017571352, 588128325
18160605793863, 906893020
18161512774092, 932452538
18162445319600, 566400303
18163011812170, 588768056
18163600678109, 579578005
18164180349648, 562899548
18164743353025, 574099557
18165317554919, 572966780
18165890624650, 615583869
18166506340188, 557072578
18167063511392, 942940015
18168006539829, 961340043
18168967977225, 547616955
18169515688599, 568213041
18170083997540, 553746793
18170637841049, 587849253
18171225787185, 567165456
18171793045834, 574806164
18172367944059, 557918207
18172925957069, 589361807
18173515415546, 927591367
18174443092706, 947974205
18175391166053, 555356900
18175946615759, 559169534
18176505880462, 567026824
18177073005678, 559031771
18177632135780, 560790570
18178193022198, 561969450
18178755090127, 571355095
18179326542313, 536145352
18179862790468, 795562840
18180658442501, 943061786
18181601600714, 592624845
18182194321036, 559587471
18182754004027, 564185028
18183318281879, 581132555
18183899509452, 566753222
18184466361843, 569250083
18185035707179, 564236909
18185600051144, 539706194
18186139854299, 964985219
18187104934896, 930973356
18188036021867, 575792014
18188611915056, 573330663
18189185347049, 576889945
18189762338387, 574411379
18190336848431, 565103500
18190902053587, 571096314
18191473250443, 554802881
18192028151845, 558594492
18192586843273, 835501341
18193422435152, 919388299
18194341920972, 558283963
18194900302788, 555806668
18195456205710, 559046280
18196015349825, 551705381
18196567152680, 568081378
18197135329093, 568230468
18197703658693, 571595467
18198275353926, 567423287
18198842875617, 925044027
18199768023317, 924553157
18200692671709, 553156821
18201245925767, 573126353
18201819148824, 555014710
18202374272082, 559681251
18202934050430, 557239097
18203491386174, 570297340
18204061780125, 561913685
18204623793756, 554565099
18205178461202, 818307639
18205996859610, 933673474
18206930627144, 552135169
18207482858891, 562736681
18208045692719, 540682860
18208586474364, 570381371
18209156953583, 567518581
18209724568973, 563689702
18210288358319, 568304514
18210856763226, 540680811
18211397542546, 800127836
18212197759385, 939708267
18213137565464, 558476502
18213696140902, 554450720
18214250687918, 557064875
18214807853608, 543868338
18215351817872, 555523024
18215907437872, 563711009
18216471247625, 539362495
18217010706101, 548917586
18217559718457, 812866417
18218372675157, 910625728
18219283398552, 553375936
18219836871538, 544878782
18220381848498, 564128750
18220946072146, 549565639
18221495735755, 561379905
18222057213717, 543618291
18222600929151, 557548008
18223158571822, 550447573
18223709124550, 786492027
18224495706914, 902977201
18225398779756, 558787455
18225957668710, 558788047
18226516553181, 539332591
18227055983042, 550320714
18227606403420, 559411630
18228165914537, 556607797
18228722619607, 564930862
18229287647271, 553934072
18229841676966, 797770862
18230639544665, 915562560
18231555208186, 555082648
18232110384276, 553282568
18232663764518, 559265436
18233223129105, 565891642
18233789124369, 538622786
18234327845124, 556587963
18234884528246, 541915237
18235426544082, 564134225
18235990774770, 784709844
18236775573453, 915262744
18237690933723, 550353799
18238241384740, 553166511
18238794652254, 543550749
18239338299116, 562728969
18239901127464, 557426550
18240458650500, 543996153
18241002744536, 547169874
18241550013455, 539877831
18242089988339, 798492664
18242888572046, 918454582
18243807128546, 556102008
18244363326705, 548580522
18244912025273, 561906164
18245474033586, 557460685
18246031603922, 544465505
18246576190347, 558203352
18247134498342, 545974798
18247680575379, 556991422
18248237666586, 800485655
18249038243008, 938233900
18249976575894, 553231514
18250529906019, 561483025
18251091484475, 551843210
18251643426669, 579429953
18252222954311, 549916574
18252772968554, 554750054
18253327816603, 563620897
18253891536231, 564417250
18254456060493, 819385020
18255275539233, 969138820
18256244775536, 589717084
18256834591752, 561964691
18257396654104, 580608923
18257977362397, 568916034
18258546376182, 556590843
18259103061986, 539712827
18259642873109, 562571444
18260205544906, 551316404
18260756962224, 816351490
18261573412670, 913935394
18262487449186, 564161499
18263051711992, 552497535
18263604307412, 561899796
18264166307356, 557872628
18264724277184, 577730884
18265302104176, 551844263
18265854045877, 561186545
18266415331656, 560609718
18266976059537, 932118508
18267908283637, 915312211
18268823712087, 563794614
18269387606919, 552090284
18269939793664, 557871062
18270497765945, 564390981
18271062256556, 570362831
18271632721118, 554959683
18272187779271, 548980910
18272736861910, 576149452
18273313108409, 825966357
18274139167537, 923891756
18275063156230, 556373979
18275619629814, 562758764
18276182491749, 547307162
18276729900897, 565243429
18277295245150, 564243330
18277859593711, 567570185
18278427288598, 583552845
18279011118055, 561798523
18279573029852, 829839294
18280402944233, 922605413
18281325630104, 556640200
18281882350437, 566918553
18282449350381, 554206319
18283003635615, 559625914
18283563340589, 560608431
18284124037742, 562464813
18284686581767, 571054232
18285257715523, 569033164
18285826828060, 823993206
18286650977693, 933705100
18287584777619, 557230585
18288142091787, 561362591
18288703534477, 573947972
18289277562670, 561323484
18289838965543, 569586326
18290408630334, 563466799
18290972179985, 572938211
18291545197552, 573594101
18292118872338, 814261776
18292933211647, 958463638
18293891754801, 572597874
18294464431083, 557066948
18295021583861, 575503852
18295597169141, 569126278
18296166381172, 567624463
18296734085199, 566955819
18297301122902, 557549997
18297858754624, 562887797
18298421721456, 829991440
18299251788761, 936550655
18300188420229, 576598217
18300765097915, 565856042
18301331031661, 579305355
18301910415911, 557710464
18302468206630, 573444185
18303041732410, 553234471
18303595050761, 561147701
18304156277816, 580469780
18304736828354, 947596973
18305684501772, 923473225
18306608069462, 561237474
18307169388087, 565096061
18307734564416, 571025153
18308305670514, 572006698
18308877758044, 589558378
18309467395298, 566793964
18310034269596, 556280588
18310590634223, 567904155
18311158620794, 835904266
18311994600385, 933061653
18312927743576, 564868833
18313492691242, 580510962
18314073280944, 569004894
18314642369215, 560923077
18315203373197, 556533081
18315759986401, 565903457
18316325974087, 567287617
18316893339899, 576525640
18317469947120, 944418459
18318414443342, 930043720
18319344567099, 573355241
18319918006232, 565239723
18320483328459, 575324982
18321058734435, 548885860
18321607699275, 564515574
18322172293282, 544853523
18322717227206, 585126228
18323302432779, 561483354
18323864023934, 820227357
18324684347666, 932189539
18325616634735, 576292604
18326193061087, 558522742
18326751710523, 575844926
18327327692644, 585579939
18327913376808, 571029747
18328484477786, 568139846
18329052681116, 570949716
18329623695900, 560906781
18330184664887, 827523025
18331012246204, 928620010
18331940929351, 557564457
18332498558145, 580034728
18333078656256, 565556157
18333644275186, 566304324
18334210644287, 589718214
18334800425407, 557055316
18335357543523, 583025492
18335940633018, 562270653
18336502968741, 837659531
18337340687300, 930957094
18338271708053, 562983324
18338834756898, 575306489
18339410124172, 568399940
18339978587748, 554167996
18340532818551, 569782141
18341102667273, 575203835
18341677936350, 584692077
18342262692934, 573905980
18342836663337, 834894511
18343671618085, 944934290
18344616614141, 569571752
18345186250131, 585205833
18345771518028, 595303444
18346366884805, 624302903
18346991248134, 596003116
18347587313861, 574570472
18348161952569, 572794527
18348734808177, 579687218
18349314559574, 844606822
18350159226595, 934118940
18351093410180, 578114148
18351671586757, 572279793
18352243930910, 559294142
18352803284328, 576681977
18353380044099, 563722072
18353943828564, 581737101
18354525628454, 558977626
18355084669402, 562160960
18355646891842, 826849576
18356473799338, 923285500
18357397147144, 585452435
18357982661526, 575365896
18358558087934, 580197905
18359138346901, 573746705
18359712158956, 599188112
18360311409235, 578125183
18360889595465, 569730117
18361459388015, 557125717
18362016575150, 848399924
18362865034235, 936400839
18363801496971, 569411489
18364370971898, 576253296
18364947289459, 572254998
18365519607601, 592664999
18366112337388, 567444164
18366679845268, 571309303
18367251215025, 564984017
18367816267087, 574196022
18368390527389, 851865565
18369242454096, 933000093
18370175516232, 584355026
18370759936499, 585731571
18371345730211, 578171756
18371923963551, 574839666
18372498872493, 576068057
18373075005686, 571322958
18373646391607, 573467973
18374219921698, 581088988
18374801072161, 848156686
18375649288246, 955447373
18376604799053, 583235807
18377188098180, 575031941
18377763192075, 586587130
18378349840246, 567759350
18378917661927, 575414753
18379493139005, 575760409
18380068962228, 577272679
18380646299229, 582326884
18381228688164, 855881324
18382084630630, 942408736
18383027101586, 579804402
18383606969912, 583360086
18384190393050, 589153726
18384779609891, 583108510
18385362782906, 573823644
18385936670330, 575808269
18386512541743, 567304127
18387079937246, 575375142
18387655374470, 852600245
18388508041860, 931581158
18389439685616, 571570897
18390011318068, 577179980
18390588561499, 595179076
18391183802692, 572131674
18391755999870, 586494321
18392342556850, 590090483
18392932710631, 573404123
18393506177293, 596464380
18394102704067, 844066173
18394946830718, 947773001
18395894668381, 603989669
18396498720092, 593895006
18397092678705, 575753901
18397668496183, 580698931
18398249258230, 565578515
18398814899790, 586618965
18399401580529, 579563655
18399981206989, 594366366
18400575635189, 836880767
18401412577533, 938904147
18402351545883, 595865839
18402947472802, 581651655
18403529185954, 580413523
18404109661020, 581616150
18404691339277, 580653644
18405272067632, 574011881
18405846140214, 588912493
18406435114677, 575431151
18407010608061, 855978243
18407866647382, 927673315
18408794537927, 597008411
18409391747372, 591428820
18409983303062, 584783424
18410568133119, 586840415
18411155020743, 579100972
18411734168210, 583609453
18412317829644, 576796366
18412894672835, 572493231
18413467213274, 861637297
18414328894659, 937392452
18415266334298, 587107418
18415853489073, 578297327
18416431832374, 585751434
18417017629619, 586407041
18417604084080, 598918118
18418203049548, 571042137
18418774138838, 588079889
18419362265108, 596462358
18419958772971, 872918141
18420831736539, 933150922
18421764934553, 591434860
18422356416270, 583291622
18422939754730, 582475342
18423522277286, 571641939
18424093965801, 591598274
18424685610124, 595090746
18425280790073, 593493347
18425874349495, 584241647
18426458639528, 858850290
18427317534269, 942175564
18428259757021, 595659444
18428855464710, 590272559
18429445785297, 596402644
18430042236439, 573177658
18430615460054, 592285349
18431207793263, 589262220
18431797102014, 577612426
18432374765114, 587819792
18432962632053, 865312155
18433828022300, 970169352
18434798266940, 593974580
18435392287463, 609223136
18436001555376, 598235980
18436599837377, 609613435
18437209496340, 593151068
18437802694854, 583435673
18438386175493, 646483222
18439032706702, 591588409
18439624341588, 872651068
18440497035711, 942748818
18441439831820, 592889184
18442032767519, 593773592
18442626586426, 575127329
18443201760336, 601084034
18443802889686, 592650343
18444395587938, 607801349
18445003433259, 599632132
18445603110725, 587179560
18446190336838, 852684939
18447043066122, 961753588
18448004866908, 603030645
18448607942881, 592696350
18449200686403, 589541750
18449790274912, 596613442
18450386933291, 594953340
18450981933964, 601164399
18451583144238, 575923518
18452159115479, 605545541
18452764710024, 848884684
18453613639223, 969150182
18454582842464, 591592211
18455174483800, 592178297
18455766711159, 598320004
18456365081564, 594059991
18456959190456, 601423349
18457560662515, 601889836
18458162601212, 587979436
18458750630894, 601574066
18459352260973, 856914622
18460209222906, 941336757
18461150614167, 590621520
18461741285815, 573204424
18462314540588, 596275171
18462910865888, 594712470
18463505626925, 591010615
18464096688487, 600226922
18464696965166, 579240512
18465276254674, 596883592
18465873189428, 875423825
18466748661379, 964300732
18467713012705, 613643018
18468326712262, 590895758
18468917658050, 600344390
18469518051310, 590017410
18470108118935, 574136389
18470682305745, 606198423
18471288552865, 598774765
18471887376423, 610768268
18472498196247, 864284362
18473362527582, 946966252
18474309543159, 594186103
18474903779947, 591080163
18475494910099, 591354218
18476086314889, 588522176
18476674886797, 598725413
18477273662525, 611011686
18477884726899, 581234547
18478466011980, 596695795
18479062757345, 859649456
18479922453823, 938474700
18480860977603, 605287831
18481466336524, 599435443
18482065820714, 590320563
18482656191187, 601687346
18483257926935, 587350004
18483845326098, 608439403
18484453814744, 591273262
18485045137529, 589271839
18485634458565, 867500003
18486502002841, 954787282
18487456835247, 601961568
18488058841611, 609823253
18488668712792, 587805871
18489256565520, 607225430
18489863836147, 596439870
18490460322779, 613048693
18491073418339, 597976836
18491671440515, 603529259
18492275032475, 882851207
18493157978614, 965107798
18494123179217, 600304600
18494723521004, 614376799
18495337935879, 596998509
18495934974678, 595863762
18496530876436, 610568609
18497141483341, 606005675
18497747528350, 619640385
18498367209801, 600766726
18498968032880, 877769801
18499845839372, 960469744
18500806348042, 593599651
18501399986374, 602186952
18502002212219, 603717069
18502605967576, 594606359
18503200612258, 611307421
18503811960258, 600451466
18504412450105, 599956546
18505012444936, 600636366
18505613119230, 876094910
18506489250263, 946700773
18507435989597, 611841137
18508047869355, 601754256
18508649663158, 607439135
18509257141422, 604089927
18509861269417, 612891570
18510474198911, 591623494
18511065860395, 608251931
18511674150835, 609393167
18512283581567, 884228763
18513167851291, 964829416
18514132718957, 607711450
18514740468434, 597597425
18515338104277, 591946393
18515930089962, 610660765
18516540790081, 608611071
18517149439798, 603476628
18517752958371, 606085717
18518359084269, 603121692
18518962247772, 891371330
18519853656708, 953516471
18520807212250, 602615244
18521409866605, 612286957
18522022192288, 609634446
18522631866040, 613497799
18523245402494, 593499768
18523838943839, 602471900
18524441457961, 604182831
18525045679936, 622182566
18525667901332, 896880693
18526564819140, 963022315
18527527882672, 607697012
18528135618741, 611530241
18528747188716, 604918387
18529352146917, 601069222
18529953256939, 604256245
18530557552253, 601118808
18531158709250, 591683368
18531750430216, 612613827
18532363082446, 885215643
18533248336487, 946746462
18534195122782, 621035122
18534816196159, 598279261
18535414514047, 610188441
18536024741695, 608124194
18536632904551, 610259279
18537243203256, 600023752
18537843267865, 610113701
18538453420656, 621443604
18539074903415, 887550442
18539962492977, 957937768
18540920468858, 623704478
18541544213162, 625447399
18542169699332, 601902000
18542771639996, 601164104
18543372844091, 612206294
18543985089284, 615750312
18544600878781, 605826695
18545206746124, 604022401
18545810807731, 906445164
18546717290199, 959838856
18547677168294, 606571577
18548283778262, 606395106
18548890211898, 622582664
18549512834053, 604469928
18550117342402, 621028998
18550738423224, 596345528
18551334819959, 607732795
18551942591919, 617108788
18552559740601, 911432610
18553471223529, 992013638
18554463277599, 627592116
18555090910666, 617058908
18555708025738, 614888972
18556322952745, 611668124
18556934659592, 641449025
18557576147053, 638672246
18558214859192, 644506755
18558859404633, 603536552
18559462979039, 903576088
18560366592986, 954404761
18561321037658, 613531763
18561934607363, 621566514
18562556214430, 605226481
18563161479747, 612876688
18563774395204, 625594249
18564400045825, 613278437
18565013363670, 608054039
18565621456094, 627507074
18566249003737, 896114823
18567145156485, 960227388
18568105423610, 637112780
18568742574356, 616560734
18569359173963, 623725566
18569982938126, 611330007
18570594305932, 616021232
18571210367444, 619532909
18571829940018, 613527688
18572443506903, 613197487
18573056742215, 1038509938
18574095297161, 979025623
18575074361770, 611317298
18575685719120, 627186524
18576312946770, 616397295
18576929383791, 618580586
18577548023980, 623845902
18578171909460, 618412236
18578790366243, 640000788
18579430406461, 611094908
18580041539745, 915193476
18580956769957, 967743821
18581924552202, 622280419
18582546871387, 613952977
18583160862583, 624460560
18583785361658, 625149354
18584410549779, 618487598
18585029077727, 630272381
18585659390145, 608223450
18586267653412, 611986173
18586879680629, 910937640
18587790655564, 971383488
18588762084443, 622063205
18589384187586, 627791319
18590012031042, 616375241
18590628445269, 627230484
18591255714893, 641889959
18591897644366, 615886231
18592513568477, 621939269
18593135545714, 609261591
18593744846448, 912131841
18594657018094, 974201880
18595631258913, 629794801
18596261095281, 626931592
18596888064226, 606875763
18597494979995, 629284409
18598124301361, 621182944
18598745526652, 626404635
18599371969560, 624241830
18599996250731, 620522021
18600616811748, 923446372
18601540295964, 968812976
18602509147032, 623255866
18603132441803, 613506463
18603745986112, 614125585
18604360151621, 604851709
18604965042807, 623057894
18605588139880, 624579771
18606212760665, 624511959
18606837311260, 642252018
18607479601572, 900587438
18608380228327, 992176475
18609372443699, 640640352
18610013124201, 642764217
18610655926720, 623507079
18611279473064, 634680464
18611914193860, 607035816
18612521270497, 618155678
18613139467493, 625414773
18613764921038, 632822567
18614397786161, 936329453
18615334154367, 994287477
18616328481318, 645460462
18616973982191, 639019364
18617613042571, 641273131
18618254355966, 642249078
18618896644156, 621867275
18619518551577, 620846476
18620139436673, 628132683
18620767608841, 637695532
18621405344748, 921482070
18622326865137, 969721343
18623296625917, 637832168
18623934497803, 625462396
18624560016781, 642628745
18625202685406, 620800933
18625823525023, 645175260
18626468740314, 638470756
18627107249129, 630477402
18627737766101, 622168594
18628359973600, 929164981
18629289180150, 975283867
18630264503396, 634126410
18630898669190, 640318703
18631539026586, 618996689
18632158061485, 640053390
18632798153657, 623388014
18633421580561, 618783515
18634040402394, 620305488
18634660747052, 620071790
18635280857952, 946913262
18636227809198, 989351661
18637217198732, 627490745
18637844731237, 611113994
18638455881972, 638622084
18639094543457, 627884943
18639722468034, 627386492
18640349893316, 630385649
18640980317556, 609927652
18641590284202, 627167897
18642217490179, 944577586
18643162106932, 983943252
18644146088420, 626867943
18644772995060, 651391829
18645424426863, 642806588
18646067273507, 639031349
18646706344502, 654862891
18647361249171, 637167001
18647998455561, 626894812
18648625392002, 661127816
18649286560709, 924482781
18650211082633, 987406880
18651198526127, 636197177
18651834762540, 643421562
18652478222034, 633199329
18653111460432, 637254246
18653748754079, 642379873
18654391173000, 638751884
18655029962996, 643224121
18655673226883, 638098138
18656311363104, 955566030
18657266970187, 989225910
18658256233990, 641118466
18658897391475, 632168049
18659529598549, 631252784
18660160889843, 639762045
18660800690695, 627414209
18661428145880, 640241695
18662068425588, 621729698
18662690194286, 621372204
18663311605189, 947929632
18664259572776, 990522773
18665250135254, 628285374
18665878460089, 652207421
18666530706142, 659353745
18667190099920, 636362142
18667826501761, 640261359
18668466802135, 635115549
18669101959422, 622376704
18669724375823, 648170941
18670372585733, 929762157
18671302386171, 977877543
18672280302318, 636338870
18672916681359, 646279722
18673563001274, 623680083
18674186721437, 628677565
18674815437217, 643521009
18675458998539, 652131844
18676111170942, 640235151
18676751445003, 642995762
18677394481502, 970780672
18678365316019, 1023238845
18679388595734, 643367449
18680032031866, 654964329
18680687036064, 640015890
18681327088892, 649442850
18681976570479, 638016972
18682614627091, 628376436
18683243043162, 667680094
18683910763606, 634938508
18684545742064, 943139455
18685488919086, 1000943498
18686489900916, 649320352
18687139262795, 649790897
18687789093542, 638442411
18688427576124, 641075874
18689068692076, 646504376
18689715236056, 655953930
18690371229055, 661690806
18691032960408, 637997565
18691670996374, 970939715
18692641973525, 1000354445
18693642368227, 663608638
18694306017735, 638274095
18694944330461, 651522365
18695595892802, 645779668
18696241711434, 646830150
18696888580656, 659517827
18697548139685, 640258441
18698188438089, 632184904
18698820660112, 966141999
18699786838806, 1004974563
18700791852955, 651282499
18701443175326, 644292679
18702087506426, 646163326
18702733709161, 643540305
18703377287693, 643817724
18704021144799, 644420503
18704665602152, 629960304
18705295601426, 654982531
18705950625568, 976006611
18706926669469, 998769240
18707925479653, 649194816
18708574717129, 651806727
18709226563327, 649524763
18709876127716, 648605877
18710524773374, 651194290
18711176017459, 625970325
18711802026379, 647807202
18712449872963, 648407444
18713098320483, 954518172
18714052876944, 1002916271
18715055832817, 649398081
18715705270753, 636632293
18716341940787, 657369498
18716999349922, 639467413
18717638854846, 638806746
18718277703160, 647830347
18718925572493, 648569878
18719574182924, 665494374
18720239717576, 958212436
18721197970708, 1024770375
18722222782459, 660419074
18722883241924, 642451013
18723525732008, 647226173
18724173000847, 640644001
18724813686860, 649802719
18725463529696, 634718900
18726098287483, 643629462
18726741956469, 652506108
18727394502339, 962991349
18728357530728, 1001826158
18729359396891, 649943270
18730009380038, 653688430
18730663109285, 640922976
18731304075891, 650166299
18731954282639, 643243155
18732597567293, 648527774
18733246134666, 647671096
18733893846424, 659455239
18734553344257, 972201389
18735525585031, 1004601170
18736530226720, 651820269
18737182082951, 660514210
18737842640271, 648135524
18738490815043, 646108426
18739136963001, 656858067
18739793863435, 654678479
18740448582115, 661547681
18741110169862, 657617248
18741767826514, 954975564
-------------
--------->>>>0<<<<---------