---inserts---
28846218153472, 2138896111269
30985126012749, 3483349522
30988609488303, 3571421465
30992181027072, 4082225543
30996263363331, 1011396059
30997274870987, 2658263743
30999933255513, 1903103810
31001836468163, 1642684950
31003479262175, 1536905855
31005016273808, 2341151969
31007357530539, 2389368497
31009747023824, 1138603240
31010885760982, 1695541558
31012581412125, 1479228632
31014060750256, 1410348500
31015471216467, 811848572
31016283182528, 1350416119
31017633707727, 720362238
31018354182465, 1975051893
31020329344072, 1438262593
31021767709023, 1697846505
31023465665706, 724988458
31024190765723, 872052354
31025062927326, 1198136255
31026261175952, 786581404
31027047894163, 697766319
31027745834107, 652718848
31028398653279, 700282974
31029099038302, 747677352
31029846815913, 1095522676
31030942438446, 1161768111
31032104304600, 663580473
31032767983714, 687155147
31033455237684, 782447755
31034237789752, 666264764
31034904153996, 657662450
31035561934987, 1220415036
31036782454107, 613715817
31037396285021, 600405898
31037996803003, 1101761578
31039098656652, 1123113612
31040221865182, 618257931
31040840218535, 603504205
31041443820139, 634435362
31042078350072, 628376470
31042706823120, 795214262
31043502132268, 629617353
31044131844295, 597994919
31044729938291, 669596281
31045399626978, 1007766996
31046407482115, 1010050370
31047417625487, 638513092
31048056234725, 1151459545
31049207790167, 605101273
31049812994076, 611832055
31050424919232, 646925647
31051071940119, 608059501
31051680106826, 613023761
31052293225444, 562208814
31052855531057, 1141895970
31053997516350, 1065490300
31055063102737, 598337791
31055661534786, 752182317
31056413813620, 584233385
31056998141307, 588921788
31057587157741, 1034785804
31058622036087, 676773378
31059298904524, 595579870
31059894579620, 583930374
31060478604260, 855478390
31061334174043, 982636746
31062316906897, 605416055
31062922426892, 599262114
31063521783305, 596437805
31064118320197, 604022423
31064722448955, 610107982
31065332656098, 591417617
31065924171000, 587806560
31066512087561, 579290457
31067091477081, 863369048
31067954938045, 995380956
31068950415302, 581807060
31069532320955, 574411061
31070106829692, 600117421
31070707045322, 563840959
31071270986716, 597269989
31071868356613, 609398924
31072477853944, 579180452
31073057129731, 589220602
31073646447364, 923592042
31074570131121, 957408580
31075527635153, 574169979
31076101903166, 584384183
31076686385576, 559846483
31077246332677, 567329506
31077813760662, 583745247
31078397613060, 585081533
31078982790756, 584773118
31079567662079, 582484271
31080150246490, 850446575
31081000786407, 1012298201
31082013182446, 567715617
31082581005601, 546234836
31083127346446, 561082986
31083688529019, 560480178
31084249108425, 577311733
31084826518030, 560848664
31085387465389, 586007856
31085973570134, 579319605
31086553006444, 1079503043
31087632686286, 986610645
31088619400826, 596966975
31089216467470, 584059878
31089800632551, 579620763
31090380358095, 566618626
31090947101068, 568865266
31091516081036, 585466227
31092101648141, 561059132
31092662806089, 582512082
31093245416264, 785081997
31094030591448, 965282571
31094995968374, 597493751
31095593557335, 575129238
31096168791103, 554275692
31096723175586, 566240992
31097289514734, 603357849
31097892982125, 592107836
31098485201096, 548451008
31099033847220, 541156289
31099575100696, 924778453
31100499972353, 982675587
31101482747308, 542765399
31102025607628, 554545225
31102580253662, 584467462
31103164819210, 561899408
31103726816141, 564203916
31104291121605, 556845577
31104848079466, 565858005
31105414037024, 596468784
31106010603435, 818878388
31106829594814, 918647975
31107748344048, 543726260
31108292168393, 573200483
31108865467622, 572488043
31109438055338, 561202329
31109999359952, 576630973
31110576112643, 606194533
31111182409602, 547826881
31111730336880, 602178113
31112332607165, 925946595
31113258642390, 940459499
31114199193398, 576541218
31114775822682, 577063896
31115352976408, 538553695
31115891623403, 559922762
31116451635022, 567921691
31117019647555, 608538325
31117628278516, 573106155
31118201474042, 570658173
31118772220800, 930776165
31119703086120, 969599407
31120672785929, 562581719
31121235456003, 575885830
31121811432537, 553691863
31122365215815, 564898976
31122930206712, 562184658
31123492482228, 602559476
31124095134380, 556323698
31124651549726, 582778126
31125234420622, 951588885
31126186101326, 959847255
31127146041686, 555446946
31127701583035, 596003239
31128297678482, 551857549
31128849627485, 624423137
31129474147262, 590976909
31130065214056, 563039856
31130628344984, 556166500
31131184604553, 559110357
31131743806506, 949943199
31132693836739, 923159595
31133617088213, 562204904
31134179384973, 556071366
31134735546405, 546861990
31135282500148, 555429388
31135838019177, 578421382
31136416535074, 549723354
31136966352111, 582403040
31137548849609, 550176509
31138099119096, 947613242
31139046820034, 911444126
31139958358953, 558784973
31140517237889, 565067644
31141082398673, 549670456
31141632164386, 575194339
31142207450068, 557353438
31142764895587, 552141025
31143317154745, 558686163
31143875932968, 561521446
31144437551304, 801024504
31145238670303, 933873737
31146172633222, 567423837
31146740148237, 580779099
31147321016938, 550294675
31147871407706, 545727354
31148417224115, 544427152
31148961745209, 554523876
31149516362361, 566889501
31150083341742, 563022438
31150646452392, 941243998
31151587783667, 919073782
31152506950536, 551168857
31153058211999, 551679606
31153609990921, 558987711
31154169072360, 544416387
31154713581118, 572414605
31155286087778, 548073810
31155834256373, 556760727
31156391109159, 549059759
31156940262677, 822591095
31157762945344, 930871361
31158693910799, 567272440
31159261276732, 572831008
31159834200142, 554261520
31160388552603, 559593125
31160948237907, 560490936
31161508822511, 568835413
31162077751306, 557470758
31162635313618, 554030678
31163189439902, 817024415
31164006561343, 923688995
31164930343208, 565536039
31165495974085, 565514104
31166061580371, 536131716
31166597808111, 562358122
31167160257536, 540130358
31167700481139, 560669357
31168261243821, 566151861
31168827491367, 559490490
31169387076532, 807999603
31170195167101, 920239151
31171115506122, 539197977
31171654798520, 567180794
31172222075292, 551407293
31172773574727, 557551784
31173331219742, 562827668
31173894141332, 561082979
31174455318359, 555337896
31175010749247, 545651939
31175556493803, 807687384
31176364273949, 911127534
31177275499585, 561691524
31177837287559, 571911405
31178409296748, 553644122
31178963040523, 565904909
31179529051634, 564761855
31180093925277, 551394548
31180645413052, 555651298
31181201158669, 546719528
31181747972414, 824166466
31182572230779, 910439008
31183482771324, 560149974
31184043016999, 544559540
31184587670636, 559339831
31185147105515, 565816658
31185713019084, 550457359
31186263571617, 566976089
31186830640905, 559599600
31187390332873, 553791328
31187944219782, 809403453
31188753712917, 917850039
31189671657461, 553405574
31190225156832, 542766584
31190768032054, 557391964
31191325516796, 549356931
31191874964061, 555432475
31192430488726, 556829860
31192987411504, 555812283
31193543323277, 544259563
31194087676759, 802483530
31194890252646, 917390669
31195807738565, 557234791
31196365068988, 561631708
31196926793701, 540078402
31197466966431, 554578032
31198021643316, 556269207
31198578008956, 570890428
31199148994055, 556645040
31199705734926, 548145183
31200253977106, 796426662
31201050508876, 932753340
31201983386988, 551320365
31202534798531, 576388752
31203111287481, 563544504
31203674926940, 572587860
31204247609755, 544263388
31204791965072, 560273066
31205352331800, 544814905
31205897240328, 556004392
31206453340698, 826805524
31207280238755, 909985614
31208190316139, 565830417
31208756238572, 598731348
31209355062573, 550129492
31209905283586, 559125676
31210464500603, 549075477
31211013668255, 565751536
31211579536958, 553343090
31212133144650, 539933391
31212673189172, 946448001
31213619715667, 926338580
31214546132311, 553444852
31215099655282, 570671873
31215670404578, 563378792
31216233865674, 563363814
31216797305313, 560808815
31217358192664, 552582814
31217910853565, 546738541
31218457670411, 562792008
31219020542743, 846275344
31219866944890, 934969646
31220802006202, 561737555
31221363822856, 563631138
31221927531544, 543583560
31222471192154, 562481002
31223033750317, 557517360
31223591347529, 593551126
31224184979285, 553198335
31224738254938, 567456023
31225305787762, 810469803
31226116334926, 926826550
31227043239361, 563271001
31227606586007, 556107192
31228162774836, 557082391
31228719932818, 560040007
31229280061869, 553247757
31229833384686, 557714098
31230391173430, 550984424
31230942233114, 567357532
31231509671324, 811168610
31232320916933, 908085532
31233229081390, 548547723
31233777706205, 559874905
31234337656003, 560119046
31234897851185, 559240393
31235457170733, 567327492
31236024578380, 555620896
31236580278102, 560230753
31237140586931, 549208597
31237689878742, 839326197
31238529282545, 925154270
31239454515126, 567238570
31240021832671, 565741471
31240587653080, 557422465
31241145152983, 571335859
31241716565171, 573090378
31242289734995, 572807408
31242862620168, 553285055
31243415983742, 565588253
31243981652177, 807432524
31244789164371, 931544834
31245720791947, 579094773
31246299963320, 571045090
31246871089436, 556940632
31247428110328, 571403414
31247999591187, 564665342
31248564332557, 555931941
31249120350394, 549713595
31249670143853, 578557050
31250248776879, 816390886
31251065243161, 932464096
31251997783925, 566520564
31252564381222, 570055439
31253134515743, 569256953
31253703848120, 562307080
31254266231320, 553036259
31254819345006, 545830358
31255365251219, 573044507
31255938372940, 569482757
31256507949963, 814647241
31257322699253, 911181752
31258233981447, 583903078
31258818022793, 550224149
31259368392450, 577438689
31259945945692, 566588632
31260512611552, 549425978
31261062103576, 558523902
31261620694190, 571195173
31262191956982, 559458630
31262751483698, 827748352
31263579298973, 915567733
31264494934260, 568373448
31265063376667, 567848915
31265631292872, 572111008
31266203471393, 564338999
31266767879951, 582825278
31267350773032, 557810795
31267908652740, 579900002
31268488620670, 569312664
31269058003138, 840047595
31269898117233, 918184767
31270816371742, 564374220
31271380812321, 563205568
31271944087588, 569647406
31272513815635, 554741159
31273068624287, 556978488
31273625671605, 557167068
31274182906925, 590064096
31274773036764, 570308773
31275343414126, 825241383
31276168721623, 940876939
31277109668600, 574057183
31277683795240, 573847753
31278257709741, 566402398
31278824181029, 586861977
31279411111470, 577969022
31279989149174, 583340027
31280572560676, 578249979
31281150880321, 570116142
31281721063663, 827993985
31282549124297, 911271042
31283460464557, 580837930
31284041368383, 574913437
31284616348476, 566281133
31285182698737, 564656726
31285747421629, 576145310
31286323633287, 576885187
31286900587327, 557111698
31287457766412, 554644191
31288012479829, 847821352
31288860366603, 918611707
31289779046607, 559702288
31290338819313, 573159085
31290912064864, 558556752
31291470692832, 561707265
31292032471822, 574369498
31292606909937, 577948056
31293184928968, 579256559
31293764255394, 576662234
31294340985323, 802942887
31295143995053, 920382008
31296064447423, 580890577
31296645407206, 572281292
31297217756393, 575920190
31297793745816, 578017494
31298371832878, 556518941
31298928418722, 558015525
31299486503572, 560579248
31300047156352, 569258673
31300616484552, 835206273
31301451762536, 938772032
31302390603929, 592003106
31302982675334, 572576675
31303555321339, 592497562
31304147887466, 560566166
31304708521979, 580709636
31305289301283, 562836973
31305852210738, 571559909
31306423839392, 578902942
31307002811209, 835751960
31307838627914, 916526912
31308755224954, 562196866
31309317491896, 556859764
31309874424113, 567719245
31310442212686, 574975422
31311017255570, 581280243
31311598607343, 584127654
31312182804239, 594904395
31312777778539, 579015891
31313356865419, 827117097
31314184071808, 917891989
31315102033995, 558331596
31315660436404, 585177127
31316245684377, 576555701
31316822311334, 585364945
31317407746807, 576890219
31317984708456, 565194075
31318549971170, 573031024
31319123074027, 582986467
31319706127690, 850885080
31320557079990, 932106272
31321489256634, 578107609
31322067434213, 583111186
31322650614046, 561147715
31323211831878, 570279063
31323782185874, 578871471
31324361127274, 581301950
31324942497096, 582277005
31325524842869, 573178353
31326098089813, 833224930
31326931380372, 918943621
31327850393748, 565111578
31328415574426, 575463403
31328991109987, 578164121
31329569343741, 614114428
31330183528258, 577829432
31330761427540, 597009697
31331358506372, 588492339
31331947069002, 588908236
31332536066932, 852853110
31333388985223, 923384510
31334312440945, 595309115
31334907818537, 585124880
31335493014138, 583211424
31336076294424, 593938201
31336670302302, 599339848
31337269712620, 582475535
31337852258162, 575965737
31338428293395, 587868179
31339016231342, 854644069
31339870943195, 929765500
31340800970022, 600777199
31341401940628, 583271754
31341985299428, 583241497
31342568599534, 578676964
31343147336779, 578351277
31343725749772, 572492012
31344298301220, 575101374
31344873480257, 583859024
31345457400528, 854213942
31346311672335, 934689439
31347246421364, 564885001
31347811365068, 579490613
31348390915406, 591197385
31348982173939, 563925025
31349546160228, 579243767
31350125463687, 578262270
31350703785006, 590861397
31351294709567, 571329498
31351866100666, 857847746
31352724014983, 930052550
31353654127900, 573492670
31354227681534, 584689682
31354812430315, 579614169
31355392103835, 583576464
31355975741633, 576776121
31356552577870, 587759230
31357140443318, 588361058
31357728886825, 578452231
31358307400453, 854534023
31359161994424, 928317256
31360090372461, 581810086
31360672241020, 582774697
31361255074475, 577962494
31361833095946, 594036877
31362427192728, 563530659
31362990783133, 583233971
31363574077457, 577243766
31364151381788, 575834285
31364727277013, 830070765
31365557427729, 934521605
31366492048588, 600334435
31367092445715, 593030211
31367685540787, 583645281
31368269247216, 588140793
31368857449763, 565328368
31369422838896, 613649508
31370036545625, 572545134
31370609152222, 624292943
31371233505927, 850004548
31372083565146, 928316105
31373011939170, 589897880
31373601895368, 586847834
31374188806558, 592381525
31374781247211, 564751531
31375346057199, 591202353
31375937320231, 588942152
31376526319912, 594394351
31377120774279, 577987617
31377698821403, 863222502
31378562101114, 932195673
31379494355920, 582560618
31380076975761, 582209790
31380659244890, 593562903
31381252868021, 579059798
31381831987747, 610822249
31382442869754, 577007735
31383019939040, 599485636
31383619485202, 565195908
31384184743083, 848609754
31385033409003, 940973389
31385974443019, 580886766
31386555392495, 607828654
31387163280239, 582036602
31387745379947, 590488772
31388335929463, 581736932
31388917728088, 583932856
31389501721014, 578638844
31390080420095, 576877976
31390657358989, 857802559
31391515218539, 927253715
31392442531211, 584958871
31393027551088, 629269050
31393656880356, 592775777
31394249722343, 608680319
31394858463610, 595570911
31395454096212, 594207948
31396048364461, 588462754
31396636887846, 589687654
31397226637549, 848002717
31398074695295, 944598104
31399019353584, 604219417
31399623633395, 577535017
31400201230916, 581381456
31400782675495, 593823066
31401376560793, 587982291
31401964603351, 580470415
31402545134093, 583445554
31403128643716, 593824979
31403722532638, 850682729
31404573270785, 941341404
31405514687283, 603207066
31406117956981, 583193093
31406701210444, 600326357
31407301598596, 599773818
31407901437487, 606701225
31408508202440, 574856724
31409083121220, 594033029
31409677216017, 594325555
31410271605217, 867186234
31411138847957, 938814955
31412077724409, 580355690
31412658142390, 602998641
31413261203817, 581378939
31413842642522, 574350765
31414417055383, 609052828
31415026168965, 583777043
31415610007510, 665503016
31416275574606, 594317818
31416869954903, 892349507
31417762358737, 937895235
31418700314813, 587663007
31419288057988, 608363518
31419896480632, 578379448
31420474922453, 597783353
31421072765737, 584997468
31421657824971, 587018761
31422244906240, 601173324
31422846143706, 583801244
31423430012437, 874768921
31424305040512, 945259700
31425250429668, 596673915
31425847143464, 585600144
31426432782929, 605431030
31427038254169, 598171752
31427636466535, 581643589
31428218151282, 602947107
31428821139691, 595298930
31429416479050, 604802246
31430021324284, 881044832
31430902412830, 946574257
31431849026272, 601616672
31432450685961, 604976113
31433055704282, 600689683
31433656433782, 598986470
31434255463241, 606171900
31434861678724, 587964182
31435449685982, 604420893
31436054149695, 598680056
31436652871445, 885642730
31437538553065, 954722053
31438493317865, 603731551
31439097091351, 592136633
31439689269482, 600678302
31440289990888, 602743511
31440892779007, 594578637
31441487402130, 603988073
31442091431075, 606613420
31442698084729, 587125650
31443285251782, 873833123
31444159125990, 940664891
31445099832875, 586372647
31445686246587, 605914589
31446292203120, 586408981
31446878655491, 602915500
31447481612437, 598045062
31448079700358, 596881965
31448676625105, 595687097
31449272355175, 608117271
31449880515908, 877731911
31450758288554, 963421421
31451721751785, 618303909
31452340099268, 586591921
31452926731499, 613432047
31453540205192, 610526254
31454150777264, 620070986
31454770889652, 619375922
31455390307069, 601052594
31455991400355, 595638019
31456587078789, 873721523
31457460836672, 948417098
31458409293826, 601173746
31459010508289, 605608054
31459616155211, 600796189
31460216992857, 586271081
31460803304769, 602362342
31461405706863, 597075434
31462002820279, 607635577
31462610494811, 594188135
31463204722049, 909560844
31464114318991, 945800771
31465060158743, 602717700
31465662918718, 678577629
31466341539204, 618777629
31466960357086, 623585583
31467583983629, 596817568
31468180841950, 604554803
31468785437982, 602179813
31469387660215, 623219130
31470010919770, 864159918
31470875133698, 941418584
31471816592748, 604361596
31472420994655, 611553249
31473032587947, 607728047
31473640356023, 607793350
31474248189941, 583101716
31474831333184, 626306793
31475457680604, 590955916
31476048675879, 605081206
31476653796440, 888930307
31477542762804, 943453006
31478486255397, 623696886
31479109993088, 596649948
31479706684083, 591484962
31480298210781, 604687384
31480902938723, 608521258
31481511500473, 588716792
31482100257398, 611375372
31482711675958, 589437573
31483301154294, 887575381
31484188768531, 962475096
31485151282798, 601450439
31485752773485, 608338522
31486361150746, 591370881
31486952561856, 611319952
31487563922369, 609210509
31488173175189, 620622841
31488793837126, 597410696
31489391290806, 600843282
31489992174423, 875099107
31490867311518, 964817993
31491832173756, 618734165
31492450949802, 596222024
31493047214199, 616576773
31493663833600, 598101815
31494261977302, 617867555
31494879888986, 623835385
31495503766279, 617731540
31496121540702, 619089397
31496740671546, 914975754
31497655687218, 977273424
31498633002966, 622112665
31499255159009, 610727122
31499865929050, 615887601
31500481858970, 613819235
31501095721414, 614410724
31501710176842, 611110718
31502321331844, 611310247
31502932685107, 616529144
31503549258584, 918944122
31504468241639, 966091679
31505434375163, 613967851
31506048386997, 614271261
31506662723384, 613729490
31507276509015, 631565096
31507908128139, 604944616
31508513116453, 626070907
31509139228575, 622736450
31509762007884, 628659426
31510390708244, 891147270
31511281893697, 965813566
31512247749813, 624210203
31512872018321, 620417316
31513492480183, 630262896
31514122786653, 619445875
31514742274553, 615202847
31515357520215, 619893968
31515977456255, 643455202
31516620953603, 615292445
31517236288450, 929897563
31518166225410, 980362743
31519146631245, 616680114
31519763351963, 620583516
31520383977722, 615935627
31520999956521, 624500854
31521624499813, 624725653
31522249268821, 616884318
31522866195593, 610811621
31523477050571, 620884221
31524097978084, 899255439
31524997271647, 980971953
31525978284225, 626203296
31526604530777, 624921803
31527229495357, 623850700
31527853387987, 625149758
31528478580661, 625174592
31529103797828, 619120683
31529722962021, 617493501
31530340498441, 657194032
31530997736079, 933911967
31531931690286, 973441920
31532905173395, 630797028
31533536024096, 623583163
31534159647994, 606469582
31534766159205, 626147932
31535392348131, 615768373
31536008160494, 619678276
31536627880603, 624387218
31537252309661, 623190289
31537875547665, 915927478
31538791515248, 979310348
31539770868945, 624432554
31540395345361, 633859306
31541029247054, 626744823
31541656045197, 630890967
31542286976718, 610694474
31542897714739, 631514800
31543529270594, 630200281
31544159513172, 622308550
31544781864999, 908937415
31545690844439, 974488796
31546665377904, 628409687
31547293830686, 623203130
31547917076544, 644311408
31548561430677, 631600210
31549193072849, 632920916
31549826037972, 639609475
31550465690438, 622521402
31551088257142, 626297137
31551714597882, 912922136
31552627562198, 974476098
31553602080515, 629432981
31554231555025, 640746876
31554872344080, 639254089
31555511643154, 636144345
31556147831740, 634046267
31556781920566, 634204028
31557416169229, 633331317
31558049547750, 633144292
31558682733033, 928928511
31559611702615, 971144634
31560582892787, 627947101
31561210885173, 631202971
31561842129595, 612863094
31562455035069, 622936504
31563078014276, 628304546
31563706359722, 692422378
31564398827300, 621233491
31565020102704, 627993561
31565648138379, 934032722
31566582210881, 966043614
31567548296748, 635016750
31568183356904, 621122649
31568804522923, 629480504
31569434046677, 629306015
31570063393985, 626720599
31570690156473, 628643418
31571318842641, 636090254
31571954977518, 623139878
31572578159510, 923344428
31573501542972, 971512397
31574473096976, 640041362
31575113179869, 630628706
31575743850847, 637719735
31576381617524, 629328204
31577010987990, 634541892
31577645571017, 638446061
31578284062322, 632652941
31578916758697, 636652156
31579553454537, 927761633
31580481262723, 977061891
31581458367499, 646077876
31582104488735, 629972851
31582734503859, 636440577
31583370985160, 626687784
31583997716376, 652298880
31584650059499, 631461189
31585281565653, 639495662
31585921104645, 627403762
31586548551949, 932272839
31587480866478, 989854971
31588470775322, 634327779
31589105148033, 628419234
31589733610421, 636001516
31590369654397, 646000696
31591015701376, 629065466
31591644813217, 649734265
31592294588865, 630784699
31592925415806, 636982166
31593562440658, 940149001
31594502631519, 992852661
31595495526368, 625890792
31596121458126, 632549456
31596754049842, 640225934
31597394317095, 629807630
31598024167043, 644085988
31598668296110, 625042147
31599293379534, 633478227
31599926899283, 627546666
31600554487136, 948096696
31601502624618, 996280676
31602498948742, 619638182
31603118629390, 647241826
31603765912514, 636157642
31604402113556, 635330487
31605037486451, 641537912
31605679067314, 647974743
31606327085330, 629403565
31606956532915, 628150217
31607584727035, 952241316
31608537024676, 993731408
31609530798565, 641311219
31610172152905, 637493623
31610809689276, 643523120
31611453255724, 648356332
31612101654987, 641730326
31612743427667, 631495325
31613374964654, 619051905
31613994058065, 702799953
31614696903059, 958700838
31615655644434, 983587332
31616639275527, 640193319
31617279511442, 647616038
31617927171053, 631348959
31618558566454, 645058577
31619203667278, 640865481
31619844575055, 630992411
31620475611059, 647586777
31621123241106, 642555134
31621765839998, 941980422
31622707862346, 996356113
31623704260338, 647000094
31624351304563, 647543673
31624998890152, 633422282
31625632356996, 635966516
31626268366545, 629889541
31626898300714, 643548043
31627541890321, 644561086
31628186494490, 630316899
31628816854399, 941674525
31629758567250, 991570623
31630750181305, 629339446
31631379565309, 645043035
31632024652546, 642097198
31632666792284, 624837368
31633291678564, 627321406
31633919043694, 655583980
31634574671870, 659151141
31635233866502, 647691306
31635881601943, 951846341
31636833491422, 1006083302
31637839619263, 647566394
31638487229292, 647062748
31639134335379, 644460644
31639778839192, 653835064
31640432716836, 634274428
31641067033550, 642295486
31641709369488, 650205018
31642359616376, 653451991
31643013109898, 955597556
31643968747759, 985822897
31644954613620, 704761831
31645659421517, 650193619
31646309657749, 649128096
31646958829109, 639702408
31647598576058, 653386086
31648252015880, 652470205
31648904528609, 667753912
31649572324688, 665830089
31650238197451, 944746899
31651182986691, 988920621
31652171948876, 637431623
31652809422754, 648786717
31653458252511, 631352252
31654089648064, 650628290
31654740322307, 632018063
31655372382611, 645441331
31656017865916, 634393095
31656652301543, 649491170
31657301835684, 970056021
31658271933309, 988807959
31659260783888, 645033669
31659905860713, 641858980
31660547761285, 645386099
31661193190335, 657793335
31661851024339, 650194050
31662501262082, 642018736
31663143323823, 647800402
31663791168809, 639271980
31664430483938, 956124491
31665386649715, 989302846
31666375995884, 644702248
31667020742381, 656098985
31667676886006, 647681534
31668324612310, 649769861
31668974424446, 638104607
31669612573970, 649836093
31670262453115, 655670349
31670918168640, 661430897
31671579642626, 946707921
-------------
--------->>>>0<<<<---------