---inserts---
28846282747111, 5690208996010
34536503522819, 3486290484
34539989945224, 3699904408
34543689989097, 2956034077
34546646139757, 2943046629
34549589313819, 2020384793
34551609826805, 1799885473
34553409837251, 1597978328
34555007933159, 1875035433
34556883084659, 2266768852
34559149965007, 2998797986
34562148887375, 1060261349
34563209287131, 2022631019
34565232054608, 1388373425
34566620538041, 1118260990
34567738913588, 1321738040
34569060756443, 938034994
34569998901287, 770603300
34570769621864, 1361884937
34572131616271, 1350583700
34573482306139, 1430010629
34574912426180, 854262643
34575766796229, 675536928
34576442443148, 692201920
34577134754968, 727004825
34577861886296, 1129352243
34578991398079, 1015411548
34580006905917, 674002557
34580681009046, 667816409
34581348927443, 1059526571
34582408545719, 1498007203
34583906649620, 806715432
34584713466420, 1066818405
34585780384074, 718488963
34586498970164, 684056410
34587183121152, 1491389792
34588674624645, 665546363
34589340281189, 615612771
34589956025692, 750610414
34590706745046, 1059819060
34591766653499, 1254222807
34593020971567, 644141226
34593665208701, 666289472
34594331595623, 636309065
34594968015121, 624197081
34595592307534, 589998905
34596182406663, 623603860
34596806111137, 611065578
34597417271165, 643989415
34598061358050, 964230490
34599025676600, 1057281109
34600083047579, 619763424
34600702903974, 579502756
34601282501602, 646069281
34601928664489, 618020673
34602546779568, 671087709
34603217962935, 619597305
34603837654174, 601866641
34604439619689, 606964150
34605046677182, 1008009134
34606054774735, 1058800222
34607113673274, 601792192
34607715564676, 612105952
34608327764787, 629768061
34608957627617, 587161747
34609544881953, 597217739
34610142193381, 592744606
34610735033426, 653098777
34611388226717, 611663473
34611999985138, 870894417
34612870966584, 1025963027
34613897026483, 603554255
34614500674126, 590723575
34615091494738, 613609562
34615705200309, 616425104
34616321720376, 612796286
34616934613842, 610667051
34617545376261, 613318041
34618158791646, 591683416
34618750572823, 832004689
34619582666779, 1040798445
34620623559373, 599257399
34621222911896, 569956185
34621792965136, 595974165
34622389030609, 616332366
34623005459420, 580632124
34623586189203, 593965115
34624180247886, 624364663
34624804709764, 616633510
34625421436398, 976403210
34626397931129, 1016916921
34627414943409, 589443487
34628004482888, 611856903
34628616437340, 614712578
34629231245044, 578112100
34629809453082, 605781048
34630415396875, 567769831
34630983264284, 600347113
34631583709224, 601663461
34632185469973, 846583803
34633032153475, 1009183825
34634041432916, 579720005
34634621257105, 591256452
34635212610748, 606887337
34635819599906, 603641749
34636423338104, 574963321
34636998395795, 591715338
34637590207499, 620017380
34638210320922, 591804291
34638802251746, 835880752
34639638300991, 983575534
34640621975098, 584664592
34641206740466, 591422086
34641798261694, 568247443
34642366608656, 585026670
34642951760449, 568016064
34643519877559, 593983119
34644113957372, 554209036
34644668263924, 581288248
34645249642710, 793445715
34646043173912, 974718632
34647017988694, 599226787
34647617313929, 567941475
34648185358385, 565985206
34648751451368, 572064142
34649323619691, 610849578
34649934569568, 585062354
34650519740889, 576405956
34651096391231, 562333548
34651658821565, 916613455
34652575526871, 940897656
34653516521563, 570916290
34654087533102, 550965861
34654638600582, 571127175
34655209825884, 565325900
34655775249612, 562263481
34656337612195, 568591816
34656906304537, 558454577
34657464855900, 557588332
34658022540442, 817913799
34658840541301, 953687853
34659794328118, 565009188
34660359434594, 579222550
34660938755038, 557215711
34661496083746, 554303291
34662050486638, 572296990
34662622883063, 557314872
34663180296651, 545588890
34663725986445, 551771826
34664277854314, 950132080
34665228085970, 939028590
34666167209045, 561349111
34666728651601, 561996339
34667290741218, 596701423
34667887536171, 575511370
34668463141703, 563465343
34669026703193, 566870064
34669593664669, 551157043
34670144919716, 584110401
34670729124718, 940348793
34671669562274, 924956729
34672594617653, 607497520
34673202207546, 561535718
34673763834783, 580878677
34674344806406, 579708469
34674924608058, 597408366
34675522109948, 558549738
34676080752478, 561638650
34676642483068, 567493195
34677210069702, 802306690
34678012467323, 921267908
34678933830576, 567484216
34679501416307, 566675996
34680068186874, 559541548
34680627825273, 559169624
34681187097434, 568493392
34681755687748, 559647271
34682315431499, 536050404
34682851583696, 569261277
34683420944601, 929471644
34684350507920, 948913325
34685299517484, 592495585
34685892112291, 539762508
34686431971603, 561159697
34686993229986, 533226295
34687526558339, 562270417
34688088927538, 549411745
34688638438042, 555203736
34689193743525, 567132955
34689760978563, 816889443
34690577962106, 927009120
34691505076183, 561659524
34692066834081, 560199113
34692627131987, 558834155
34693186064915, 546878158
34693733040123, 549307295
34694282449742, 542392185
34694824937975, 547547049
34695372583398, 545248962
34695917930832, 792355108
34696710377903, 912196001
34697622672597, 541835502
34698164611049, 565123874
34698729841605, 558591377
34699288537705, 579017826
34699867653119, 566358616
34700434110512, 549228399
34700983435206, 546575881
34701530109050, 553528707
34702083735786, 796579404
34702880408730, 907095538
34703787602667, 554464485
34704342160772, 540582589
34704882841282, 561922583
34705444860038, 556310785
34706001266874, 554413988
34706555777815, 553566541
34707109441800, 537641756
34707647180622, 542872118
34708190149380, 915159815
34709105404985, 936358876
34710041863660, 550425755
34710592388610, 559909300
34711152394359, 554292365
34711706786556, 575642237
34712282529941, 552117039
34712834746156, 557943925
34713392787798, 554117639
34713947008851, 552786433
34714499895073, 931593983
34715431588213, 918206109
34716349892283, 566337295
34716916335844, 554602292
34717471040666, 557365026
34718028511533, 559970687
34718588585942, 562300748
34719150988919, 561104615
34719712196810, 554423627
34720266722703, 546982855
34720813806451, 801906538
34721615805585, 923954092
34722539860688, 572308416
34723112274681, 571260891
34723683643359, 550597357
34724234340485, 572989006
34724807435219, 574922999
34725382457759, 561974223
34725944531696, 573053841
34726517685984, 557833474
34727075620680, 803561828
34727879271754, 928812732
34728808189404, 560742072
34729369029418, 549617834
34729918747262, 555919748
34730474777126, 543589266
34731018474712, 565088723
34731583677519, 561374623
34732145149938, 558157780
34732703407408, 553522879
34733257029876, 788164417
34734045286873, 905535078
34734950919897, 549844770
34735500864643, 533945844
34736034905762, 562029101
34736597033676, 551813056
34737148946166, 560174639
34737709217620, 562147508
34738271461441, 559274603
34738830835064, 560342851
34739391283796, 801763957
34740193143520, 933804948
34741127047795, 550699805
34741677847779, 562575757
34742240519407, 560152685
34742800772554, 569094255
34743369974028, 549456657
34743919529295, 546198660
34744465825898, 554112170
34745020055660, 566418582
34745586574635, 821187857
34746407853239, 929521619
34747337475536, 568593743
34747906167959, 545943006
34748452209187, 571302162
34749023610328, 562371820
34749586082789, 554354233
34750140540526, 559358020
34750699997209, 555183330
34751255282503, 554861604
34751810245218, 937034726
34752747392121, 922212217
34753669726599, 563936520
34754233763153, 568712157
34754802574241, 560126741
34755362801090, 557029288
34755919930714, 554103394
34756474135703, 573398416
34757047634086, 554969540
34757602703984, 579314166
34758182118285, 793697278
34758975908860, 937534789
34759913544108, 569410462
34760483054229, 557172897
34761040331628, 577055319
34761617491208, 553312021
34762170906913, 585796939
34762756807761, 565835761
34763322787158, 588275556
34763911370595, 555818287
34764467307888, 813318682
34765280702923, 911926050
34766192712653, 558060146
34766750855389, 552724464
34767303661168, 559000930
34767862747484, 571308103
34768434135284, 562313763
34768996529890, 558510689
34769555120747, 558232711
34770113435960, 544271348
34770657787837, 807463621
34771465454450, 933877578
34772399432864, 573572823
34772973089295, 558137483
34773531306348, 573531714
34774104919507, 570745970
34774675751194, 577992489
34775253826718, 564322674
34775818230579, 549080172
34776367391678, 560366042
34776927836306, 835072218
34777762987186, 939839390
34778702906247, 564650035
34779267636385, 584020202
34779851742319, 576211416
34780428052200, 586189541
34781014320276, 571000248
34781585402056, 578452179
34782163932532, 573134483
34782737143962, 573481968
34783310702897, 816457245
34784127233625, 926561537
34785053871006, 568374691
34785622322745, 572803116
34786195206549, 556098244
34786751380719, 579194695
34787330660294, 582913831
34787913656071, 563584812
34788477319125, 568493090
34789045891472, 558322593
34789604295116, 813096322
34790417466104, 925111546
34791342654513, 571504449
34791914237821, 565087935
34792479404194, 560030331
34793039511913, 600436422
34793640043235, 574512798
34794214635998, 567896340
34794782609743, 559013307
34795341720506, 559131004
34795900931277, 804554207
34796705559446, 913404145
34797619042132, 570070152
34798189189785, 566048782
34798755316242, 563517356
34799318918691, 575076619
34799894073198, 570441069
34800464594639, 552185753
34801016867158, 577015433
34801593962780, 572678154
34802166720486, 813839268
34802980632253, 925441552
34803906151973, 562656381
34804468889065, 577152450
34805046118611, 564181891
34805610383562, 590493814
34806200959100, 567274728
34806768311943, 577931866
34807346322678, 578174864
34807924577042, 568182877
34808492857488, 940646169
34809433602905, 922809890
34810356512893, 570090349
34810926749088, 565305701
34811492186853, 578957497
34812071285446, 562511872
34812633869496, 570219254
34813204163318, 572120620
34813776358604, 581652882
34814358085136, 578418676
34814936576836, 838691097
34815775337216, 932643148
34816708065914, 569205640
34817277345697, 588948382
34817866370172, 580542713
34818446993457, 589351236
34819036426282, 567243487
34819603745618, 596679554
34820200497940, 572925749
34820773499365, 570960218
34821344534324, 838157865
34822182763806, 941360295
34823124201127, 592196246
34823716472367, 574651306
34824291195324, 592772764
34824884057721, 561607232
34825445740488, 579473149
34826025289772, 573534117
34826598899001, 571056084
34827170029553, 568954122
34827739058037, 848021559
34828587151891, 939141152
34829526366669, 591622028
34830118066592, 590250009
34830708392270, 581602786
34831290074184, 571300807
34831861453044, 577606928
34832439135313, 584262029
34833023470774, 583501703
34833607061587, 617031819
34834224169178, 839685276
34835063926648, 952234518
34836016235331, 594977836
34836611287868, 592830965
34837204194272, 590375095
34837794649391, 594606832
34838389333019, 583753920
34838973162808, 573689059
34839546924063, 593578859
34840140581511, 595009952
34840735672438, 860325828
34841596089610, 939048500
34842535214464, 593916740
34843129207098, 575212365
34843704489921, 561340133
34844265905621, 577869974
34844843855252, 579994004
34845423924078, 574653000
34845998649080, 559239549
34846557964094, 580600313
34847138636567, 840515384
34847979223384, 944350606
34848923648088, 584942245
34849508663224, 576791353
34850085526828, 593331699
34850678933543, 585966785
34851264972749, 592370549
34851857415636, 575996475
34852433483625, 568764924
34853002325289, 582263543
34853584662302, 991395678
34854576127826, 946769794
34855522970356, 577863871
34856100908498, 579490638
34856680468159, 561527015
34857242067658, 565360467
34857807502610, 572923836
34858380501259, 589097775
34858969670674, 582955199
34859552699633, 591028090
34860143800261, 828767983
34860972636148, 936232477
34861908941921, 585744636
34862494760475, 574887818
34863069720296, 583128474
34863652922088, 586302740
34864239296196, 588166024
34864827536269, 564282424
34865391892660, 593320496
34865985286843, 577913798
34866563271055, 842716431
34867406058539, 942428869
34868348560962, 577621896
34868926254819, 590635906
34869516963997, 586379125
34870103417051, 584341578
34870687832090, 590618963
34871278529339, 572112983
34871850716313, 563893055
34872414682915, 592768930
34873007522625, 862951277
34873870543736, 938831988
34874809446707, 590258944
34875399778569, 584450422
34875984309410, 590244012
34876574627610, 584914858
34877159620261, 596309262
34877756018092, 578832425
34878334923361, 572607069
34878907602830, 575155285
34879482831504, 877132557
34880360043501, 945792500
34881305909696, 601552486
34881907537283, 594413026
34882502024260, 576050203
34883078148445, 586849807
34883665071943, 583719650
34884248864675, 595984666
34884844921377, 593367011
34885438362730, 573674724
34886012112206, 848616285
34886860801140, 957938323
34887818812932, 585725400
34888404610412, 589133216
34888993816901, 581285427
34889575175858, 577382851
34890152630593, 578603527
34890731306764, 587912083
34891319291468, 587193607
34891906560007, 586892869
34892493527306, 846867392
34893340467115, 920058165
34894260730331, 584196171
34894845338202, 586962261
34895432446368, 575440827
34896007939825, 578369921
34896586361840, 575770494
34897162181840, 594029233
34897756259761, 593438095
34898349747509, 587948077
34898937747735, 850374070
34899788168725, 954140057
34900742358081, 587531601
34901329938222, 590453133
34901920441761, 583851133
34902504340796, 593945122
34903098336426, 582568055
34903680954175, 587155857
34904268163213, 571507932
34904839720250, 575703038
34905415471248, 861302840
34906276820359, 948097385
34907224969982, 599840042
34907824861053, 601786828
34908426697212, 590894616
34909017648166, 586224511
34909603924474, 596133311
34910200111396, 577961681
34910778171209, 582859601
34911361102109, 575912155
34911937067601, 858860272
34912795976228, 933873596
34913729904096, 581624960
34914311577995, 605577214
34914917206588, 589305106
34915506562589, 592577484
34916099190227, 606227734
34916705469330, 593699610
34917299219984, 598124647
34917897396055, 599116354
34918496563264, 860596467
34919357224511, 947134245
34920304427038, 595873859
34920900350640, 595559880
34921495960578, 616166413
34922112179074, 604768253
34922716996641, 620897209
34923337944304, 606785987
34923944779684, 609635673
34924554469040, 620077428
34925174596503, 863142340
34926037781878, 954483140
34926992315210, 600825785
34927593192277, 592553364
34928185796247, 598409806
34928784258040, 588247092
34929372554071, 595006167
34929967608183, 609240459
34930576897333, 597915530
34931174864106, 595073199
34931769985976, 868897954
34932638929363, 968560772
34933607536548, 606734277
34934214319556, 600353093
34934814718226, 605967986
34935420734892, 601773059
34936022557830, 593843326
34936616450003, 598559254
34937215062619, 604115362
34937819233673, 606948764
34938426231957, 879157919
34939305435283, 952700804
34940258183505, 581343790
34940839576344, 621840337
34941461465117, 590847909
34942052361697, 607833651
34942660244040, 595261112
34943255554315, 594553354
34943850156411, 582354810
34944432561465, 587619948
34945020234126, 859041398
34945879323089, 964033690
34946843404027, 599741844
34947443195966, 609846612
34948053092399, 596133358
34948649273941, 600812879
34949250136595, 591668811
34949841855795, 600605601
34950442520851, 597454181
34951040043252, 609968516
34951650060421, 863609975
34952513718187, 949280917
34953463048400, 592370308
34954055468120, 601754530
34954657275000, 606083078
34955263407359, 600961356
34955864418650, 593196064
34956457664190, 600416742
34957058129109, 580893039
34957639072857, 605806303
34958244930137, 880444481
34959125421304, 935367425
34960060836855, 605631716
34960666519722, 598423621
34961264992851, 595319357
34961860359830, 604186811
34962464595422, 601868423
34963066515478, 595141624
34963661704758, 604220070
34964265976564, 615535083
34964881559032, 889363560
34965770969217, 966459310
34966737477033, 601541943
34967339068687, 595655414
34967934772567, 599255042
34968534075784, 590629021
34969124753562, 596454411
34969721257013, 614195909
34970335503012, 585283214
34970920835159, 621637438
34971542520996, 878045631
34972420612982, 962833947
34973383495535, 604234106
34973987780475, 602549363
34974590378221, 597488400
34975187921540, 598777360
34975786749409, 595611219
34976382407382, 615486940
34976997945842, 578463873
34977576457192, 590521049
34978167034151, 887871582
34979055067393, 969417530
34980024582471, 601974778
34980626600077, 601621559
34981228263689, 585075605
34981813379644, 615527188
34982428949389, 599432493
34983028423811, 611827017
34983640290916, 593848527
34984234179205, 601030689
34984835250776, 878886231
34985714176377, 955031284
34986669246362, 597770625
34987267057394, 597035818
34987864133839, 600094020
34988464267154, 613648401
34989077955020, 605304972
34989683299628, 593761684
34990277100752, 601141506
34990878280673, 591256072
34991469577205, 877371031
34992346987099, 968705233
34993315730315, 608795180
34993924566525, 604812671
34994529419327, 618808701
34995148270640, 586921124
34995735233612, 603216782
34996338492108, 589018657
34996927551807, 599544198
34997527138344, 594062355
34998121241449, 897142714
34999018424489, 976101354
34999994567026, 619235408
35000613843405, 598710954
35001212595003, 612255186
35001824890683, 592895418
35002417827417, 620875761
35003038743074, 583627987
35003622413098, 602244147
35004224697188, 616199841
35004840938104, 891242178
35005732218396, 966720336
35006698981002, 629911369
35007328931809, 618408903
35007947380575, 625392996
35008572815046, 599350094
35009172204611, 604702066
35009776947320, 602983648
35010379971565, 599242830
35010979256949, 613414789
35011592712733, 889639967
35012482391750, 979954227
35013462387898, 623406761
35014085835017, 602243064
35014688119870, 617384381
35015305546389, 627538306
35015933125376, 620447612
35016553615105, 635650179
35017189304860, 627267410
35017816618615, 621110113
35018437768925, 889517564
35019327324799, 979239726
35020306604931, 612624333
35020919269821, 598165429
35021517473590, 614244896
35022131758190, 618443606
35022750240045, 618634391
35023368914340, 628152527
35023997107148, 633813309
35024630961856, 600049735
35025231052349, 901238262
35026132329135, 974366804
35027106736151, 621330297
35027728105010, 631295756
35028359441831, 615738684
35028975220339, 622886875
35029598147560, 631706237
35030229894646, 614816033
35030844752426, 626558040
35031471352589, 626728797
35032098122075, 936049165
35033034209554, 989928726
35034024178653, 616778204
35034640996659, 624864073
35035265901198, 624031696
35035889971601, 623280169
35036513290903, 613050603
35037126381717, 636887272
35037763310180, 606693737
35038370045222, 636339974
35039006425542, 899990346
35039906453130, 969669705
35040876162013, 621835985
35041498038837, 627864544
35042125947223, 621283471
35042747271276, 624495028
35043371806074, 620283460
35043992133752, 604739083
35044596915691, 619204991
35045216161803, 620117306
35045836322116, 926077702
35046762437205, 982850388
35047745327643, 622101266
35048367472713, 626525675
35048994039573, 622959968
35049617044622, 633707145
35050250796055, 628883675
35050879720381, 630144576
35051509906705, 624704264
35052134652940, 640190823
35052774884202, 928174647
35053703097620, 982377518
35054685517990, 632813198
35055318371751, 626307426
35055944721828, 620810365
35056565577457, 626279453
35057191897666, 647330528
35057839272585, 644412741
35058483725518, 625114376
35059108904619, 635326486
35059744284745, 916877231
35060661213982, 975695698
35061636951284, 642769225
35062279760049, 654690425
35062934491032, 611640692
35063546173624, 636502640
35064182714913, 634314926
35064817069859, 627424446
35065444534713, 632289198
35066076866754, 629951705
35066706859136, 921789242
35067628686473, 989833087
35068618574095, 635503830
35069254117993, 616603681
35069870762634, 629820785
35070500624352, 624794882
35071125460422, 617328797
35071742829112, 639302341
35072382171601, 636514332
35073018726186, 612739240
35073631506809, 917934592
35074549479764, 995126039
35075544646269, 628372586
35076173058669, 610542446
35076783642666, 617383920
35077401067609, 624201459
35078025309430, 608351937
35078633706384, 620127767
35079253874966, 615622748
35079869540207, 611905031
35080481485990, 911915760
35081393441495, 967467079
35082360948424, 652227751
35083013218113, 624947810
35083638204840, 625828500
35084264072571, 628690691
35084892804862, 623356581
35085516201852, 630961123
35086147202801, 632718661
35086779961896, 622480415
35087402481900, 927250054
35088329773849, 1002691026
35089332506097, 634755642
35089967300490, 636256893
35090603596671, 639381125
35091243024413, 635840996
35091878907368, 633405636
35092512354956, 623531207
35093135926812, 644259915
35093780228082, 625170692
35094405438274, 941043481
35095346520849, 981883590
35096328444288, 638469157
35096966952710, 615202002
35097582194667, 622872466
35098205106679, 637038357
35098842185107, 642157648
35099484382238, 641818390
35100126241474, 629060462
35100755341746, 648698064
35101404079402, 927733226
35102331850717, 992544685
35103324436773, 633336110
35103957813854, 632186070
35104590038956, 633363100
35105223443371, 623646741
35105847131015, 644861711
35106492050422, 634574632
35107126665586, 640928567
35107767633790, 631324302
35108398999888, 939840380
35109338880017, 985878510
35110324797733, 645771237
35110970608943, 634399270
35111605047599, 649968227
35112255054845, 634780530
35112889874829, 636576110
35113526490640, 622469703
35114149001659, 625294446
35114774337987, 633368872
35115407750652, 940424871
35116348214155, 1011740671
35117359995689, 640788437
35118000822781, 636206647
35118637070548, 647383397
35119284495234, 643841931
35119928378005, 634396528
35120562814016, 635819130
35121198673095, 648597570
35121847312967, 635851065
35122483205098, 939196864
35123422443574, 988946303
35124411431557, 651715870
35125063187854, 638234345
35125701464411, 646919578
35126348424996, 650964588
35126999429784, 624561445
35127624040514, 666163939
35128290244878, 632869409
35128923155629, 623630837
35129546829138, 948565815
35130495436078, 992694511
35131488172217, 652661899
35132140875412, 634991132
35132775907656, 644860250
35133420808106, 641687656
35134062537716, 647637024
35134710218347, 641035508
35135351294114, 657926021
35136009260522, 633687704
35136642989358, 955265033
35137598296585, 999095337
35138597431522, 636843403
35139234318691, 648960386
35139883319150, 630211241
35140513573895, 638476743
35141152089491, 621770805
35141773899920, 645576886
35142419520035, 648311379
35143067872816, 646749279
35143714662192, 953844885
35144668544572, 991403827
35145659988435, 637130336
35146297160852, 631475747
35146928677353, 636226529
35147564944566, 659202517
35148224187244, 646584479
35148870812047, 649166333
35149520035354, 640979769
35150161055099, 631501463
35150792599110, 934056952
35151726696494, 983494918
35152710229821, 621120848
35153331391412, 639455851
35153970888164, 653570927
35154624498774, 641091906
35155265634625, 650719286
35155916393491, 650423651
35156566858324, 631748145
35157198648076, 643861442
35157842551217, 989747830
35158832337606, 993491478
35159825868901, 642652475
35160468561344, 631923388
35161100523663, 618463147
35161719029037, 638779768
35162357849261, 637305048
35162995193899, 637871256
35163633104718, 640798837
35164273944901, 628999378
35164902984737, 966700641
35165869742562, 998284499
35166868066481, 649550035
35167517655673, 625773242
35168143469173, 640599886
35168784108927, 649937461
35169434085106, 673828474
35170107953680, 663526421
35170771519141, 652965010
35171424524329, 639510705
35172064082819, 932980324
35172997100399, 995534879
35173992675582, 648836316
35174641550908, 659460754
35175301051311, 660798597
35175961888641, 638064664
35176599993333, 639882345
35177239915996, 653783951
35177893742199, 635634297
35178529416935, 641901094
35179171356945, 952621499
35180124024025, 1006986374
35181131051946, 656706253
35181787798220, 660923335
35182448762232, 659537557
35183108339271, 653945237
35183762322873, 654590163
35184416951293, 635364035
35185052354527, 634361450
35185686754782, 639922901
35186326717008, 963504244
35187290259900, 1013382352
35188303680076, 646260458
35188949979923, 646113826
35189596132261, 628142145
35190224315140, 640658688
35190865013714, 658921969
35191523975282, 643798376
35192167813840, 665094937
35192832947291, 629347281
35193462336598, 961069872
35194423444722, 1001392163
35195424875317, 640256933
35196065171710, 643313301
35196708523322, 657896133
35197366459423, 661918409
35198028417758, 651735077
35198680192822, 645256951
35199325490941, 667978491
35199993509687, 649728626
35200643280948, 958879507
35201602201388, 997235496
35202599478384, 646024712
35203245543465, 648449328
35203894033275, 642598045
35204536671796, 651512917
35205188226257, 647949531
35205836217464, 654987983
35206491244470, 643211599
35207134497156, 658669274
35207793208074, 972116760
35208765364268, 1018667101
35209784071746, 644846658
35210428958593, 652004452
35211081002841, 650698279
35211731741876, 661913140
35212393697979, 652900206
35213046637827, 650037270
35213696716452, 693737776
35214390496897, 656012723
35215046550005, 951986777
35215998575017, 1026350528
35217024964269, 666407141
35217691412286, 702414568
35218393867465, 653661732
35219047569602, 772241534
35219819852840, 644367252
35220464262019, 651935600
35221116238022, 641238427
35221757516474, 649936577
35222407496441, 949567727
35223357104018, 1009584591
35224366727667, 648937436
35225015707460, 638334499
35225654082669, 665661524
35226319785444, 642175796
35226962000731, 642674470
35227604717126, 655351897
35228260108686, 653381155
35228913533916, 636527834
35229550102084, 957648365
-------------
--------->>>>0<<<<---------