---inserts---
28846415806419, 10095439424505
38941867084523, 2839537639
38944706753606, 3407628127
38948114499857, 3340029987
38951454651143, 1853229354
38953308020828, 2560915897
38955869048653, 1544744579
38957413925453, 1829632671
38959243666655, 1793478052
38961037248586, 2206374598
38963243726891, 3221869441
38966465711448, 1486799636
38967952637107, 1336956620
38969289706413, 895227929
38970185039530, 1445409095
38971630551626, 759265340
38972389923215, 907356869
38973297379478, 970153537
38974267635057, 777013877
38975044755234, 1764895639
38976809746963, 1367084494
38978176935322, 1124557687
38979301593358, 679001135
38979980701659, 1249208355
38981230023148, 680190807
38981910359948, 1208769694
38983119290098, 1719309511
38984838690991, 830625123
38985669408200, 736277500
38986405778169, 1023205913
38987429072064, 1153247892
38988582412955, 1113649739
38989696157254, 851043668
38990547296686, 658096293
38991205489430, 711996153
38991917578365, 694537406
38992612229753, 712941734
38993325277369, 658703749
38993984100988, 656349816
38994640557278, 1241608937
38995882261888, 1041460090
38996923815495, 627904514
38997551814995, 676601825
38998228512234, 633310450
38998861914514, 814769210
38999676776127, 1143898939
39000820766089, 616295199
39001437154823, 636623423
39002073869959, 781300649
39002855263001, 887920775
39003743272248, 1068356828
39004811718853, 590317058
39005402130848, 606121338
39006008346539, 630328191
39006638767285, 1055017773
39007693875531, 640065660
39008334035669, 632489324
39008966618466, 631639317
39009598354077, 603457150
39010201903164, 976100889
39011178093303, 1080866042
39012259055317, 608924824
39012868091749, 603750803
39013471936095, 616947965
39014088976591, 615405822
39014704474574, 595065910
39015299632826, 598092740
39015897817674, 616637856
39016514546953, 605196163
39017119835419, 895325595
39018015246694, 1017589300
39019032930872, 618538943
39019651569732, 607737076
39020259399711, 611099481
39020870597417, 597371556
39021468074482, 559948681
39022028126963, 599868891
39022628102430, 582108926
39023210303871, 575733499
39023786130064, 966753800
39024752970430, 1006516788
39025759577928, 601038423
39026360707033, 586940293
39026947738931, 613541926
39027561374681, 626155010
39028187624401, 596513460
39028784232502, 604105754
39029388433388, 600684942
39029989211329, 581312966
39030570617856, 841791301
39031412492030, 966712762
39032379297059, 602893518
39032982284695, 576510736
39033558886383, 593558304
39034152538010, 581213112
39034733841940, 580919142
39035314901960, 610918449
39035925913925, 580755430
39036506759807, 574139794
39037080996902, 967846179
39038048933035, 982518322
39039031545477, 578454426
39039610097443, 580561386
39040190753508, 553279431
39040744128424, 585199493
39041329421801, 582552369
39041912080957, 572988849
39042485162365, 568136447
39043053392100, 553419798
39043606923382, 840659807
39044447742757, 993195733
39045441036438, 586525337
39046027659796, 574999938
39046602758984, 586154627
39047189012466, 591745752
39047780875836, 585625068
39048366601369, 565176352
39048931868396, 558100629
39049490064735, 555009787
39050045166167, 954765097
39051000029267, 954428895
39051954560520, 598319473
39052552970136, 600142646
39053153209772, 581913095
39053735231885, 556302594
39054291632613, 570840587
39054862569182, 561509092
39055424201303, 566392262
39055990711527, 592084829
39056582890383, 787864971
39057370844212, 939070607
39058310007950, 554202771
39058864304405, 588782105
39059453180786, 554341065
39060007616823, 591796431
39060599506128, 557318487
39061156917556, 591254362
39061748265352, 560160582
39062308523006, 564920141
39062873534740, 795252561
39063668876401, 953651904
39064622622229, 573764169
39065196480310, 547080863
39065743659498, 570701460
39066314457211, 550187087
39066864736601, 574951743
39067439783508, 572925300
39068012801095, 572157908
39068585051370, 568637980
39069153782997, 934208230
39070088092814, 922221937
39071010408757, 558495664
39071568997980, 552240237
39072121332865, 569150944
39072690578956, 567786283
39073258459945, 558108182
39073816662244, 564021180
39074380779801, 568551584
39074949425570, 549441467
39075498959946, 942412572
39076441465636, 991245897
39077432807465, 592804533
39078025707135, 578947353
39078604749195, 557856846
39079162701999, 577781699
39079740582627, 568702120
39080309381143, 546256399
39080855736233, 563933902
39081419765972, 576201109
39081996074002, 924068354
39082920234754, 926346549
39083846680387, 558163179
39084404937197, 575247768
39084980277579, 575522372
39085555895129, 574512593
39086130502447, 564706863
39086695303714, 572453948
39087267852349, 563922387
39087831872885, 543863615
39088375837655, 806576240
39089182514718, 949241898
39090131853381, 557643126
39090689593293, 562436785
39091252122697, 546670423
39091798890992, 570664756
39092369648686, 536961777
39092906708664, 575451416
39093482262577, 554674404
39094037036912, 566174380
39094603307809, 806026581
39095409429310, 916206106
39096325730145, 558748437
39096884578175, 552527548
39097437202834, 550222912
39097987527611, 535759402
39098523386617, 556324589
39099079820684, 531280065
39099611201088, 541931411
39100153238112, 525592594
39100678931940, 819262592
39101498285337, 913626044
39102412018340, 556990706
39102969104771, 547535379
39103516738968, 548031215
39104064878086, 558067338
39104623043936, 556737967
39105179880067, 564820865
39105744801531, 542724582
39106287628664, 565160240
39106852889557, 797377046
39107650354396, 898891210
39108549344667, 545253073
39109094694370, 553999223
39109648790613, 565376079
39110214263828, 551795496
39110766153680, 566337152
39111332586314, 537008375
39111869690033, 562611764
39112432399634, 542672178
39112975169478, 780414902
39113755678688, 912700338
39114668474262, 539831311
39115208402291, 559199622
39115767699873, 543605652
39116311402612, 542998671
39116854496577, 555490589
39117410088189, 606383022
39118016567219, 536786309
39118553454186, 552324498
39119105888673, 801459726
39119907449582, 893550055
39120801097083, 561719744
39121362917082, 547809618
39121910825307, 573822667
39122484755824, 566188867
39123051041909, 547121167
39123598260690, 558855333
39124157214696, 563993912
39124721310388, 548601202
39125270007130, 801473112
39126071572431, 911553486
39126983226141, 555152227
39127538477379, 560808448
39128099384547, 556089719
39128655572329, 557793222
39129213463890, 555484888
39129769047750, 559800269
39130328948058, 565551916
39130894608129, 556901273
39131451608924, 939333642
39132391036148, 915208134
39133306347477, 569281336
39133875727394, 556810390
39134432639643, 576538531
39135009281846, 546039142
39135555434451, 580045535
39136135755095, 553067623
39136688930510, 562586536
39137251616429, 567112152
39137818829978, 804677029
39138623599584, 922703024
39139546416085, 550700910
39140097215214, 560598968
39140657910593, 554195283
39141212202310, 567623874
39141779926954, 560889373
39142340916036, 557182422
39142898197189, 541860233
39143440160248, 576564326
39144016824312, 797841262
39144814759681, 949671551
39145764531825, 560531128
39146325163269, 535101093
39146860362146, 543808976
39147404267695, 559761425
39147964142487, 563138053
39148527377450, 540462496
39149067935077, 570048217
39149638086172, 568758346
39150206950943, 834968086
39151042013748, 926735224
39151968850872, 561589024
39152530540723, 569754194
39153100395603, 557227735
39153657723601, 573072184
39154230896379, 547575594
39154778571479, 571135985
39155349807516, 546980557
39155896896241, 573161663
39156470158671, 810834875
39157281108536, 910846997
39158192097238, 552895821
39158745092870, 559049762
39159304241888, 554578742
39159858919563, 554568367
39160413589576, 562187897
39160975874102, 548439054
39161524413185, 566271469
39162090782832, 558306608
39162649190023, 808718173
39163458001924, 907588091
39164365688282, 564472342
39164930257729, 563261975
39165493617318, 561975840
39166055692102, 541345485
39166597135826, 564901846
39167162134813, 557361868
39167719618841, 548746797
39168268567129, 567727108
39168836384901, 804836947
39169641312137, 916444638
39170557849771, 554710129
39171112653510, 565348354
39171678094273, 556741782
39172234928426, 559360827
39172794380742, 555664052
39173350139252, 563535879
39173913766996, 556146720
39174470010733, 568540974
39175038644481, 805827570
39175844562084, 908467205
39176753117530, 563005242
39177316215123, 559701701
39177876028638, 561774672
39178437893482, 556796477
39178994780108, 564391077
39179559264795, 563974908
39180123331859, 555941231
39180679372796, 564492490
39181243958525, 821424800
39182065471499, 919892164
39182985456063, 556562648
39183542108180, 555399662
39184097609073, 542150399
39184639850147, 566809226
39185206753671, 567520401
39185774371758, 593850369
39186368321000, 561440340
39186929855078, 569667898
39187499614990, 940608547
39188440314105, 910128844
39189350533814, 563812701
39189914439499, 564498738
39190479034244, 573190866
39191052317258, 554301563
39191606710300, 573389411
39192180192102, 564888403
39192745172242, 573031872
39193318297278, 562618658
39193881012063, 811382875
39194692486157, 930164859
39195622744600, 565362193
39196188200057, 562416108
39196750706133, 555414401
39197306213204, 558043989
39197864354141, 561801457
39198426246359, 565584730
39198991921258, 567507467
39199559528981, 568688316
39200128308923, 812096364
39200940496939, 912526238
39201853116642, 556489950
39202409700198, 576068875
39202985860828, 542762968
39203528716374, 561161495
39204089971695, 566521838
39204656584591, 563213972
39205219890759, 551556170
39205771536172, 558211370
39206329841617, 812856621
39207142786376, 920929885
39208063808522, 561930104
39208625828016, 572224321
39209198142481, 569256003
39209767491647, 542493656
39210310074321, 578523172
39210888688893, 557528460
39211446309456, 572519838
39212018923118, 553468051
39212572552527, 839355822
39213412037303, 931937466
39214344109299, 557068258
39214901330543, 560875435
39215462421783, 560771833
39216023431176, 562045535
39216585574589, 551712638
39217137362079, 576436902
39217713872676, 576309152
39218290258484, 566372242
39218856705536, 813565006
39219670342643, 911822409
39220582239500, 572097447
39221154412360, 572984436
39221727476676, 579181479
39222306733029, 569566059
39222876376096, 565175028
39223441624658, 565742730
39224007442729, 561258059
39224568779136, 571078055
39225139935069, 829017516
39225969027510, 926455265
39226895556302, 562159915
39227457791485, 567303857
39228025167924, 568991780
39228594234167, 575378973
39229169688434, 560656430
39229730418352, 564202857
39230294695475, 561559967
39230856328512, 570830177
39231427233490, 806117633
39232233422058, 899786487
39233133280611, 552981158
39233686335983, 572627937
39234259039414, 563748334
39234822861192, 567186903
39235390123803, 560114811
39235950312846, 550991577
39236501378264, 559758877
39237061213410, 568451324
39237629744593, 808689738
39238438506220, 908946419
39239347526947, 566055652
39239913657052, 563969992
39240477702446, 563194499
39241040972793, 565735925
39241606781811, 577100053
39242183956347, 562698876
39242746728955, 573528900
39243320333430, 573851316
39243894261798, 824121962
39244718457886, 920260774
39245638793744, 564975904
39246203843851, 575305231
39246779229412, 547564698
39247326868839, 553306646
39247880257025, 567894187
39248448225531, 577286215
39249025588938, 564900078
39249590561876, 579842029
39250170479147, 807766368
39250978316909, 915468569
39251893859124, 564050069
39252457984130, 560186641
39253018245933, 573682900
39253592019585, 561912988
39254154007682, 576759493
39254730843152, 558390394
39255289308518, 584523493
39255873908317, 576756806
39256450742331, 838339727
39257289153224, 946125007
39258235352253, 597317320
39258832752861, 576848295
39259409675509, 584793555
39259994543477, 571640933
39260566262021, 584054164
39261150390317, 565767318
39261716230025, 563515957
39262279820246, 563856643
39262843754065, 993351729
39263837178312, 922720511
39264759977214, 565788907
39265325842056, 578453333
39265904369557, 579959124
39266484403941, 582821175
39267067299317, 569206121
39267636581056, 579181445
39268215838307, 563641026
39268779554282, 571767463
39269351396228, 830949827
39270182418203, 909663982
39271092156422, 575230697
39271667463582, 570201070
39272237738744, 562173258
39272799991291, 564162197
39273364229289, 581853517
39273946155065, 563523332
39274509752580, 582389875
39275092218598, 561278957
39275653575722, 837526353
39276491172871, 917952878
39277409202248, 577526512
39277986807513, 570115854
39278556997893, 573121704
39279130195510, 570637204
39279700908923, 573135513
39280274119345, 554205433
39280828402343, 572430561
39281400908966, 562887608
39281963872748, 843855880
39282807798468, 924710881
39283732582812, 576909272
39284309568063, 577862542
39284887505568, 582862344
39285470444592, 574411691
39286044930854, 569107916
39286614111860, 578183885
39287192369927, 569297949
39287761742955, 582899444
39288344716694, 970744592
39289315533297, 925527462
39290241137290, 587716396
39290828929221, 591643561
39291420647580, 581345781
39292002070234, 565230519
39292567381699, 578469950
39293145928854, 574410734
39293720418386, 572044264
39294292539493, 579155437
39294871772127, 983253832
39295855098982, 920262759
39296775516033, 595986603
39297371738656, 582468063
39297954303025, 573155404
39298527522558, 568401838
39299095986674, 575007684
39299671056901, 570427470
39300241546695, 578480806
39300820088989, 578214990
39301398366648, 850604361
39302249028134, 934381236
39303183473822, 565354900
39303748893528, 590624457
39304339583347, 579986878
39304919635554, 586064590
39305505762993, 594899851
39306100725604, 581533763
39306682323974, 574789454
39307257176853, 591734458
39307848974258, 833759591
39308682795132, 910250509
39309593109303, 594178030
39310187350922, 583524859
39310770939353, 588675922
39311359681294, 587234453
39311946980096, 595542305
39312542586725, 559669531
39313102366940, 574087493
39313676535501, 590871223
39314267476067, 860665870
39315128206852, 948339343
39316076615842, 574409782
39316651096269, 597489668
39317248655409, 574149859
39317822871806, 607390732
39318430328467, 594622190
39319025017593, 601318432
39319626403090, 593177036
39320219647581, 580717786
39320800431663, 842404203
39321642902095, 942541153
39322585511930, 586070547
39323171648286, 584585706
39323756304927, 598981531
39324355354917, 596988552
39324952412546, 588818509
39325541297418, 592881970
39326134247692, 579954600
39326714267440, 579337350
39327293673746, 874391962
39328168129142, 963282842
39329131476538, 587786352
39329719328699, 602227416
39330321624670, 599972857
39330921663469, 610884956
39331532614223, 589704486
39332122384547, 593331367
39332715783908, 589879372
39333305731991, 590358583
39333896155452, 868792828
39334765012704, 959631882
39335724715988, 601978191
39336326759981, 594974738
39336921800668, 598584229
39337520451946, 590090345
39338110610578, 586550022
39338697228862, 599463954
39339296759202, 591346364
39339888171416, 601277981
39340489517224, 864944639
39341354525887, 942140060
39342296732677, 601634473
39342898432303, 594974457
39343493472080, 602636362
39344096175092, 598898290
39344695138909, 586411572
39345281616059, 578412669
39345860094184, 604005081
39346464166314, 599302817
39347063534922, 885968449
39347949568044, 958255864
39348907891835, 600292401
39349508251589, 604648100
39350112966580, 585884401
39350698921414, 611904126
39351310894304, 586344042
39351897305708, 605290032
39352502663305, 608413387
39353111145370, 619878777
39353731093574, 866247258
39354597404835, 964540115
39355562014071, 595891838
39356157974658, 604238047
39356762282077, 598182943
39357360536355, 613370222
39357973975811, 603790038
39358577834001, 601581297
39359179482570, 587639516
39359767190121, 592872733
39360360128840, 871066606
39361231263588, 955091330
39362186422872, 597329575
39362783827838, 606046413
39363389940993, 594330513
39363984340163, 605470170
39364589878138, 606799239
39365196745579, 606131318
39365802941907, 600898947
39366403908216, 588861057
39366992834278, 862101593
39367855002251, 970790305
39368825858843, 602630017
39369428561156, 595434541
39370024072571, 596037206
39370620174598, 601927641
39371222167124, 579995756
39371802229249, 597663290
39372399959141, 597852836
39372997884052, 606564130
39373604514971, 870087468
39374474664035, 954024582
39375428755504, 612895627
39376041721459, 602940669
39376644728657, 595017803
39377239814052, 602191151
39377842072360, 616526090
39378458665933, 604803868
39379063536717, 600145510
39379663751720, 603685807
39380267517701, 886627823
39381154382385, 947300591
39382101804149, 602607343
39382704460442, 597435127
39383301935508, 597504470
39383899479452, 598023924
39384497543006, 609418948
39385107000480, 609841622
39385716882699, 613536478
39386330458856, 594828851
39386925330901, 884525328
39387809894789, 949040556
39388758980511, 594593782
39389353614782, 598572573
39389952227842, 615251778
39390567521014, 599192328
39391166754703, 591217809
39391758013948, 613656217
39392371710198, 610889146
39392982637995, 605472669
39393588151498, 876164899
39394464353450, 966967772
39395431360523, 613363446
39396044763357, 608119646
39396652923414, 611651389
39397264616605, 610709181
39397875365199, 610627710
39398486032759, 612294554
39399098366752, 609899601
39399708307068, 607944453
39400316292866, 884579470
39401200911093, 956211233
39402157161202, 609064006
39402766267946, 596113237
39403362421884, 598228809
39403960690550, 600637938
39404561368031, 624888302
39405186297151, 593749797
39405780086814, 610519817
39406390646972, 603227340
39406993914373, 889540302
39407883493324, 958172198
39408841704734, 612618592
39409454362421, 614571089
39410068972973, 609111088
39410678124846, 602544782
39411280710281, 613939493
39411894689658, 604188407
39412498915969, 606348648
39413105305226, 601181614
39413706528486, 907977358
39414614546145, 963559925
39415578146793, 608211105
39416186399185, 605479727
39416791920025, 615110871
39417407070899, 605225671
39418012337959, 597350083
39418609728852, 599752110
39419209521545, 606824985
39419816388249, 613989486
39420430418525, 897939012
39421328396536, 965843917
39422294287024, 619736599
39422914064942, 607844259
39423521950044, 618668150
39424140658127, 601251979
39424741949593, 599347841
39425341336522, 615816723
39425957197100, 623969726
39426581208380, 616087675
39427197339806, 891230382
39428088609402, 970922833
39429059573983, 614107308
39429673722400, 628444789
39430302211458, 613388989
39430915641552, 622400624
39431538084335, 619394503
39432157519801, 629777549
39432787337977, 610136327
39433397515757, 604705633
39434002262243, 929750989
39434932051468, 980548745
39435912641834, 610863231
39436523547367, 603696983
39437127284024, 611644138
39437738969304, 616763458
39438355773824, 623318795
39438979135286, 612551563
39439591726747, 609026979
39440200793788, 618166184
39440818999328, 907945736
39441726981472, 977996259
39442705017121, 607587097
39443312644589, 611621265
39443924306189, 609308312
39444533655065, 605775578
39445139471304, 604992664
39445744505633, 602372327
39446346920194, 602169456
39446949128526, 615624003
39447564791272, 896051493
39448460880019, 957770907
39449418693420, 626791999
39450045525227, 618525644
39450664092594, 628870560
39451293004415, 629202065
39451922244592, 600483295
39452522766803, 615160652
39453137966753, 616019044
39453754026597, 620778139
39454374844899, 907929763
39455282816962, 968007701
39456250865671, 625858036
39456876764557, 625281602
39457502085544, 614444365
39458116570620, 607238978
39458723851041, 604398563
39459328290337, 613158205
39459941494990, 626674475
39460568211503, 625231321
39461193488928, 919962000
39462113490658, 978205046
39463091737119, 616902196
39463708681293, 625840463
39464334561817, 602588296
39464937205956, 642012833
39465579260325, 635773807
39466215076658, 620611806
39466835730236, 634558943
39467470333758, 635141676
39468105517751, 912425376
39469017981305, 976946253
39469994969528, 614076906
39470609088297, 623100301
39471232231394, 628166815
39471860440463, 645060959
39472505544196, 620652559
39473126239169, 632382836
39473758663809, 626021498
39474384726560, 619177520
39475003945049, 920504541
39475924489730, 1002805650
39476927338239, 616092619
39477543474291, 630966621
39478174483797, 626470725
39478800998098, 626123775
39479427164380, 635688372
39480062896348, 658845413
39480721784465, 620715263
39481342542894, 631495330
39481974084982, 942502100
39482916626686, 994930117
39483911600164, 635214472
39484546859027, 627679799
39485174582181, 622201899
39485796828167, 633875719
39486430746783, 631180979
39487061971861, 629242282
39487691257156, 649267182
39488340570341, 650311083
39488990925478, 930209243
39489921174336, 992471930
39490913689064, 629343270
39491543075659, 625684295
39492168802476, 630667301
39492799519685, 633429270
39493432991339, 631680676
39494064711760, 640853580
39494705606747, 645374353
39495351025308, 638460495
39495989528129, 922847769
39496912416548, 988089450
39497900547467, 628318413
39498528907740, 636673513
39499165622032, 632255137
39499797918553, 614605914
39500412564269, 627765687
39501040370407, 614058932
39501654469717, 624301128
39502278811888, 622131939
39502900987457, 934596125
39503835624476, 984209946
39504819879090, 628769091
39505448690406, 628490371
39506077222145, 625711071
39506702974532, 636000549
39507339015340, 615236405
39507954294530, 626118746
39508580452363, 617779365
39509198273482, 633839401
39509832153910, 911481862
39510743672832, 962920624
39511706633578, 631468681
39512338143013, 636716445
39512974902582, 635424044
39513610369225, 621105754
39514231518831, 636709642
39514868271313, 619796179
39515488108683, 625379112
39516113528514, 632889628
39516746457841, 928356136
39517674852936, 995679380
39518670574605, 628593890
39519299209320, 636265938
39519935516126, 639482280
39520575040674, 644138039
39521219221450, 614604170
39521833866736, 634298021
39522468205309, 631613213
39523099865119, 634107217
39523734019326, 941909977
39524675967875, 987814296
39525663821763, 638874475
39526302737251, 625582207
39526928359854, 637438174
39527565839634, 636802783
39528202684315, 629948392
39528832675051, 625618312
39529458335161, 637227808
39530095605856, 623701922
39530719349886, 939676384
39531659065807, 985003251
39532644108262, 641922810
39533286071872, 637120389
39533923232506, 629364497
39534552637536, 629502181
39535182180682, 629691209
39535811912942, 630920050
39536442873315, 636926421
39537079839373, 630244847
39537710123774, 953038670
39538663199105, 990069680
39539653309192, 642988637
39540296337336, 626609838
39540922987807, 640476959
39541563504604, 623686665
39542187229754, 637048511
39542824319709, 636720297
39543461081621, 630142190
39544091268536, 646748820
39544738056467, 936977776
39545675073269, 987787494
39546662903573, 631548871
39547294494424, 631561386
39547926096311, 644277503
39548570413706, 639367739
39549209822863, 655127647
39549864993657, 635221503
39550500255868, 651649483
39551151946142, 662454597
39551814442925, 936417888
39552750899214, 1001092478
39553752045782, 645940424
39554398025602, 647788234
39555045855249, 635198488
39555681096760, 644562792
39556325702373, 630375477
39556956120126, 638977333
39557595140020, 645556229
39558240739222, 620678005
39558861457969, 963674704
39559825170231, 985554742
39560810766091, 646886242
39561457694345, 648256260
39562105992532, 641869824
39562747901516, 629108346
39563377051444, 657054912
39564034151391, 660649256
39564694842936, 635618010
39565330504243, 632602269
39565963148714, 962817788
39566926023898, 1008926592
39567934992514, 642387138
39568577426112, 643484117
39569220953944, 629602288
39569850597754, 654883454
39570505523259, 655956110
39571161537734, 645893847
39571807488150, 646047754
39572453579057, 660488846
39573114110130, 957506093
39574071655101, 1000755772
39575072454711, 657134478
39575729631478, 650950801
39576380624575, 650447859
39577031123826, 668612978
39577699777769, 646327252
39578346146566, 657725533
39579003914333, 659037672
39579662992767, 629887246
39580292923646, 962612741
39581255575449, 993589693
39582249207153, 652742763
39582901990751, 634732204
39583536765537, 656615531
39584193422611, 641093526
39584834556431, 636410727
39585471008671, 652911032
39586123960780, 639747132
39586763750056, 661489296
39587425280991, 960022497
39588385341815, 1023744064
39589409126732, 652946149
39590062113359, 658771186
39590720925980, 672053824
39591393019716, 634294691
39592027356276, 648372336
39592675768787, 646661210
39593322471296, 642839800
39593965350873, 677252313
39594642643877, 968890258
39595611575210, 998849235
39596610466400, 656685009
39597267190615, 642830649
39597910070594, 630958632
39598541069252, 629284697
39599170394945, 660817145
39599831253525, 646962980
39600478256432, 640457148
39601118753546, 642708297
39601761501751, 958851095
39602720390273, 996891493
39603717322108, 653964570
39604371327521, 643401786
39605014775861, 645857861
39605660675818, 645170202
39606305886601, 647049398
39606952977534, 633889981
39607586907845, 652342617
39608239290738, 637986497
39608877319315, 967124010
39609844481731, 990847027
39610835369865, 656048287
39611491459028, 647242852
39612138744085, 652359244
39612791149281, 644065462
39613435258671, 630466589
39614065765857, 641485597
39614707291477, 652856730
39615360189707, 648987203
39616009217094, 950696201
39616959952265, 992196045
39617952191893, 645195042
39618597427016, 648747939
39619246216807, 655461024
39619901717432, 648304355
39620550063244, 649555261
39621199662608, 644629406
39621844333384, 644385922
39622488760887, 645304997
39623134106018, 962913573
39624097057887, 1001736231
39625098836807, 649360587
39625748239819, 651472533
39626399752511, 650844585
39627050637720, 646993570
39627697671462, 657259105
39628354971763, 632572452
39628987585906, 646335668
39629633960554, 645967082
39630279969542, 973336197
-------------
--------->>>>0<<<<---------