---inserts---
28846399001683, 8682894689655
37529305878278, 3662903797
37532968907122, 3844859700
37536813891356, 3521843104
37540335846898, 2654519631
37542990483805, 1845054886
37544835649059, 1656461260
37546492233293, 1770440523
37548262781079, 975055692
37549237948705, 1587194984
37550825249297, 3656034904
37554481396274, 1366115267
37555847644583, 1530065675
37557377828725, 2016560502
37559394493518, 1468913894
37560863516015, 1166031252
37562029652889, 848406212
37562878169086, 1630774660
37564509044412, 1131905844
37565641051596, 1374483797
37567015629265, 1803762404
37568819492663, 752067953
37569571660411, 1186309108
37570758069852, 893309421
37571651479817, 711921447
37572363522160, 642658931
37573006337952, 702059041
37573708492131, 711239984
37574419828185, 877226599
37575297152997, 1293967937
37576591222969, 1139970271
37577731307182, 665688770
37578397091178, 607371153
37579004559590, 663738850
37579668392059, 890488185
37580558975822, 702492657
37581261565274, 959514662
37582221183036, 678959892
37582900273309, 643179805
37583543573830, 1001966359
37584545621794, 1048078246
37585593787372, 623895519
37586217769757, 643573047
37586861434552, 633146175
37587494671099, 601206689
37588095967325, 622027731
37588718079447, 752313088
37589470480413, 617786995
37590088353659, 619052923
37590707493105, 978667647
37591686243636, 986769171
37592673101616, 621685479
37593294876516, 628570869
37593923535833, 599231962
37594522866032, 634346651
37595157312118, 611606592
37595769015909, 610384641
37596379513022, 613693873
37596993299408, 614027371
37597607422313, 1395265429
37599002776148, 1038417392
37600041290582, 1015041752
37601056428534, 593106968
37601649632137, 617843400
37602267571590, 610432328
37602878098027, 590062333
37603468255912, 574327827
37604042676934, 586815219
37604629589819, 587431444
37605217116472, 970876639
37606188093511, 1001087932
37607189277107, 591026202
37607780398325, 579755525
37608360248106, 615122587
37608975460307, 578899899
37609554450482, 571187641
37610125729372, 580456406
37610706278364, 571726265
37611278093465, 580174077
37611858355017, 842150416
37612700586855, 1006822154
37613707497531, 560565555
37614268155423, 563824768
37614832083320, 570568832
37615402739313, 596583349
37615999411057, 560258763
37616559763813, 580674966
37617140525406, 585967671
37617726583490, 578244815
37618304913228, 906447998
37619211445435, 963627665
37620175176283, 546719512
37620721989921, 545909012
37621267991260, 587670201
37621855748590, 556934536
37622412772357, 597297694
37623010161398, 584621275
37623594869567, 593970104
37624188928048, 569012342
37624758027896, 775156135
37625533266568, 975595416
37626508954100, 546137819
37627055186606, 551745603
37627607019683, 573944293
37628181052242, 563005558
37628744146461, 574240206
37629318474552, 545927070
37629864489677, 593200758
37630457779155, 544267393
37631002251733, 920663588
37631923064680, 959344478
37632882501733, 573130629
37633455726150, 570883201
37634026705158, 587892944
37634614693805, 574865248
37635189679209, 556722987
37635746498282, 568623799
37636315211387, 553048987
37636868349895, 562374842
37637430814016, 971951573
37638402849283, 936828608
37639339768951, 552188051
37639892061636, 567621638
37640459776919, 583184776
37641043062796, 558816815
37641601975083, 578307769
37642180377773, 546352500
37642726830653, 588027857
37643315006014, 528683888
37643843781020, 796934139
37644640798904, 952129035
37645593020145, 547838043
37646140978351, 556300740
37646697370134, 544091753
37647241558876, 541727999
37647783374763, 559750848
37648343214061, 555768288
37648899071182, 562366216
37649461526740, 571436666
37650033054383, 785029751
37650818169873, 951737649
37651770000566, 546802633
37652316894879, 545345216
37652862329821, 553833489
37653416255527, 552821552
37653969166319, 569080798
37654538337215, 554650812
37655093079436, 534237290
37655627407886, 540773738
37656168273820, 939568510
37657107930961, 955518618
37658063538297, 557170014
37658620799594, 535349482
37659156246033, 547980453
37659704315336, 541186243
37660245593042, 552523624
37660798206892, 552565710
37661350863270, 559524640
37661910476502, 559659458
37662470225155, 931072668
37663401382407, 915840757
37664317312086, 563207409
37664880610322, 564001104
37665444701551, 568282260
37666013075379, 575057810
37666588223313, 539244489
37667127557777, 549316726
37667676963654, 544368445
37668221425417, 546393681
37668767909394, 780916407
37669548912154, 923737644
37670472741891, 549497338
37671022328494, 554473302
37671576892352, 557671672
37672134653829, 557662931
37672692408421, 543248133
37673235747446, 551311881
37673787153402, 553555351
37674340799031, 566387436
37674907273514, 801344248
37675708703538, 912749720
37676621544347, 527294040
37677148934186, 549001422
37677698024248, 555007647
37678253121850, 552422867
37678805636056, 555021037
37679360748823, 532777649
37679893613477, 547787650
37680441492519, 561190323
37681002771765, 890877493
37681893733785, 906496566
37682800321656, 560268889
37683360682432, 553949051
37683914723844, 567276929
37684482091485, 525102038
37685007287632, 546799013
37685554176259, 553324363
37686107590783, 539154323
37686646836858, 559957549
37687206884631, 915744868
37688122713183, 902807018
37689025617949, 557317279
37689583026622, 548585969
37690131703320, 547383313
37690679183836, 541110965
37691220384927, 548745034
37691769221750, 529549281
37692298861859, 547314364
37692846268676, 553767550
37693400127254, 788667531
37694188883953, 906463684
37695095438320, 546747786
37695642277041, 547792952
37696190162317, 555876431
37696746132068, 549537406
37697295763375, 553329685
37697849189709, 542057742
37698391338236, 544268923
37698935702195, 551758287
37699487551314, 788364149
37700276019695, 896435662
37701172549386, 541432873
37701714070512, 552584702
37702266742704, 545372864
37702812205758, 528239886
37703340534831, 563494876
37703904120403, 541408601
37704445619076, 552423414
37704998135837, 530180816
37705528406571, 795784637
37706324280201, 891915209
37707216284688, 539567063
37707755942547, 534795749
37708290830276, 539536083
37708830458454, 544286281
37709374835786, 521762561
37709896695415, 560091678
37710456877569, 529478132
37710986448740, 559782694
37711546320523, 780572939
37712326979264, 883568398
37713210639691, 549271475
37713760019090, 544991613
37714305108051, 552676051
37714857873583, 541221035
37715399186241, 549374443
37715948652205, 554612726
37716503353996, 559449213
37717062897793, 535685821
37717598674211, 928458728
37718527220706, 887028145
37719414341728, 551534893
37719965969571, 550151944
37720516218671, 525856440
37721042169971, 546506386
37721588781095, 549836705
37722138725812, 541736786
37722680552142, 558748356
37723239389781, 570937842
37723810419466, 787339714
37724597845863, 901969266
37725499911863, 562209149
37726062214158, 551767148
37726614078504, 565079295
37727179253511, 555363083
37727734717830, 557997849
37728292814278, 547507349
37728840417701, 562242274
37729402752755, 547026408
37729949872207, 798080199
37730748053884, 898311618
37731646456207, 551336901
37732197887548, 553680985
37732751664159, 545011845
37733296767516, 567526854
37733864386563, 532846387
37734397322953, 560633538
37734958049826, 540498890
37735498642571, 554643324
37736053378595, 934321713
37736987787318, 897531826
37737885413539, 556569076
37738442075120, 546966031
37738989132882, 541571128
37739530794797, 568983774
37740099870617, 552452122
37740652415212, 555066540
37741207576300, 539799525
37741747467620, 536818190
37742284378448, 796535989
37743081016135, 883642103
37743964771408, 534545348
37744499408634, 556025431
37745055524611, 552988586
37745608603484, 550824548
37746159519867, 543541931
37746703154265, 558914295
37747262159551, 555678496
37747817928271, 540760791
37748358778147, 810282598
37749169149085, 896038309
37750065281202, 552701142
37750618076658, 549467656
37751167637148, 543806933
37751711535413, 546986982
37752258615016, 544499340
37752803206175, 547605076
37753350922502, 555025401
37753906215656, 554630074
37754460952789, 1173082999
37755634109068, 904792670
37756538976489, 806840413
37757345891692, 556440255
37757902411631, 1400633602
37759303120665, 551064222
37759854257604, 549207130
37760403542931, 975136056
37761378754473, 542533122
37761921362680, 556032683
37762477469996, 1098995270
37763576685888, 908413246
37764485182829, 891671187
37765376927985, 556441506
37765933443767, 561132853
37766494652780, 1022191573
37767516921028, 565207470
37768082204921, 549250272
37768631529266, 813087568
37769444693484, 546204387
37769990972540, 825055332
37770816101688, 909864933
37771726042517, 555670176
37772281788847, 547080498
37772828946031, 540500302
37773369521970, 563253135
37773932850292, 558609168
37774491536297, 559679598
37775051289878, 555279036
37775606642390, 1377690759
37776984407057, 822674694
37777807158109, 1242599852
37779049835147, 560847661
37779610760887, 560951067
37780171787410, 549930646
37780721794183, 565486137
37781287357833, 560816309
37781848252554, 541926786
37782390255322, 811173338
37783201506008, 557525627
37783759107682, 822730708
37784581910466, 900662830
37785482650410, 570214252
37786052941026, 561652008
37786614668810, 568222758
37787182966993, 666792419
37787849838821, 564376685
37788414290778, 562285138
37788976657026, 556710860
37789533442684, 549117348
37790082636492, 814118781
37790896828440, 900356344
37791797261219, 541863338
37792339203128, 559947193
37792899229853, 560961698
37793460276441, 569529567
37794029888532, 561628762
37794591598007, 552634344
37795144314317, 562097169
37795706494352, 567343352
37796273919535, 814556588
37797088552748, 916505986
37798005136122, 558404889
37798563617030, 552733459
37799116427869, 562318859
37799678821118, 559848089
37800238747029, 561058305
37800799879694, 555708335
37801355662207, 549700364
37801905437565, 556003604
37802461536722, 811441568
37803273073185, 1068307283
37804341473686, 556682794
37804898298091, 559794240
37805458222061, 537550863
37805995906931, 574406491
37806570385812, 562846893
37807133297984, 559147162
37807692510593, 666770953
37808359346805, 546817495
37808906230805, 2786041601
37811692337545, 912604128
37812605007327, 563587121
37813168658805, 542392014
37813711118045, 572723158
37814283908005, 543069286
37814827043788, 571160682
37815398269430, 561984768
37815960319830, 580329049
37816540714115, 561002823
37817101781331, 805077696
37817906921854, 1067944793
37818974932941, 575459145
37819550460554, 860410619
37820410937792, 562924482
37820973927289, 562018036
37821536027372, 564745657
37822100838279, 586594187
37822687499894, 541842695
37823229408951, 570305471
37823799780455, 822216706
37824622056546, 891130925
37825513252984, 560719294
37826074037778, 562554373
37826636659286, 560817907
37827197543950, 588161194
37827785770422, 555245520
37828341081065, 568841339
37828909990649, 568335253
37829478391360, 555049946
37830033506491, 822917862
37830856486624, 924237030
37831780788236, 568201239
37832349054858, 567642041
37832916762972, 563025947
37833479854273, 557564545
37834037483597, 587343342
37834624891214, 552620653
37835177577060, 571799274
37835749439300, 565358642
37836314864341, 837799258
37837152726652, 908350722
37838061143668, 561166512
37838622376505, 559945058
37839182389660, 559311832
37839741767285, 576338115
37840318174134, 554138508
37840872376617, 568831464
37841441274220, 570697576
37842012057692, 561125644
37842573246873, 811080644
37843384388226, 917872710
37844302332136, 593304024
37844895710529, 570072874
37845465853317, 570222767
37846036144741, 582429892
37846618641523, 572673604
37847191380253, 565916832
37847757361597, 556407366
37848313839192, 605084504
37848918992411, 851726314
37849770790141, 928207363
37850699066695, 571385214
37851270523299, 571757957
37851842350613, 580917432
37852423341395, 557765209
37852981177748, 579367366
37853560617964, 568177277
37854128864649, 566039338
37854694975805, 573769353
37855268814992, 847800913
37856116689986, 923918762
37857040679701, 575889612
37857616639693, 568218354
37858184929842, 568955563
37858753957095, 578764997
37859332789009, 576869476
37859909728456, 579104604
37860488904839, 579557853
37861068534350, 577741675
37861646346951, 847684442
37862494099872, 930628608
37863424798115, 581545424
37864006414999, 586727265
37864593269669, 578558207
37865171899325, 576512311
37865748482378, 582968395
37866331522665, 557344400
37866888937570, 578201272
37867467210542, 569261704
37868036543544, 828923474
37868865534337, 936405046
37869802011546, 576889030
37870378971502, 582759066
37870961799501, 580399552
37871542270603, 574626408
37872116967581, 582755725
37872699794796, 595695159
37873295561750, 578186914
37873873818384, 595693117
37874469579393, 839669481
37875309322252, 949345084
37876258738124, 590904053
37876849714248, 579118710
37877428905368, 581266111
37878010244497, 576952558
37878587267520, 575422224
37879162759836, 580137452
37879742966880, 586409761
37880329448735, 580124839
37880909643510, 844142780
37881753855430, 929514801
37882683442502, 585467675
37883268981055, 579999078
37883849052575, 579111319
37884428236687, 599018478
37885027327547, 563007175
37885590408767, 593368431
37886183848818, 577537513
37886761458273, 588262965
37887349792271, 855733705
37888205597505, 926873379
37889132701814, 599870183
37889732798323, 586382392
37890319322458, 578432500
37890897808688, 567751843
37891465614944, 573710160
37892039381786, 572738976
37892612177500, 563868336
37893176099772, 579416494
37893755571443, 862814110
37894618435750, 927835202
37895546324827, 584274788
37896130656277, 587465405
37896718176735, 583659376
37897301893005, 593296084
37897895243048, 578875675
37898474174640, 585639138
37899059869389, 596987898
37899656915779, 579703171
37900236678713, 863677797
37901100405375, 940183182
37902040639342, 572734857
37902613426645, 586201232
37903199679453, 581248854
37903780980131, 587706283
37904368738303, 584370401
37904953159330, 586838836
37905540100937, 586270007
37906126443016, 581680799
37906708170802, 840379830
37907548597047, 954763871
37908503411330, 602057409
37909105520347, 592732112
37909698304405, 608838433
37910307193995, 581258502
37910888503796, 595509744
37911484064225, 607116220
37912091232162, 579798787
37912671082608, 590963448
37913262093635, 849634989
37914111812983, 939435392
37915051317194, 590308833
37915641675221, 581795542
37916223518436, 590926922
37916814494053, 577333366
37917391874646, 580552443
37917972475054, 577061135
37918549584998, 578724055
37919128356613, 562030146
37919690432785, 854421564
37920544898765, 940803173
37921485748150, 579877427
37922065675054, 595340042
37922661060266, 594771385
37923255877808, 585552938
37923841475112, 587377608
37924428899493, 576996999
37925005944656, 601383986
37925607376950, 590140270
37926197564749, 873753392
37927071361165, 929305863
37928000713469, 575980011
37928576739865, 590611495
37929167398823, 573967935
37929741414393, 599367175
37930340828851, 598936412
37930939812824, 593163801
37931533024758, 578965926
37932112048953, 587486298
37932699581949, 853436844
37933553063202, 949410249
37934502528222, 591037419
37935093612965, 599873016
37935693534819, 585673398
37936279258964, 584195337
37936863501309, 596467419
37937460034695, 592052742
37938052134869, 586957430
37938639140900, 599830505
37939239018057, 843422224
37940082484763, 932789063
37941015323135, 597121425
37941612493831, 584932325
37942197475744, 578959533
37942776483282, 586964905
37943363496896, 601635595
37943965181939, 594186280
37944559415503, 568949625
37945128412665, 576681152
37945705142082, 851760641
37946556946798, 935366301
37947492362140, 597200359
37948089610471, 586650526
37948676308800, 583126448
37949259483504, 597837085
37949857368265, 570385291
37950427800962, 599080115
37951026928134, 587348188
37951614324107, 601114924
37952215487517, 1038375966
37953253911240, 947503978
37954201463544, 606738696
37954808250112, 589838301
37955398138611, 587681894
37955985870063, 596145026
37956582063668, 588751005
37957170863584, 592549993
37957763463200, 591175874
37958354686853, 594154133
37958948889907, 850456294
37959799390255, 930036625
37960729475776, 604315035
37961333840639, 583808847
37961917696448, 585631364
37962503377173, 597044395
37963100472547, 601046140
37963701568454, 615785211
37964317419266, 594308914
37964911779475, 608381809
37965520209695, 870572980
37966390828319, 969144616
37967360028420, 592632121
37967952707749, 615115511
37968567872295, 594467742
37969162387413, 590054850
37969752489517, 588114920
37970340652192, 600248219
37970940947608, 589179718
37971530176629, 590552215
37972120791905, 861549731
37972982469240, 933751440
37973916301584, 598195799
37974514535323, 608070876
37975122645980, 601912280
37975724598099, 600637856
37976325274523, 595514528
37976920829034, 597116435
37977517987501, 604228537
37978122255339, 591971796
37978714266459, 862210613
37979576514538, 930157357
37980506711221, 587201437
37981093953345, 598896289
37981692911275, 594795678
37982287761204, 610081575
37982897881655, 593965569
37983491886135, 586879036
37984078803819, 578831964
37984657675911, 581234141
37985238948155, 864422579
37986103407408, 952497930
37987055945724, 600584735
37987656569494, 604488821
37988261095948, 595335837
37988856473272, 597615722
37989454126478, 599110924
37990053276883, 595751345
37990649067536, 608033420
37991257139494, 598137054
37991855316616, 890027767
37992745381423, 960223549
37993705645615, 602891940
37994308578345, 623255170
37994931874199, 616013516
37995547926372, 598071408
37996146037458, 611298429
37996757375546, 603704950
37997361120025, 613545894
37997974705843, 588883906
37998563631173, 880971569
37999444638721, 965899876
38000410576525, 605678631
38001016295661, 584717783
38001601052608, 602254008
38002203345494, 595258133
38002798642110, 600186311
38003398868576, 606483420
38004005395490, 617799573
38004623234488, 588970901
38005212244875, 873947164
38006086228774, 938698096
38007024965355, 604354595
38007629358732, 614397072
38008243800844, 621235316
38008865076643, 604401539
38009469516443, 610317590
38010079873449, 604528657
38010684439066, 588497424
38011272974403, 597700896
38011870713116, 895349108
38012766097929, 948795982
38013714937075, 614716590
38014329694056, 604237643
38014933971052, 609384745
38015543393924, 604475239
38016147909029, 612754484
38016760704229, 617204974
38017377947468, 621524478
38017999511243, 618101915
38018617657913, 884314350
38019502008828, 956658617
38020458707385, 614879795
38021073627917, 621411642
38021695078646, 605785282
38022300905306, 607411883
38022908356515, 615953569
38023524349761, 603940725
38024128328960, 623648485
38024752037820, 598875390
38025350954602, 899318303
38026250311784, 977078977
38027227431280, 603220184
38027830691225, 617643636
38028448375474, 616115645
38029064531162, 619906924
38029684478454, 616925511
38030301443229, 606909969
38030908392239, 614243720
38031522674822, 604330213
38032127046026, 905455508
38033032537306, 953417147
38033985992838, 611199173
38034597230102, 622558464
38035219826732, 601545141
38035821408844, 600658434
38036422107693, 593652945
38037015799015, 616467626
38037632311494, 602451437
38038234803241, 617362868
38038852203257, 879561432
38039731801475, 946219502
38040678061231, 599937498
38041278038649, 615161114
38041893237900, 618905970
38042512185540, 617386112
38043129610794, 618582330
38043748232707, 616081264
38044364353157, 607979942
38044972373655, 604194569
38045576607517, 884615280
38046461258917, 968711026
38047430009959, 615790367
38048045839497, 604562490
38048650445570, 601707363
38049252193383, 604738690
38049856973322, 620869276
38050477881902, 605644651
38051083566069, 613432976
38051697038720, 612662454
38052309753016, 900888400
38053210693476, 967733471
38054178466380, 607296085
38054785802286, 626632491
38055412473588, 631948256
38056044459761, 634192711
38056678691301, 625717527
38057304447073, 619868500
38057924356378, 622779574
38058547176054, 628229379
38059175444351, 897564829
38060073045660, 973584260
38061046669191, 612908464
38061659617131, 610750260
38062270407088, 603997942
38062874442683, 597127554
38063471610857, 628022357
38064099673329, 601541757
38064701254198, 625220543
38065326516113, 625292104
38065951850166, 910862891
38066862749706, 954243229
38067817031682, 625444768
38068442515155, 618118935
38069060671663, 605077471
38069665789114, 627732897
38070293561791, 619148264
38070912750098, 610155052
38071522942732, 592566966
38072115549311, 607699759
38072723288663, 905434247
38073628758401, 968108850
38074596906254, 614727683
38075211673578, 614186756
38075825898436, 621920120
38076447857372, 595225640
38077043122955, 625133704
38077668294284, 609433130
38078277766197, 606763824
38078884570802, 620371944
38079504982232, 906306051
38080411324731, 961351855
38081372714772, 629828037
38082002583501, 613470138
38082616092556, 626503669
38083242635674, 623892655
38083866565951, 621296650
38084487902235, 635741071
38085123684686, 608116566
38085731841378, 627605030
38086359485056, 939779835
38087299300505, 965079118
38088264423109, 624988988
38088889451480, 623614014
38089513104329, 630034719
38090143179592, 621172989
38090764389527, 623292422
38091387723166, 629760011
38092017520707, 606669571
38092624227556, 624835183
38093249103619, 915487167
38094164628071, 977827772
38095142496683, 629373574
38095771909356, 624153634
38096396101744, 611386685
38097007526710, 626647310
38097634212078, 627473336
38098261724413, 623249619
38098885012781, 637069439
38099522120707, 617063442
38100139224986, 925572089
38101064833721, 988165920
38102053043298, 630185163
38102683266984, 636296467
38103319603875, 649456405
38103969099246, 618296104
38104587434764, 616964949
38105204437539, 613812713
38105818289340, 627424445
38106445751572, 634903845
38107080695209, 912608089
38107993340440, 981847872
38108975225774, 623170806
38109598434446, 631285411
38110229758361, 627641734
38110857439347, 634411113
38111491889194, 629308333
38112121235744, 632897347
38112754174348, 621409025
38113375622726, 637319446
38114012982168, 941821541
38114954839595, 972066002
38115926947052, 637263010
38116564252241, 634656596
38117198947603, 638082562
38117837073510, 652347545
38118489461971, 633082218
38119122586910, 644502801
38119767129804, 643788853
38120410960612, 629764758
38121040764943, 934386424
38121975189015, 972602265
38122947832828, 629722329
38123577595078, 632754280
38124210389958, 635552888
38124845985107, 637545256
38125483568248, 629186727
38126112793652, 632855344
38126745689123, 626456908
38127372185049, 631831202
38128004056625, 951193333
38128955288053, 1000959957
38129956287093, 630963648
38130587291277, 639177494
38131226508795, 630551865
38131857104669, 644704120
38132501849907, 630721322
38133132611735, 636520000
38133769171111, 631472776
38134400683533, 642136060
38135042860546, 957018214
38135999917762, 991589719
38136991547982, 650130542
38137641717337, 655980162
38138297737966, 631455768
38138929231306, 622624289
38139551893297, 628939443
38140180871193, 631869057
38140812779206, 624701807
38141437520050, 633536022
38142071093422, 939894201
38143011024180, 992713193
38144003777928, 636253946
38144640072856, 638943791
38145279057101, 649880436
38145928978966, 636745070
38146565766790, 665368803
38147231175003, 656590139
38147887807788, 650994874
38148538844131, 669929728
38149208814664, 940591804
38150149445233, 1020333154
38151169818983, 629448105
38151799306899, 627825845
38152427173953, 628378637
38153055593595, 645844226
38153701477316, 653078697
38154354597035, 636519987
38154991156272, 648520433
38155639718046, 629953370
38156269711907, 966334117
38157236100586, 986645388
38158222785537, 650185488
38158873012050, 639670303
38159512719836, 652324002
38160165083738, 638028905
38160803151275, 635419347
38161438608791, 727693481
38162166341299, 641574656
38162807954472, 621506127
38163429498492, 933688561
38164363222985, 988681141
38165351944335, 637547316
38165989531235, 630761652
38166620332222, 651137725
38167271510319, 640692767
38167912244758, 640198913
38168552483748, 653395126
38169205917448, 642755209
38169848711800, 649936051
38170498686709, 940447990
38171439173482, 990532004
38172429743959, 639751146
38173069535176, 653078319
38173722652614, 648368152
38174371060292, 642624023
38175013723973, 640943799
38175654707001, 658679528
38176313427295, 658237601
38176971705328, 640239329
38177611984751, 942926275
38178554949090, 999847581
38179554837981, 649434391
38180204312819, 654211205
38180858564049, 648325317
38181506931365, 927963822
38182434935376, 656527425
38183091504047, 653610921
38183745156272, 637235161
38184382430964, 640892524
38185023365594, 956746692
38185980151594, 1010891606
38186991084861, 647699300
38187638824295, 646969920
38188285834657, 650259098
38188936134940, 648071633
38189584247730, 661627542
38190245914448, 635966704
38190881920615, 645092947
38191527052454, 644825119
38192171919935, 969478605
38193141436494, 1004258798
38194145735771, 651316219
38194797091266, 655463290
38195452594481, 660108111
38196112743935, 654441032
38196767224121, 652879452
38197420143750, 649648328
38198069832333, 662167700
38198732066208, 659991672
38199392099107, 979547590
38200371685165, 991163984
38201362888294, 652465506
38202015393333, 633729313
38202649161846, 653015281
38203302215968, 638152378
38203940408469, 646884055
38204587333022, 661403313
38205248776205, 644010630
38205892827465, 637210136
38206530075710, 978145999
38207508258536, 1003582137
38208511878486, 645145235
38209157062516, 644633080
38209801736743, 657750258
38210459527129, 643009103
38211102575690, 641721641
38211744336419, 650630611
38212395005294, 637573186
38213032619407, 650848019
38213683505536, 950897762
38214634441515, 983787486
38215618266665, 637554284
38216255861462, 640061227
38216895960792, 638242494
38217534241961, 639521727
38218173803887, 631326075
38218805170318, 629102549
38219434312019, 636519504
38220070869360, 651370275
38220722277709, 931548846
-------------
--------->>>>0<<<<---------