---inserts---
28082442248306, 29895692087
28112349173911, 3681019608
28116030303649, 2820986613
28118851412027, 1375185785
28120226707846, 3360632359
28123587455377, 1888410375
28125475969237, 1587192057
28127063263412, 1512829788
28128576192782, 743540426
28129319849202, 2379765924
28131699711443, 3681551875
28135381363629, 1081638028
28136463117446, 2304897432
28138768116834, 1920325620
28140688541725, 1020333584
28141708971817, 925089398
28142634157021, 822931557
28143457181246, 824316679
28144281593777, 872923482
28145154617732, 2116841745
28147271547269, 1261340759
28148532980681, 649997408
28149183071866, 653449698
28149836619224, 853031499
28150689746301, 733356329
28151423235703, 680707263
28152104133338, 681367651
28152785605694, 1387757146
28154173475298, 628709499
28154802299072, 1211314081
28156013731445, 1133414427
28157147257099, 738133436
28157885503611, 753898988
28158639512709, 1150499498
28159790122743, 641980776
28160432211325, 682472564
28161114792174, 702299041
28161817200340, 638384873
28162455708900, 833148035
28163288989102, 1059641429
28164348728028, 1112207021
28165461039325, 651700991
28166112841889, 624604366
28166737553849, 632257623
28167369912077, 1030778610
28168400791945, 596315137
28168997214975, 672295220
28169669616466, 626127007
28170295845190, 612587385
28170908531561, 1055334900
28171963964156, 1060728674
28173024797328, 1103535879
28174128432393, 664173967
28174792712862, 625834878
28175418649128, 606298431
28176025048332, 603000699
28176628151557, 643024846
28177271281859, 797540091
28178068926976, 648532998
28178717563602, 997650105
28179715310279, 1375577187
28181090993500, 610745350
28181701840588, 622135460
28182324092713, 605375385
28182929570681, 599772194
28183529445174, 617755695
28184147302617, 632489135
28184779894762, 586175365
28185366175778, 580982130
28185947263213, 855120426
28186802482111, 1033908812
28187836495978, 613143010
28188449744100, 619768583
28189069615367, 611465414
28189681183595, 620504211
28190301795687, 627581896
28190929488115, 591261751
28191520851283, 590611079
28192111567568, 604270361
28192715941095, 848176800
28193564219113, 991028709
28194555353461, 609992318
28195165454677, 589602541
28195755162378, 611411287
28196366681099, 573543959
28196940334952, 623429346
28197563874689, 599333358
28198163311657, 608234325
28198771650755, 596442501
28199368197896, 849680411
28200217959920, 966826832
28201184870348, 574311686
28201759265951, 591928091
28202351278972, 587203613
28202938564185, 557358210
28203496021451, 583607549
28204079838047, 585570465
28204665495028, 560312194
28205225892741, 596201742
28205822176934, 818421644
28206640678454, 939151777
28207579913243, 588241829
28208168246201, 558599273
28208726929513, 538704669
28209265721317, 552588344
28209818392284, 562869362
28210381345669, 613881932
28210995309496, 580389423
28211575782463, 565462523
28212141350644, 816698287
28212958193492, 997708552
28213955991642, 573641175
28214529721394, 578409277
28215108220438, 565153917
28215673465204, 551145522
28216224722468, 581261930
28216806072318, 567085814
28217373242237, 551280753
28217924610397, 570028314
28218494722965, 827567882
28219322370678, 949628524
28220272095442, 563225350
28220835404787, 570177020
28221405669895, 582311625
28221988113293, 583481065
28222571711900, 569074825
28223140897715, 564612342
28223705629546, 585235066
28224291003581, 564612848
28224855719792, 918548354
28225774368461, 977383988
28226751857897, 557171742
28227309134572, 561389115
28227870629918, 566787240
28228437524125, 606334462
28229043966376, 590602657
28229634676632, 577986556
28230212768732, 550062018
28230762935743, 576421007
28231339461628, 931683019
28232271244542, 956997773
28233228354045, 570477337
28233798938735, 559748124
28234358792003, 579453805
28234938354917, 575818507
28235514282681, 547834851
28236062226023, 564351437
28236626684936, 595834011
28237222625589, 568731413
28237791464616, 836996161
28238628564261, 932211649
28239560862453, 551490941
28240112438851, 571360462
28240683882651, 545537732
28241229502178, 545133754
28241774720526, 549270558
28242324117957, 561151397
28242885351292, 557598170
28243443032055, 551773874
28243994891066, 795902343
28244790874410, 915299811
28245706256757, 567346257
28246273684257, 564196751
28246837962578, 569670696
28247407716072, 562066659
28247969868187, 560029533
28248529979962, 566853517
28249096917518, 538698770
28249635702166, 564972572
28250200758929, 803097460
28251003937633, 937788249
28251941829935, 553992249
28252495908561, 572383690
28253068376127, 555300940
28253623763802, 568278810
28254192126834, 554409291
28254746621987, 546969793
28255293676581, 572769380
28255866529872, 554061783
28256420675407, 915881747
28257336639131, 925418742
28258262142229, 544465748
28258806692911, 550072367
28259356850256, 550615549
28259907552210, 529888943
28260437531158, 551005703
28260988620316, 557981807
28261546686013, 552177777
28262098950290, 540990615
28262640040657, 914169391
28263554291841, 915264628
28264469640980, 566772105
28265036501267, 556790137
28265593376775, 552771648
28266146232979, 541489909
28266687805755, 546899504
28267234789308, 562723906
28267797597036, 549823563
28268347504270, 542344130
28268889934916, 924055081
28269814072161, 890145715
28270704312028, 590270112
28271294665628, 557012148
28271851765457, 541893927
28272393749944, 549788865
28272943623529, 541664736
28273485374415, 553168697
28274038628152, 564726209
28274603442534, 563031190
28275166557684, 918102300
28276084740199, 934953112
28277019777426, 600094308
28277619956782, 552828132
28278172871473, 555890525
28278728846579, 530886008
28279259828150, 553497800
28279813412701, 546085621
28280359585713, 550358335
28280910030456, 559676593
28281469792467, 784001670
28282253876663, 903219824
28283157181282, 541563135
28283698829207, 547672248
28284246592000, 565147730
28284811824922, 527079453
28285338991589, 557565028
28285896642666, 551759384
28286448485148, 548364146
28286996935121, 553871463
28287550890931, 916446809
28288467422960, 899719936
28289367230694, 553331749
28289920648475, 560681550
28290481414169, 543691554
28291025190210, 538112802
28291563389163, 530381877
28292093856430, 550071235
28292644026845, 551044600
28293195157796, 550796212
28293746041148, 916999123
28294663121747, 916380104
28295579587543, 542830735
28296122506600, 547953683
28296670547800, 539720819
28297210355701, 547896868
28297758339144, 569141106
28298327565460, 533200828
28298860852721, 552056557
28299412996598, 545353993
28299958439094, 793838013
28300752359262, 920767808
28301673216117, 541265685
28302214565738, 548410088
28302763066922, 559242210
28303322397796, 551378784
28303873873073, 550554977
28304424539558, 548013614
28304972674019, 570954400
28305543743783, 550952747
28306094802936, 803421916
28306898327996, 922900577
28307821336463, 574369225
28308395814900, 562604356
28308958526238, 553309948
28309511944512, 540208598
28310052260863, 561848258
28310614219294, 543517603
28311157846061, 573596999
28311731552473, 554296051
28312285958724, 794125849
28313080188817, 918740227
28313999040008, 566688569
28314565837396, 579992738
28315145944886, 554022300
28315700085329, 553590397
28316253784203, 555656083
28316809547846, 551752874
28317361405581, 579374513
28317940892722, 588406685
28318529409649, 804670773
28319334182428, 922425444
28320256717209, 557660588
28320814484701, 563086168
28321377673563, 569860644
28321947643706, 545353272
28322493107268, 551504677
28323044720049, 565962449
28323610791227, 572522315
28324183423250, 545509301
28324729040386, 820461206
28325549624035, 917786164
28326467545944, 568670319
28327036325529, 563216902
28327599653582, 557059225
28328156825623, 569650052
28328726587283, 562653236
28329289351108, 546072844
28329835530824, 564488319
28330400127828, 554588418
28330954823217, 829175830
28331784114621, 922235256
28332706457081, 549957040
28333256522829, 556827555
28333813461290, 571894004
28334385471320, 572249788
28334957826910, 559172413
28335517111190, 565520188
28336082766311, 564000534
28336647062386, 563679203
28337210863706, 801689113
28338012639533, 942402755
28338955131539, 554562122
28339509782611, 566446388
28340076315833, 559458446
28340635861625, 564818434
28341200767792, 560980984
28341761840960, 574609376
28342336541474, 563657200
28342900286235, 560961858
28343461338996, 806882876
28344268481936, 930812646
28345199386716, 569097753
28345768570850, 572743536
28346341415642, 574815339
28346916320265, 562070496
28347478476698, 551830855
28348030401915, 575921708
28348606410976, 577541305
28349184050657, 549320136
28349733457707, 814224858
28350547767594, 926864727
28351474723389, 565729426
28352040539730, 561123069
28352601755453, 567869864
28353169715171, 573850476
28353743655191, 553962684
28354297705967, 559882844
28354857674632, 567122662
28355424892042, 572783878
28355997766761, 822318216
28356820169718, 911477533
28357731735828, 572909691
28358304733190, 584049541
28358888869428, 564625193
28359453581275, 565624124
28360019292067, 567417289
28360586799924, 550581795
28361137469939, 555831388
28361693389297, 595963045
28362289440073, 822008445
28363111534175, 930643108
28364042268340, 567941588
28364610300219, 555875048
28365166267913, 592664459
28365759025461, 573859900
28366332975365, 563108802
28366896174706, 569282850
28367465546304, 574006277
28368039642098, 577543048
28368617273214, 1000317819
28369617678184, 925481909
28370543252020, 571405057
28371114745224, 568279230
28371683111836, 573408714
28372256611147, 583571395
28372840276367, 583603060
28373423967412, 566622327
28373990681062, 583953765
28374574723041, 576221560
28375151040554, 830087646
28375981214057, 935174649
28376916482758, 576626637
28377493198780, 577470131
28378070757340, 558095719
28378628940539, 569697056
28379198726818, 570781240
28379769594773, 568023257
28380337706388, 567196477
28380905001298, 560820162
28381465923995, 825478059
28382291513403, 935194611
28383226807593, 568214507
28383795152748, 568726270
28384363993223, 568525392
28384932654686, 575137148
28385507877114, 581013689
28386088972136, 573716084
28386662771196, 579520367
28387242373720, 550604870
28387793061506, 814921773
28388608072017, 932835800
28389540993671, 568077858
28390109159169, 567432870
28390676676338, 581106718
28391257869949, 555359605
28391813313479, 572413396
28392385809844, 575293674
28392961188553, 563907112
28393525181409, 557006786
28394082271873, 835645067
28394917997529, 934273722
28395852357940, 583027244
28396435468371, 576802529
28397012348638, 568636128
28397581069300, 562114362
28398143267418, 557869935
28398701219897, 572019193
28399273322675, 574809075
28399848215434, 571228291
28400419529171, 836196382
28401255806112, 929128501
28402185019010, 561290328
28402746393241, 559270860
28403305749277, 571347968
28403877181517, 582082554
28404459349582, 580764774
28405040200118, 569417136
28405609708062, 595277547
28406205073872, 593642393
28406798803164, 862312858
28407661197679, 927491146
28408588774125, 578544920
28409167403597, 572355325
28409739842213, 569503157
28410309426340, 562894164
28410872404053, 570241017
28411442728581, 577923378
28412020736624, 583195996
28412604029765, 583759248
28413187874645, 824588874
28414012544828, 942439738
28414955073234, 579410663
28415534567167, 578971535
28416113622231, 582850053
28416696556323, 563821256
28417260464828, 563381069
28417823934005, 584048866
28418408084900, 580286503
28418988456070, 575796457
28419564337953, 834902315
28420399321296, 933482186
28421332889447, 589646122
28421922621017, 584864825
28422507570755, 580716747
28423088374685, 577846089
28423666304920, 570304473
28424236692760, 572661952
28424809440582, 581238907
28425390769163, 567920046
28425958773203, 872727443
28426831582258, 929824375
28427761491023, 583078861
28428344655787, 580298763
28428925039617, 581598087
28429506722400, 588313146
28430095119388, 570682640
28430665887041, 563362054
28431229333618, 574461911
28431803880957, 585746588
28432389714055, 841325431
28433231119001, 945141973
28434176345425, 594543110
28434770984886, 589635930
28435360709000, 570306636
28435931100921, 572821725
28436504024295, 595067522
28437099177670, 583160999
28437682424356, 593899009
28438276408594, 574067469
28438850565651, 981951941
28439832602339, 946817477
28440779508580, 581820776
28441361415187, 576776959
28441938276795, 578137799
28442516501360, 587830262
28443104415792, 584869024
28443689367008, 591836540
28444281295393, 586664391
28444868057888, 584902824
28445453044549, 839275963
28446292405465, 946764046
28447239254597, 586738450
28447826078110, 575637995
28448401801903, 582852940
28448984741937, 582437892
28449567277586, 593452765
28450160815959, 580224370
28450741125492, 592694414
28451333905595, 576725370
28451910716170, 843349804
28452754151326, 935858799
28453690095392, 594666435
28454284847836, 594827075
28454879763183, 585263607
28455465117532, 595162937
28456060367426, 593739793
28456654191713, 571414295
28457225690214, 603871571
28457829650300, 576939050
28458406675967, 864509723
28459271266983, 947352192
28460218705051, 597204849
28460815995204, 571042188
28461387123003, 580339606
28461967548059, 583006966
28462550638504, 579260161
28463129986002, 584809398
28463714880912, 594635532
28464309602119, 586497969
28464896227116, 848144435
28465744456203, 932724468
28466677402912, 594296069
28467271943903, 589763806
28467861818157, 564725572
28468426609810, 593223337
28469019896835, 586888177
28469606850792, 595556137
28470202472282, 572056677
28470774597380, 595834131
28471370496062, 870403380
28472240964368, 937809858
28473178841394, 573341515
28473752247548, 596471988
28474348784716, 599957267
28474948808674, 590754840
28475539626423, 594163551
28476133857173, 591466788
28476725392711, 581447567
28477306907763, 593381803
28477900355102, 858928006
28478759345846, 927823862
28479687233626, 587798431
28480275097318, 596079073
28480871242607, 598588707
28481469895893, 595426528
28482065387786, 588010838
28482653468240, 580955183
28483234537823, 599107695
28483833737111, 579889288
28484413692558, 873556278
28485287315593, 950853046
28486238238142, 589907664
28486828213359, 591330960
28487419616328, 597697488
28488017378726, 604173857
28488621610991, 583412935
28489205084296, 584567976
28489789711569, 592552229
28490382325419, 586444394
28490968829007, 851723612
28491820622665, 936932780
28492757630011, 584198290
28493341889072, 592616139
28493934564979, 592527142
28494527151846, 611738672
28495138948927, 586029766
28495725037879, 571767530
28496296863396, 582421544
28496879341336, 574192562
28497453591680, 870350508
28498323998681, 949898745
28499273954754, 582505494
28499856522219, 577057061
28500433638829, 594973712
28501028669966, 586161498
28501614889198, 596957152
28502211907058, 587036853
28502799003505, 572244070
28503371304248, 578706407
28503950069449, 861614328
28504811740646, 954076355
28505765875387, 585176907
28506351108669, 575620034
28506926790666, 585654695
28507512503705, 581963168
28508094522942, 587144899
28508681726853, 593248546
28509275033038, 603516307
28509878607056, 591449020
28510470113505, 845655083
28511315830072, 948414404
28512264302896, 599033144
28512863394257, 590871512
28513454323573, 589661913
28514044060851, 574380821
28514618499480, 589353192
28515207910906, 581520120
28515789489828, 585726669
28516375275180, 589482332
28516964815113, 890100191
28517854969436, 944331672
28518799359516, 591156543
28519390573939, 596845496
28519987477764, 577560358
28520565096444, 585242729
28521150396699, 572188798
28521722644605, 603777107
28522326479072, 585394298
28522911933076, 571018648
28523483010686, 859547977
28524342612551, 939532663
28525282203399, 599212660
28525881474490, 597678264
28526479211249, 578801794
28527058072764, 593349135
28527651481534, 587776229
28528239315425, 599077800
28528838452840, 608765228
28529447277624, 585649643
28530032985121, 869708521
28530902748950, 931700909
28531834511199, 598962651
28532433533602, 596333369
28533029926341, 598849249
28533628833288, 594006890
28534222899613, 580711144
28534803669125, 576310086
28535380056973, 606960418
28535987074798, 593563200
28536580695019, 863992317
28537444744138, 941899427
28538386702037, 586878517
28538973639262, 606680407
28539580377847, 578403297
28540158841408, 587186422
28540746088056, 590671480
28541336815737, 599850008
28541936724589, 595465308
28542532249689, 595822659
28543128129315, 863013123
28543991197661, 930463610
28544921719776, 587663596
28545509440447, 596118181
28546105618552, 591917474
28546697596817, 595329622
28547292984704, 596493118
28547889537140, 588277421
28548477878621, 590148481
28549068087710, 600353985
28549668512764, 875607677
28550544303908, 916383605
28551460784201, 600426214
28552061263480, 593431264
28552654734867, 599874565
28553254650818, 594477304
28553849169717, 585110496
28554434322527, 585524834
28555019889931, 584738707
28555604668759, 604018440
28556208727204, 884601459
28557093364797, 934445691
28558027852382, 601516087
28558629409194, 596951960
28559226399865, 599259766
28559825700759, 595900255
28560421642543, 590160977
28561011847614, 609335562
28561621226177, 619313886
28562240583222, 585799059
28562826424147, 906372638
28563732837009, 944884281
28564677766066, 602775559
28565280583723, 606917081
28565887542819, 600084524
28566487670106, 619027875
28567106746372, 618322774
28567725110839, 605313574
28568330464016, 602618121
28568933122996, 604519509
28569537686770, 914549354
28570452275009, 952937312
28571405254747, 602101160
28572007398048, 618452306
28572625892191, 609912861
28573235845622, 618766629
28573854653112, 607245435
28574461941481, 616524022
28575078507342, 597454128
28575676015688, 588406298
28576264461718, 888511685
28577153012210, 964696323
28578117750617, 623464975
28578741256146, 611873482
28579353169860, 606338676
28579959551253, 620375472
28580579967835, 622685874
28581202696896, 608444969
28581811183785, 599346657
28582410575904, 611338213
28583021956270, 917386485
28583939381939, 970652853
28584910074883, 624127249
28585534245844, 605129382
28586139415681, 603130706
28586742588442, 623230272
28587365860259, 602675136
28587968579795, 610647923
28588579270177, 593107497
28589172420024, 598245210
28589770706039, 899040796
28590669785540, 973880987
28591643707315, 612057127
28592255805229, 609824587
28592865670434, 595544564
28593461257817, 619792987
28594081093596, 623355628
28594704489379, 618996874
28595323526803, 614503631
28595938071466, 619155103
28596557269632, 900567107
28597457877033, 973451961
28598431371626, 613727715
28599045141199, 595136782
28599640319579, 616116437
28600256478753, 614719625
28600871241856, 614531981
28601485814115, 613099846
28602098954940, 628975481
28602727972991, 605079446
28603333096526, 897703547
28604230840721, 978901352
28605209782449, 618614447
28605828439997, 621140806
28606449623161, 608412667
28607058078937, 618826854
28607676946618, 608382203
28608285370936, 621699952
28608907113903, 601261634
28609508417957, 617382496
28610125840882, 899573985
28611025453563, 985912091
28612011408835, 618054743
28612629504617, 610872495
28613240417240, 601385032
28613841843209, 610715633
28614452600437, 627967014
28615080608001, 629272772
28615709923951, 615500333
28616325466001, 617889143
28616943396495, 888829972
28617832266733, 975316953
28618807623135, 607874150
28619415540361, 621660970
28620037241773, 615896060
28620653181265, 614122544
28621267345051, 614198507
28621881584470, 632474749
28622514100830, 610398514
28623124548723, 624145978
28623748735746, 900363349
28624649140323, 970796140
28625619978653, 616943210
28626236963422, 610281467
28626847285578, 610322611
28627457652198, 621154221
28628078849541, 615461696
28628694354711, 640073312
28629334469647, 609794215
28629944307835, 617770214
28630562120826, 921703958
28631483867292, 975344161
28632459252645, 626494988
28633085789150, 611131660
28633696963233, 616499475
28634313505572, 619396185
28634932944174, 631384997
28635564370066, 615001446
28636179413591, 632674399
28636812131580, 616498286
28637428671056, 908503718
28638337216034, 961841661
28639299099538, 647973120
28639947116478, 635062736
28640582221187, 630854466
28641213117070, 629483622
28641842642789, 603966674
28642446652229, 621118420
28643067812226, 624882372
28643692737018, 627616112
28644320400144, 920716603
28645241157603, 963941711
28646205142688, 628336575
28646833522654, 611237065
28647444801001, 617132624
28648061976801, 614544796
28648676563503, 617046855
28649293652399, 629148509
28649922844003, 640870989
28650563757800, 631100358
28651194898888, 938363407
28652133302908, 971643237
28653104986967, 648287624
28653753317903, 625550994
28654378908720, 638470302
28655017420912, 621665932
28655639130251, 628221695
28656267395293, 623574416
28656891011337, 641810160
28657532863571, 629652081
28658162558784, 934182752
28659096789863, 987168565
28660083998601, 647993978
28660732047100, 631851937
28661363939701, 612416017
28661976397738, 633153656
28662609592532, 614666347
28663224300909, 629879316
28663854220941, 656060874
28664510324805, 615515301
28665125880391, 933606205
28666059528488, 988251158
28667047823097, 644203512
28667692068992, 619279856
28668311390223, 629845290
28668941277772, 621265339
28669562586750, 633125467
28670195756206, 632065426
28670827863130, 638663313
28671466567417, 623591504
28672090201311, 912762551
28673003004198, 978979205
28673982024152, 640063400
28674622130616, 643093412
28675265265870, 629797227
28675895105196, 630619487
28676525765919, 635014030
28677160821774, 627569236
28677788432535, 649056206
28678437528646, 626561681
28679064131172, 936271038
28680000445043, 994598778
28680995084749, 640325006
28681635454132, 656165181
28682291664107, 646847323
28682938553439, 620779947
28683559377139, 639309207
28684198728743, 638560155
28684837332247, 635484888
28685472859632, 640190144
28686113092555, 932242059
28687045375324, 983052175
28688028468933, 630995157
28688659506278, 652894352
28689312442762, 621551568
28689934036538, 646114050
28690580193027, 638832896
28691219068096, 626187740
28691845298262, 639238742
28692484579500, 650869318
28693135492084, 939503891
28694075036290, 1011484058
28695086561877, 643972310
28695730579268, 656402621
28696387032016, 655628955
28697042713530, 648239166
28697690995536, 643957825
28698334995939, 637750459
28698972787737, 641189760
28699614020008, 655211423
28700269274604, 958692893
28701228018665, 990646627
28702218705758, 639767527
28702858514374, 650363647
28703508920766, 646632585
28704155596769, 652337902
28704807979609, 645624934
28705453647926, 662472383
28706116164801, 649417522
28706765626070, 673964497
28707439633879, 945030873
28708384704059, 984408382
28709369155377, 639622037
28710008821316, 650631808
28710659495576, 647667211
28711307205095, 636169960
28711943417894, 638329735
28712581789840, 649316885
28713231149393, 626001340
28713857192908, 653378726
28714510614037, 958339255
28715468992738, 998009404
28716467042830, 637648125
28717104732200, 683557259
28717788331678, 646301679
28718434674173, 640767232
28719075485784, 616590758
28719692118488, 637718516
28720329876730, 647530512
28720977451038, 650904612
28721628400493, 961843410
28722590282326, 987876541
28723578200137, 641062836
28724219302986, 658814390
28724878158289, 636607403
28725514805828, 638530684
28726153380031, 628130615
28726781552829, 639548221
28727421142611, 635320394
28728056504923, 653037943
28728709584147, 942387046
28729652020327, 996473448
28730648533829, 637910542
28731286485942, 637812110
28731924337062, 645031271
28732569410316, 639313417
28733208765534, 648276448
28733857083914, 626130911
28734483255854, 646517418
28735129816068, 665071727
28735794929683, 950038159
28736745027621, 1006934972
28737752023375, 657443551
28738409510976, 651215803
28739060769038, 645636753
28739706447312, 648418410
28740354909475, 652687385
28741007638360, 642346397
28741650028372, 642964582
28742293035946, 663136907
28742956215339, 960043129
28743916298787, 1005969366
28744922308773, 645685489
28745568055862, 649181383
28746217278979, 653419769
28746870740104, 655601165
28747526384270, 629644446
28748156073016, 652081718
28748808194858, 636072291
28749444309371, 646145472
28750090497620, 944771640
28751035309653, 1017856494
28752053210576, 643464310
28752696716731, 684144200
28753380901851, 663757805
28754044701153, 660792253
28754705532680, 652027158
28755357600110, 634297628
28755991937963, 653789246
28756645770521, 659346198
28757305158572, 973364141
28758278562515, 997396886
28759276021975, 667360490
28759943424858, 671331244
28760614798074, 647286592
28761262127227, 646863811
28761909033455, 652055056
28762561130342, 639073077
28763200244125, 644510043
28763844796229, 669871818
28764514712103, 964149558
28765478902270, 998392160
28766477337537, 653757861
28767131137156, 671059037
28767802237314, 654337575
28768456616630, 650625647
28769107283576, 641311451
28769748636205, 646599699
28770395276579, 652847115
28771048167740, 671319255
28771719529598, 955063529
28772674633734, 1008672584
28773683351150, 663472698
28774346864324, 660234773
28775007142135, 675557893
28775682741348, 643750694
28776326533882, 644862373
28776971439308, 648675762
28777620156938, 657001977
28778277202461, 659235010
28778936477538, 961722132
28779898239080, 1010370264
28780908650844, 651602898
28781560294630, 670249481
28782230586445, 642533980
28782873163270, 646438692
28783519643328, 656184326
28784175869197, 649708674
28784825619782, 641033754
28785466696791, 656590482
28786123328163, 952772480
28787076141083, 1000212676
28788076395148, 658000998
28788734437222, 664880587
28789399359810, 655097944
28790054497793, 650294101
28790704838131, 655244619
28791360123555, 646874974
28792007037866, 636649897
28792643730686, 651544698
28793295317743, 971345561
28794266702083, 1010152750
28795276895807, 659054916
28795935992828, 664548630
28796600582049, 638687826
28797239311140, 668093383
28797907446999, 666236291
28798573726111, 638038862
28799211807150, 652854078
28799864701936, 657715503
28800522459672, 974476079
-------------
--------->>>>0<<<<---------