---updates---
8367342294622, 5142486895
8410945187184, 4819359883
8435027714376, 4574857131
8439602670125, 4806210232
8479855667776, 5327731784
8506740650105, 4786526258
8511527269621, 5055052120
8516582448229, 4804606389
8526687860705, 4780079513
8554839065085, 5521267414
8560360441267, 5278512955
8594336412699, 5330018973
8599666525692, 6304034045
8634589746362, 5816889671
-------------
---reads---
8294267634981, 6400648372
8329147952712, 1108761568
8346942886492, 1353128999
8372484863702, 1222826621
8391593253533, 1343509732
8415764632283, 1280630228
8444408947677, 1190908347
8485183450477, 1305545923
8531467984319, 1382367342
8565638999602, 1629161037
8605970580656, 1451748785
8640406673697, 1635481974
8664532027150, 1903315287
8688826237332, 1930891337
-------------
---updates-errors---
8465105219003, 4698615504
8469803838149, 5238375823
8475042217316, 4813447013
8521387134815, 5300721073
8589503853819, 4832553979
8629421087628, 5168653901
8713259304433, 3842509464
8717101814945, 1557641411
8718659457247, 3014551121
8721676471384, 3018197602
8724694669823, 3014779442
8727709449724, 3013075751
8730722526117, 3012125495
8733734652236, 3014318584
8736748971524, 3012278850
8739761250847, 3012513156
8742773810817, 3015532196
8745789343514, 3012837779
8748802182011, 3013471674
8751815654454, 3012831316
8754828486607, 3015300637
8757843788295, 3015496218
8760859285256, 3015381158
8763874667456, 3015490853
8766890159485, 3014126296
8769904286433, 3014584619
-------------
---read-errors---
8772918888457, 3013381289
8775943562080, 3003183474
8778958492190, 3008311884
8781983281253, 2996993996
8784996651957, 2998174200
8788010631529, 2997910517
8791026879327, 2996344641
8794044557112, 2993472659
8797056624803, 2997071202
8800069083254, 2997514396
-------------
--------->>>>36<<<<---------