---updates---
3779466940231, 4436746326
3783903784619, 4672839927
3807505289156, 4690238281
3835561444012, 4806972260
3845105627400, 4870458100
3875246261853, 5262744329
3885566464230, 5839945934
3960294741115, 5063977299
4015360421551, 5662234191
4043265256214, 5729349002
4078682519332, 5567459598
4095759566644, 6115494574
4107542871333, 5189518662
-------------
---reads---
3701996480435, 6603202774
3738224894287, 1437930102
3755893537853, 1373345340
3788576686702, 1137532229
3812195591864, 1164344957
3849976153931, 1442077206
3891406474268, 1366698816
3911921529515, 1405826081
3933182024426, 1695839027
3965358766019, 1484914994
3987573934143, 1572247071
4021022690167, 1331734211
4048994636892, 1388271201
4112732423565, 1882097937
4138528227140, 1561662407
-------------
---updates-errors---
3775174467176, 4292468274
3831318601858, 4242838104
3840368509043, 4737114492
3870358705592, 4887552336
3880509077314, 5057382949
3955155512153, 5139224482
4010734874272, 4625541779
4073398965163, 5283549536
4084250047101, 6092911899
4090342963317, 5416598278
4101875144631, 5667721592
4162177324216, 5659038978
4167836363982, 3636953846
4171473318373, 2258794190
4173732113637, 3017274227
4176749388554, 3016625446
4179766015167, 3012777204
4182778792999, 3013406066
4185792199687, 3012716966
4188804917077, 3011977172
4191816895126, 3012169812
-------------
---read-errors---
4194829083925, 3012342807
4197842635086, 3014084185
4200858634134, 3009818767
4203892787152, 2988624766
4206890642428, 3002771412
4209904397459, 3003114525
4212917388815, 3002679060
4215932645104, 3001858909
4218951253055, 2998140036
4221965399926, 2998122717
4224978250840, 2998503793
4227998505727, 2992736176
4231001355883, 3007317007
4234014615392, 3007636804
4237035954403, 3002798612
4240051554415, 2999668235
4243068284117, 2997369121
4246082545465, 2996170653
4249096854140, 2995477273
4252113724396, 2995846172
-------------
--------->>>>41<<<<---------