---updates---
8343132418782, 4203159203
8351319648349, 3958981881
8355278746677, 5004962441
8364629628644, 4361138431
8368990865351, 4316709764
8417504076272, 4885503999
8443748613399, 4737350890
8448486066873, 4943351466
8453429516044, 4616282824
8512455394874, 6151858598
8551425778547, 5308327267
8556734195431, 5509398271
8591193334647, 5503794002
8667731329257, 6163400098
8686235348860, 5892694602
8692128108189, 5798156989
8697926327254, 6171247325
8704097638748, 5459255001
8709556953584, 5942587608
-------------
---reads---
8294254695803, 6857048359
8325021053172, 1086534080
8373307636327, 1404955718
8393657588232, 1266297124
8422389641809, 1593722543
8458045860056, 1463016301
8477171660917, 1712487440
8518607406361, 1582046416
8562243643207, 1702298251
8596697164306, 1513334877
8619500340692, 1663202576
8643254014400, 1562719811
-------------
---updates-errors---
8347335694900, 3983947788
8360283823815, 4345800511
8412826431817, 4677640501
8498063810318, 4739996964
8502803811556, 5050085097
8507853900437, 4601490610
8540398886567, 5822120847
8546221011660, 5204761415
8585697825047, 5495503507
8673894796862, 6438579024
8680333381883, 5901961742
-------------
--------->>>>11<<<<---------