---inserts---
4561835103147, 19607574805
4581453577666, 4249058442
4585702743487, 3706162695
4589409004600, 2841521221
4592250630846, 2640723527
4594891457406, 1799328731
4596690896912, 989549457
4597680546379, 946445030
4598627092523, 1754233621
4600381422514, 2629325594
4603010841984, 3042259864
4606053199897, 1013564730
4607066876574, 1909946784
4608976926516, 1737837963
4610714855356, 1252813299
4611967763672, 1066368053
4613034223858, 884345268
4613918662020, 999622802
4614918376907, 1217309641
4616135779398, 1001412279
4617137275403, 1221871418
4618359237996, 958608368
4619317934977, 1539976264
4620858003411, 747132287
4621605233633, 794272904
4622399614581, 1279570126
4623679331625, 646389587
4624325807506, 654875948
4624980767744, 692587850
4625673441352, 1175096133
4626848619302, 1259090632
4628107798033, 613885302
4628721772874, 654012409
4629375870583, 1103365947
4630479321248, 660069264
4631139479808, 698872431
4631838476818, 707140038
4632545740224, 621087651
4633166949406, 651773828
4633818833654, 1051991592
4634870927127, 1090629574
4635961653623, 599736578
4636561492810, 621842664
4637183437206, 627941053
4637811481818, 591616100
4638403203313, 634108409
4639037412610, 630342134
4639667851909, 634158666
4640302127384, 662348907
4640964578639, 1437143105
4642401812835, 1011091464
4643413001679, 669537088
4644082636885, 623612839
4644706351471, 633375745
4645339831020, 582139294
4645922072997, 639077924
4646561251390, 603144618
4647164497656, 603451291
4647768060694, 607133529
4648375290830, 978254820
4649353638394, 1033689700
4650387432120, 601968449
4650989499824, 580991367
4651570595630, 607289694
4652177986545, 584446123
4652762529335, 589733760
4653352360810, 651839545
4654004303830, 619611513
4654624028466, 584208432
4655208335549, 942658184
4656151088207, 1026200390
4657177389001, 586577273
4657764079316, 609282365
4658373459105, 569737119
4658943298034, 599935994
4659543334304, 592128397
4660135560361, 588909275
4660724551044, 577272605
4661301907719, 565348042
4661867340961, 846582492
4662714019992, 1005841398
4663719961368, 623080388
4664343146058, 616131111
4664959382776, 596406961
4665555891895, 618952766
4666174948023, 614409791
4666789460447, 562392225
4667351955256, 570127581
4667922181844, 585672038
4668507953809, 830928004
4669338975664, 1004361253
4670343440072, 599791835
4670943332251, 581719707
4671525153192, 571756980
4672097013099, 595541959
4672692658810, 596896820
4673289702950, 596767010
4673886570928, 566309481
4674452981976, 572162331
4675025247684, 828807499
4675854150738, 956123275
4676810378854, 576040454
4677386525382, 559936411
4677946570926, 574760508
4678521430000, 594108470
4679115641082, 588517283
4679704260559, 560587657
4680264949305, 565484846
4680830533826, 565098928
4681395768125, 954198496
4682350144938, 944485405
4683294733796, 564872073
4683859714023, 557815248
4684417638314, 589526428
4685007270983, 559288613
4685566699392, 556608404
4686123416132, 585426448
4686708944262, 582613034
4687291659512, 575656878
4687867416898, 965088896
4688832599581, 936324877
4689769026185, 582961008
4690352097809, 585356387
4690937555775, 570346129
4691508026614, 556239586
4692064375080, 552342383
4692616828061, 577990694
4693194928906, 570218801
4693765270358, 555177902
4694320545753, 947870622
4695268515436, 1000425533
4696269039595, 566309393
4696835449583, 568835467
4697404381693, 552128290
4697956616121, 569713149
4698526429369, 568594562
4699095125277, 553561592
4699648786864, 549707303
4700198600211, 547690943
4700746393995, 801900708
4701548387550, 923645558
4702472138047, 588021217
4703060261302, 576252123
4703636615334, 578049320
4704214772508, 578195804
4704793068496, 552724546
4705345895419, 554559766
4705900556338, 558310499
4706458966965, 585960317
4707045030688, 777459936
4707822590838, 933508351
4708756201548, 561742619
4709318047684, 565802867
4709883952798, 552698724
4710436750921, 579986484
4711016839847, 537700213
4711554645836, 563483757
4712118232548, 575025361
4712693360644, 581949842
4713275418302, 920887443
4714196401247, 919764862
4715116268475, 558025848
4715674395488, 545192823
4716219690062, 542667265
4716762461722, 546459645
4717309020725, 554837199
4717863965902, 546841214
4718410908698, 563949383
4718974960349, 554315487
4719529376945, 798189726
4720327665607, 952433989
4721280226117, 568343046
4721848670621, 566533482
4722415307947, 560733078
4722976145453, 550366934
4723526609052, 560641462
4724087354773, 558589996
4724646046695, 552888934
4725199039357, 552520128
4725751662842, 916534110
4726668294171, 919239546
4727587635400, 550213459
4728137952714, 552656465
4728690710917, 550979350
4729241792882, 552141660
4729794036641, 569147277
4730363283861, 560814938
4730924200330, 553781787
4731478085257, 542983097
4732021170364, 905345598
4732926618862, 914695857
4733841415063, 555951940
4734397478647, 554609070
4734952191639, 555793554
4735508100869, 543223867
4736051429633, 558735382
4736610272089, 547043285
4737157421393, 559883435
4737717411346, 553644472
4738271157058, 925248774
4739196506867, 927149466
4740123759148, 554972244
4740678836776, 559001353
4741237943474, 553995139
4741792063287, 564013016
4742356181859, 544097040
4742900384831, 555328699
4743455815788, 556067529
4744011987937, 543321684
4744555412420, 800469449
4745355983393, 927680706
4746283766776, 544637038
4746828509473, 545862872
4747374474444, 564916457
4747939496525, 554918450
4748494517197, 561840922
4749056461126, 546644597
4749603214173, 554254649
4750157571225, 538357578
4750696043859, 813302174
4751509447879, 912831048
4752422383076, 551073114
4752973555942, 566930032
4753540589020, 559421977
4754100115657, 571613944
4754671832073, 554250015
4755226189086, 558343499
4755784635353, 565298336
4756350039917, 548363346
4756898505163, 816794778
4757715401229, 909304077
4758624811798, 553452923
4759178370546, 563491405
4759741970213, 540305170
4760282384753, 549199589
4760831687855, 550487110
4761382278829, 561429116
4761943812725, 573814341
4762517733113, 563817016
4763081652906, 800336665
4763882090467, 905456571
4764787647953, 562068688
4765349819639, 552437512
4765902365334, 553140587
4766455610319, 549733719
4767005448716, 533548229
4767539102765, 558497821
4768097706248, 557198382
4768655033546, 563989725
4769219128913, 789199772
4770008427277, 914252156
4770922786869, 555287547
4771478177840, 540041325
4772018328609, 544836574
4772563272274, 548685440
4773112090948, 553303006
4773665515135, 572169395
4774237789961, 542473306
4774780367713, 538511976
4775318985520, 907454973
4776226539294, 910439409
4777137083478, 553312683
4777690498692, 564256552
4778254859433, 562899677
4778817863937, 556530536
4779374499775, 558967333
4779933576005, 554057423
4780487737318, 539187184
4781027028553, 534704823
4781561835319, 807900269
4782369832302, 915687892
4783285625102, 553928584
4783839658349, 558443071
4784398206948, 552162055
4784950475547, 560973688
4785511563406, 552712925
4786064379528, 560222675
4786624703202, 564016078
4787188825125, 550274283
4787739203881, 832773608
4788572088836, 897911584
4789470102454, 564972059
4790035181257, 559007082
4790594292118, 553364236
4791147782903, 581104361
4791729010751, 557825134
4792286939335, 544692339
4792831737932, 561068989
4793392913660, 564843080
4793957859461, 823528384
4794781487892, 910795049
4795692386151, 560821702
4796253313198, 560959508
4796814375583, 569284633
4797383765667, 559085819
4797942935474, 542073458
4798485095931, 542344033
4799027524587, 539937994
4799567549526, 558679049
4800126313090, 782327112
4800908719645, 877303712
4801786106561, 549677970
4802335869629, 556435673
4802892388693, 547458078
4803439928908, 554422831
4803994437445, 537217651
4804531744735, 553402644
4805085246957, 550653192
4805636162101, 555715899
4806191985456, 780999256
4806973054538, 879960410
4807853086773, 540395623
4808393553995, 542222111
4808935846570, 548138214
4809484080114, 539800550
4810023951584, 548943647
4810572963761, 550358932
4811123392417, 578807798
4811702271254, 534583841
4812236925077, 778968638
4813015991215, 884455411
4813900528150, 555844084
4814456442761, 553018531
4815009531494, 547866710
4815557469365, 543232408
4816100775490, 532967441
4816633817076, 572126141
4817206010761, 546521959
4817752604749, 537555971
4818290232439, 793212196
4819083513969, 901960945
4819985545141, 552802244
4820538417505, 530523101
4821069018245, 541245079
4821610333768, 535377903
4822145779926, 545937164
4822691793706, 550093755
4823241960463, 544140768
4823786172449, 544104653
4824330349371, 796578007
4825126995498, 884029096
4826011100546, 553776217
4826564946412, 542510405
4827107526363, 535234998
4827642832020, 562311471
4828205216169, 548423073
4828753713584, 561215997
4829315000996, 557980817
4829873056843, 550874632
4830424015466, 811121926
4831235204235, 894341109
4832129615469, 544099651
4832673786709, 551963943
4833225821642, 564195496
4833790089842, 533401411
4834323561683, 553221645
4834876853191, 549908066
4835426832153, 550703976
4835977608700, 553235368
4836530912143, 792528461
4837323507613, 894161404
4838217740073, 550878011
4838768688680, 553368434
4839322126948, 556955993
4839879153698, 543505090
4840422730102, 549221170
4840972045528, 544358456
4841516472365, 544934515
4842061476643, 546150636
4842607698202, 790999197
4843398766704, 887620512
4844286457681, 547481554
4844834010390, 558577509
4845392658002, 557146510
4845949876955, 550553262
4846500500564, 558514967
4847059087868, 565265760
4847624424974, 557242402
4848181740471, 538717957
4848720543637, 810313118
4849530945280, 900786630
4850431824116, 571845149
4851003792958, 574242712
4851578125983, 556273705
4852134499903, 535222837
4852669796418, 545324530
4853215186371, 558649724
4853773903530, 553474771
4854327450981, 562565196
4854890084257, 807073723
4855697222696, 900288364
4856597578003, 560566335
4857158211440, 536813016
4857695092536, 549703603
4858244866360, 549663321
4858794596685, 556410901
4859351073753, 560694933
4859911836814, 557365604
4860469269118, 551633755
4861020970006, 817273579
4861838320057, 929414154
4862767811776, 567350021
4863335242140, 566441548
4863901760653, 556256543
4864458094554, 555390546
4865013566657, 555799705
4865569443205, 569175266
4866138698261, 571220022
4866709996805, 553761588
4867263835619, 957545779
4868221454806, 933400935
4869154935084, 571560360
4869726573992, 566608214
4870293257728, 580496473
4870873832349, 576445020
4871450359518, 586470127
4872036906049, 572866372
4872609850285, 569519764
4873179454299, 569279617
4873748811321, 840583691
4874589472050, 904025409
4875493578597, 571459480
4876065117004, 578473075
4876643672659, 579466086
4877223215993, 580011611
4877803310735, 558553644
4878361944617, 568087227
4878930108872, 569593356
4879499780375, 582815964
4880082672768, 841509396
4880924257891, 923699542
4881848042268, 590612382
4882438738164, 578404209
4883017219500, 567769470
4883585066635, 568280393
4884153429763, 560758433
4884714268983, 574557324
4885288910138, 576389419
4885865375585, 568489587
4886433944249, 817537253
4887251557823, 936718264
4888188349823, 572891086
4888761318301, 572644551
4889334039175, 564158379
4889898274514, 570747253
4890469098747, 579823130
4891049005909, 562656641
4891611739931, 570658591
4892182482049, 554541323
4892737100756, 837933239
4893575107453, 931339167
4894506522783, 568326652
4895074924161, 559885404
4895634885287, 576519517
4896211483317, 583868578
4896795431041, 579209640
4897374716995, 564011820
4897938811116, 562437978
4898501327205, 570198823
4899071604256, 833781864
4899905459556, 929415584
4900834949466, 577443057
4901412469551, 573153396
4901985698902, 559827020
4902545602910, 578095725
4903123776073, 594983580
4903718840706, 573051345
4904291969312, 583575179
4904875621550, 588223911
4905463924239, 857168881
4906321166710, 936245645
4907257491727, 572726855
4907830297752, 585621338
4908415997204, 560951025
4908977027899, 573090757
4909550194363, 560687541
4910110958900, 573976750
4910685011265, 580460684
4911265551250, 568162744
4911833791301, 826566835
4912660432364, 919390479
4913579900789, 575563025
4914155542077, 570933228
4914726551968, 584453139
4915311084397, 584207634
4915895370907, 572909510
4916468358980, 577607061
4917046043913, 589553493
4917635674589, 574964381
4918210717246, 951868232
4919162659524, 934223400
4920096962139, 593901182
4920690940839, 571336393
4921262357504, 573203115
4921835636828, 584804749
4922420519742, 579288102
4922999886526, 587593423
4923587556098, 569188639
4924156825372, 579115058
4924736033592, 839237006
4925575343704, 927304075
4926502729670, 573625945
4927076432771, 573561413
4927650071114, 578046160
4928228195651, 576064001
4928804337966, 590710682
4929395124809, 588872584
4929984107239, 567562241
4930551748617, 579424694
4931131248942, 859363695
4931990687500, 927534350
4932918404527, 592782173
4933511387764, 582166822
4934093649935, 595378418
4934689098886, 596349909
4935285518717, 619898388
4935905488094, 585155547
4936490713647, 574843721
4937065627214, 575039852
4937640735787, 841666267
4938482460556, 902443936
4939384969108, 576415386
4939961445138, 576787771
4940538291607, 571717288
4941110070200, 568492550
4941678619744, 554306969
4942232987617, 564256125
4942797305174, 553810613
4943351178937, 558310855
4943909550996, 844014680
4944753624846, 914430008
4945668116259, 569614522
4946237791231, 569184858
4946807036924, 581034432
4947388134457, 563999953
4947952196916, 563730361
4948515989002, 573264173
4949089350400, 578049928
4949667477735, 566570404
4950234113747, 822381572
4951056552380, 906705119
4951963318382, 566329791
4952529710973, 569563047
4953099336093, 572325633
4953671724102, 566944309
4954238728810, 583364403
4954822153471, 559454751
4955381669104, 566626426
4955948356578, 557534309
4956505951525, 827295587
4957333320140, 920030487
4958253428108, 580836400
4958834324809, 564062607
4959398447490, 566335339
4959964843495, 572992148
4960537896078, 565530986
4961103488893, 572619753
4961676168205, 556044429
4962232272650, 557766439
4962790098667, 834127604
4963624288036, 927100524
4964551451353, 579312655
4965130825703, 580415906
4965711302300, 597122755
4966308486986, 588047849
4966896596439, 574395760
4967471055454, 573032365
4968044151269, 581131131
4968625344748, 578701195
4969204107004, 833593643
4970037761435, 921907692
4970959729879, 569469351
4971529259872, 586373510
4972115692655, 574983126
4972690736509, 564068062
4973254866618, 574348720
4973829275154, 580840801
4974410174920, 585533514
4974995767860, 575423004
4975571250503, 819644112
4976390952517, 903408063
4977294425425, 579159877
4977873648499, 583841877
4978457550759, 561217474
4979018830896, 577559865
4979596451129, 573036820
4980169549188, 583132745
4980752738968, 561094030
4981313892966, 568815629
4981882770257, 838730397
4982721559109, 920773996
4983642393349, 572562734
4984215018283, 572490793
4984787568719, 575603801
4985363230420, 559290595
4985922580265, 568749764
4986491390372, 586000718
4987077451331, 587334955
4987664846932, 575212025
4988240120662, 846950766
4989087128969, 912865767
4990000075337, 558827783
4990558963376, 583183399
4991142205409, 571656121
4991713922210, 590354570
4992304337919, 568129659
4992872528503, 577291733
4993449882708, 556314676
4994006260188, 579372948
4994585693829, 852730772
4995438485032, 924489089
4996363036483, 585561544
4996948659053, 588791822
4997537512127, 577769100
4998115340656, 586205715
4998701607083, 581853315
4999283521667, 589858338
4999873439746, 572500633
5000446001256, 595215411
5001041275646, 833882368
5001875217895, 911483593
5002786761860, 585347509
5003372169256, 582704171
5003954933567, 556165473
5004511166201, 577405262
5005088634127, 576862040
5005665559093, 594667810
5006260286662, 563418097
5006823764303, 571230453
5007395055565, 836313165
5008231427589, 931225811
5009162715910, 574263121
5009737057927, 578480390
5010315597438, 583446264
5010899105804, 596209001
5011495376721, 587481986
5012082917049, 593279036
5012676256608, 580946011
5013257267505, 591512550
5013848864146, 847968983
5014697013814, 949287556
5015646433534, 581154311
5016227636007, 573178036
5016800852273, 577512993
5017378403684, 609929405
5017988370437, 587697697
5018576107006, 574739910
5019150884701, 578721057
5019729644952, 586018888
5020315699665, 868577925
5021184314788, 910870112
5022095222099, 583309346
5022678570748, 582171899
5023260785440, 598071327
5023858894752, 579145855
5024438079525, 588024644
5025026145170, 582383601
5025608569243, 591132768
5026199741113, 603417783
5026803196258, 843977905
5027647213216, 930554651
5028577806542, 569301503
5029147147016, 597525279
5029744711483, 581415314
5030326165510, 574898522
5030901104632, 587271678
5031488416150, 589640599
5032078096006, 587754354
5032665888162, 585126049
5033251053075, 851975484
5034103066539, 927186036
5035030290606, 591100919
5035621430079, 585752651
5036207219752, 564507193
5036771765967, 585927549
5037357731183, 591929801
5037949700063, 588792189
5038538530621, 589600703
5039128170164, 584634532
5039712842122, 870957586
5040583836625, 923818282
5041507693191, 583371054
5042091102423, 587904338
5042679045275, 598536925
5043277620945, 602565519
5043880224902, 595538876
5044475803090, 579994692
5045055837979, 614317206
5045670195965, 606328556
5046276563234, 925563562
5047202163541, 963649838
5048165851910, 609420766
5048775311534, 615208604
5049390557380, 613029658
5050003626691, 609962763
5050613628106, 594232793
5051207899436, 594550670
5051802488651, 614971128
5052417497980, 628515242
5053046051331, 904012042
5053950101347, 962284594
5054912427444, 613791575
5055526256803, 616662907
5056142957759, 607326650
5056750322873, 597445650
5057347807973, 610397794
5057958246187, 613444875
5058571731228, 624102034
5059195874751, 625705914
5059821617962, 902703641
5060724360056, 995468573
5061719867460, 623294846
5062343200729, 618512527
5062961749860, 603683285
5063565473934, 618766314
5064184277261, 627129105
5064811444179, 631015723
5065442499330, 608126597
5066050663487, 617632830
5066668333860, 908272245
5067576644140, 988411321
5068565092541, 657342715
5069222474395, 633068180
5069855581835, 619784547
5070475405256, 618097622
5071093540726, 613201504
5071706779104, 618874199
5072325690737, 607861398
5072933598540, 610516384
5073544156448, 917686899
5074461881149, 964432876
5075426351403, 615112508
5076041503153, 613562497
5076655103095, 622500918
5077277641635, 614038863
5077891721520, 607028573
5078498788233, 607994293
5079106820059, 598619723
5079705481023, 615099951
5080320622367, 896267005
5081216925992, 966242252
5082183207753, 629352842
5082812599575, 611713577
5083424350202, 608242893
5084032630891, 612090108
5084644759489, 630446533
5085275245677, 630748817
5085906035468, 603834087
5086509909320, 615137832
5087125084266, 902788289
5088027911396, 985525088
5089013474469, 596193265
5089609705632, 615355604
5090225099369, 608335796
5090833475258, 618267389
5091451780438, 620453110
5092072271862, 615414027
5092687723657, 607487835
5093295250663, 618960813
5093914249774, 913080341
5094827368457, 967311205
5095794718341, 619814752
5096414571103, 608317611
5097022925556, 614410742
5097637374965, 622265144
5098259683706, 624976206
5098884697967, 623539936
5099508278401, 613686723
5100122004596, 608033705
5100730076723, 892688072
5101622801866, 950317544
5102573156235, 602737515
5103175932073, 605019818
5103780990665, 598292050
5104379320980, 610429941
5104989790236, 606603272
5105596433844, 590849770
5106187321182, 622058262
5106809418561, 603482521
5107412939879, 874109714
5108287086246, 938810557
5109225934578, 608229511
5109834199603, 603189268
5110437426374, 605548941
5111043015073, 600707037
5111643760482, 602874802
5112246674111, 611117356
5112857829434, 599581184
5113457448973, 612939038
5114070425970, 899317746
5114969780835, 978527208
5115948347800, 618830510
5116567216825, 615181682
5117182436862, 625871313
5117808347340, 635804935
5118444191288, 629927602
5119074159958, 632313311
5119706514973, 628693134
5120335252131, 628277934
5120963570801, 938963965
5121902571122, 988829843
5122891438599, 634485126
5123525964960, 657432525
5124183435868, 661141241
5124844620707, 648624794
5125493286591, 639149129
5126132477247, 635742535
5126768261119, 628564620
5127396867445, 676753368
5128073667365, 962966638
5129036675147, 985944123
5130022661738, 645773594
5130668481943, 654588109
5131323112125, 632849570
5131956019410, 634790384
5132590849633, 643821325
5133234713773, 648658006
5133883412848, 665922152
5134549374493, 656821135
5135206236078, 951185183
5136157459630, 1015034294
5137172535618, 659946563
5137832526174, 626439291
5138459007564, 629762660
5139088806776, 650868197
5139739714724, 648961082
5140388715522, 647761949
5141036516504, 688929978
5141725486611, 651331411
5142376860789, 948219947
5143325122945, 1028999033
5144354163458, 667296277
5145021502412, 668643697
5145690187447, 645011624
5146335242186, 654879000
5146990166018, 637527533
5147627734592, 653255279
5148281031419, 659818048
5148940889300, 639324842
5149580255378, 953035623
5150533331372, 1010015956
5151543385984, 644867825
5152188293020, 651186948
5152839519437, 642550106
5153482108812, 623932260
5154106080284, 624966739
5154731085965, 636084353
5155367208483, 627147322
5155994395973, 643305951
5156637741222, 929056404
5157566836612, 996390927
5158563267167, 663528011
5159226834025, 636701925
5159863575592, 625685482
5160489299571, 635150923
5161124489037, 645540048
5161770068787, 644192128
5162414300190, 648599972
5163062940226, 627482181
5163690461143, 951968811
5164642469493, 994071427
5165636579622, 632088805
5166268707630, 620507902
5166889255268, 635726842
5167525022762, 642050880
5168167115289, 635081537
5168802237292, 638106767
5169440385529, 625521740
5170065947782, 630547876
5170696535662, 961215062
5171657790024, 982793670
5172640622522, 649821118
5173290485077, 627355038
5173917881084, 664276695
5174582196596, 648200666
5175230436643, 645111124
5175875585730, 641659105
5176517284766, 651738065
5177169065718, 643947788
5177813058454, 957166104
5178770264708, 977810608
5179748112163, 629918440
5180378071352, 623441057
5181001552458, 626059336
5181627651284, 633434379
5182261124312, 629023582
5182890187877, 629894715
5183520120976, 622603015
5184142765585, 623266336
5184766079282, 925071641
5185691188675, 995611483
5186686837435, 619246326
5187306124927, 622002330
5187928165087, 611739358
5188539942661, 621352081
5189161334418, 651638624
5189813012635, 644140506
5190457191848, 640019255
5191097248882, 620623225
5191717911561, 948641508
5192666593178, 982620763
5193649254377, 646868053
5194296161745, 640753997
5194936958150, 666755502
5195603755972, 641960737
5196245762632, 640071322
5196885875881, 628327007
5197514245864, 640430722
5198154717903, 663460269
5198818221241, 929361694
5199747641247, 997427859
5200745108883, 639246867
5201384396116, 651928951
5202036366814, 635668198
5202672076878, 649131925
5203321249805, 651100455
5203972391209, 647134903
5204619568657, 638070083
5205257682485, 638217384
5205895942891, 969133210
5206865115293, 1020717935
5207885875514, 650753399
5208536672349, 652780835
5209189495173, 649785759
5209839323009, 645037455
5210484400756, 664204694
5211148647178, 649877594
5211798567411, 655230423
5212453839928, 640181347
5213094071143, 947959519
5214042070922, 1006960651
5215049074051, 660073398
5215709192456, 656805760
5216366046135, 660058470
5217026146948, 642085468
5217668272937, 667156753
5218335471395, 636370362
5218971882477, 649932102
5219621859364, 660351428
5220282251225, 950350362
5221232639274, 989545287
5222222222235, 639686473
5222861948096, 642499084
5223504486329, 647084855
5224151611029, 638743012
5224790393008, 642735897
5225433168921, 643196609
5226076406348, 632878174
5226709325590, 652610635
5227361974935, 928901987
5228290915653, 1007061956
5229298017895, 645325856
5229943386335, 637750591
5230581176623, 648674520
5231229891131, 647161915
5231877091881, 652264818
5232529397165, 641825649
5233171261728, 633273440
5233804575604, 670365150
5234474980459, 952303850
5235427322885, 980695912
5236408059337, 647901466
5237056018451, 639873928
5237695932042, 644628634
5238340599415, 644394154
5238985032491, 645923373
5239630995618, 634324407
5240265359804, 643324512
5240908721719, 648461770
5241557221920, 1007822988
5242565084371, 1001084689
5243566207343, 634201029
5244200448707, 647629288
5244848116384, 626010067
5245474165598, 642113420
5246116316466, 631683054
5246748053369, 641030770
5247389122922, 645795436
5248034957349, 630682656
5248665677908, 952911586
5249618628418, 991798383
5250610464297, 631433394
5251241935923, 641637903
5251883612613, 643517357
5252527168992, 640043127
5253167251673, 643682546
5253810972486, 633128781
5254444141741, 636418321
5255080599291, 634896440
5255715534829, 946059406
5256661631952, 991921883
5257653592031, 645589748
5258299220551, 633720901
5258932981539, 645447369
5259578467932, 646474985
5260224982970, 619272229
5260844293260, 637599824
5261481931779, 643738443
5262125709123, 640611225
5262766358645, 938314970
-------------
--------->>>>0<<<<---------