---updates---
40439300230121, 24940097436
40464255915677, 2685541060
40466941609180, 2541442459
40469483195787, 2430135596
40471913729448, 2332378064
40474246235764, 2138621125
40476385042489, 1992578065
40486761309413, 1760480341
40488521927136, 1855122438
40498606855189, 2654104883
40501261116167, 2689080569
40503950334900, 1893241516
40505843686654, 1895561559
40507739376176, 1833007134
40509572508764, 1892065675
40515658690382, 1717196044
40525490397519, 1715077704
40527205609367, 1784915105
40528990652716, 1659795656
40530650564145, 2496453473
40533147132480, 2599682228
40559819576668, 1935102590
40578097583654, 1717183194
40584032861809, 1753409163
40593696185469, 1716569569
40614942093419, 1728374323
40624366699746, 1751878949
40626118708875, 1781040990
40643907828904, 1544499629
40653410837368, 2377536199
40664186358738, 1909211551
40686772166969, 1660178182
40692381881969, 1613619913
40693995615122, 1840473408
40695836223945, 1822791672
40697659174344, 1688054276
40699347352090, 1753952643
40701101440199, 1657751646
40702759322467, 1651229724
40708412203280, 1997066896
40722516118494, 1793170827
40724309403789, 1622022749
40730185504790, 1617632156
40735709863626, 1340883365
40737050886021, 1706654851
40750757720573, 1861750201
40752619606947, 1890027397
40754509766583, 1876953976
40773355280708, 1645941665
40775001339700, 2384044517
40785853879608, 1985093536
40787839083069, 1886377918
40789725570526, 1754624700
40791480311073, 1701378988
40793181807236, 1635527780
40798818717481, 1660003552
40808552777197, 1544233987
40814681534785, 1888460359
40816570130215, 1937860955
40822576498337, 2192316819
40824768963436, 2441561148
40827210665593, 1993326775
40829204147282, 1829093373
40831033353548, 1731642887
40832765112474, 1864070435
40834629326006, 1877956039
40836507601667, 1833061930
40838340788327, 1980445262
40840321366220, 1827901353
40846397092853, 2078484667
40853072802027, 1933402349
40859020946028, 1612301245
40873147424206, 1835546752
40874983097687, 1847895466
40876831126409, 1938162553
40878769420285, 1860904791
40888915019022, 1734877793
40898983921309, 1740445926
40909047752557, 1683546716
40910731428479, 2461005262
40918135910098, 1844620036
40919980657593, 1678578227
40921659370360, 1654758972
40923314263151, 1616025783
40929156023129, 1729757393
40930885915046, 1643853052
40932529883128, 1832680220
40947210982241, 1825618391
40953124580081, 1823716968
40954948429189, 2400673373
40957349245379, 2611169906
40968386695587, 1587887783
40978552938249, 1452322083
40980005385401, 1779851249
40981785371796, 1898803549
40983684289011, 1757987218
40989755330303, 1676138250
40991431603408, 1868394475
40997606988931, 1737483546
40999344596295, 2465866504
41023602936821, 1796469139
41029474221629, 1649464230
41031123866481, 1704165324
41032828167646, 1770392002
41034598693776, 1699916595
41036298721567, 1742428848
41038041273648, 1888797674
41044326216569, 1793462986
41054844318848, 1909986368
41061187610976, 2474030092
41063661757898, 2481614557
41066143500374, 1933964499
41072500411958, 1772181607
41074272712517, 1820680136
41092968043370, 1868761375
41094836936209, 1816799601
41096653869131, 1838278203
41098492299652, 1669776344
41100162204580, 1967992619
41102130348400, 2434378578
41104564851347, 2591997833
41107156986109, 1771777920
41130991350299, 1788261711
41145664698161, 1598270882
41147263107575, 1702799228
41148966023532, 1778818189
41159417497913, 1805412768
41161223046972, 1751891749
41162975058152, 1753021468
41164728211304, 2630028675
41167358357320, 2666120334
41170024588384, 1945205620
41184905917790, 1772161703
41186678214391, 1802122890
41205629878978, 1632900950
41207262919974, 1895507259
41209158569611, 1696229558
41223847086123, 1918919194
41225766142368, 1844342198
41227610835143, 2554200376
41230165157553, 2629387627
41236686839836, 1874256632
41252092482515, 1739188971
41253831800901, 1774883034
41255606813985, 1860241638
41262064493790, 1740837350
41268191619386, 1830050086
41278886498294, 1583381024
41288561526649, 1787520707
41294535805730, 2601864697
41319064633476, 1743261368
41320808040494, 1810511054
41326930685897, 1828776895
41333283168599, 1586859020
41334870162590, 1758251143
41341382796871, 1792780750
41347588524388, 1985847220
41349574502980, 1840770871
41356211165053, 1644993451
41357856288323, 2566560093
41360422970766, 2690742161
41363113828955, 1932412696
41365046371313, 1935200208
41371474453632, 1577564112
41382105876012, 1713791537
41388032507916, 1684955409
41407381432444, 1705573856
41444336381783, 1581658869
41459741386577, 1838687681
41466057536351, 2679483435
41468737163348, 2566029110
41480467807920, 1752224550
41486555866925, 1727681998
41502121968275, 1678182255
41517673362769, 1681631975
41519355123581, 2018747135
41526147188085, 1763214178
41527910529134, 1997643877
41529908306442, 1837623726
41545472702170, 2479488383
41547952327650, 2579395238
41554989797705, 1683772413
41565332419093, 1784840260
41567117408171, 2059028020
41582729359216, 1881268223
41589124693486, 1756378035
41590881189021, 2195009953
41602512577047, 1903691968
41613738103113, 1955799243
41615694104033, 2504199050
41618198446772, 2544363928
41625757812406, 1850606173
41627608552916, 1913568535
41634225865348, 1867550417
41640840567746, 1960393615
41647534739180, 1958155076
41649493047777, 1963256365
41651456388539, 1889126711
41658403235524, 1972316667
41678316049949, 2552074290
41690067864546, 1968014214
41692035958687, 1852838424
41693888893321, 1963241998
41695852332696, 2012831547
41697865256849, 1818044433
41713251427785, 1938930530
41737663761829, 1772839925
41739436684951, 1896315172
41741333077204, 2113976718
41757507546165, 2402837860
41769514226522, 1991552934
41776211293421, 1803200219
41787811709182, 1713209593
41789525014879, 1975746991
41796169361972, 1694390904
41797863846902, 1989600949
41799853529102, 1846805209
41801700415294, 2012033141
41803712524919, 2099608370
41824355400895, 2487773617
41826843273403, 2638962036
41847979505144, 1829695803
41849809281602, 1899251630
41856051569845, 1818154416
41857869808858, 1896347967
41859766248225, 1915588794
41875516702160, 2000221524
41892490263156, 1877395202
41899253280297, 1783368138
41905777648058, 2564546716
41908342293359, 2437978824
41915651312275, 2023003106
41917674405772, 1880593164
41919555102130, 1907976687
41931054656380, 1929974852
41937606522108, 1824690103
41943780888932, 1802382919
41959855185772, 1833926912
41966556456694, 1948798699
41968505350996, 2641249081
41971146688405, 2731373010
41973878157086, 1966783428
41975845039177, 1932419775
41982412335238, 1729913522
41984142332387, 1896143149
41990475412012, 1764196454
41996874714951, 1762717084
41998637511010, 2184498988
42005245261696, 1886538127
42011981109710, 2517644368
42014498843604, 2681902698
42017180863288, 1983474710
42019164431811, 1944675195
42021109201611, 1967141948
42032421928775, 1821872684
42034243917848, 2105233495
42051014028071, 1902160610
42052916274120, 1898292803
42054814650574, 1802021861
42056616749789, 2796966209
42064855206536, 2279716581
42067135015241, 2079723273
42074112530935, 1833709355
42075946329784, 1980330788
42082625738723, 1786078566
42089623246188, 1777447203
42091400784210, 1888717635
42102152670768, 1969943749
42133085378226, 2162927454
42135248388103, 2958196323
42148687688683, 1834073863
42169028424643, 1927796415
42170956301021, 2075491254
42173031879057, 1894216705
42189288423524, 1791473939
42196263585429, 2104117549
42198367787303, 2093841951
42200461707783, 1800848477
42212120350773, 1941844198
42214062283126, 2772723209
42216835107212, 2505387468
42219340578519, 1968007429
42221308674713, 1898729256
42228295084446, 1853381593
42234932136301, 1792746880
42242083422444, 1868114417
42253341021659, 2022940409
42260564531939, 1902084000
42262466704900, 2135493886
42274682419161, 2749841802
42283099878368, 2075440938
42289879689695, 1951556586
42301484915683, 2048436150
42309068172444, 1926462962
42310994712753, 2103716723
42338084965177, 1960575540
42340045630426, 1931627477
42346672181703, 1858878572
42348531151629, 1886655014
42350417915081, 2697825588
42353115843090, 2881130058
42355997058343, 2014309121
42372187251699, 2001555541
42374188882673, 2275365641
42386446067619, 2072976406
42402900967237, 1837006413
42414888150626, 1996321336
42416884559972, 1972585338
42423670984870, 1862880977
42425533955772, 2825348312
42433511371517, 2317780594
42455092409278, 2140666676
42457233149796, 2090760579
42464017701571, 1805028964
42465822809198, 1929761893
42467752645762, 1999838580
42475116573377, 2154339326
42486952562862, 1945274321
42493885504026, 1883624883
42501116653539, 2845363036
42503962116147, 2663864050
42516428425551, 2104231840
42518532753712, 2049271239
42530952087393, 1963095795
42532915300535, 1987441471
42534902818055, 1887864618
42536790982326, 2125896005
42543946078790, 1990980932
42550988816190, 1978529430
42552967426280, 2817507041
42570839544886, 2149853665
42572989474714, 2283205501
42580067782993, 1858721115
42581926590246, 2012942930
42599249163070, 1781606045
42631038518336, 1895148062
42638104982986, 1935669061
42655451035928, 2176719582
42662496972261, 1901376925
42669826504045, 2880953975
42693362856144, 2138592127
42700423002566, 1870763696
42702293850971, 2285843777
42709802009119, 2080111120
42711882206142, 2176909514
42729726390686, 2068306850
42731794779686, 2209579431
42734004444272, 2152296566
42746609843866, 2084720960
42748694651363, 2857807114
42762194948508, 2140348763
42800155934832, 2060701588
42823228258477, 1982846360
42825211186568, 1824941937
42827036211408, 2370835811
42834337880197, 2022982954
42836360952460, 2158119684
42843279461834, 1973461827
42845253009002, 1905645064
42852164357463, 4396699478
42856561155857, 2428257233
42874310368684, 2124822029
42886388672935, 1841984809
42898722170345, 1990393798
42900712655863, 2022808892
42902735551417, 2053967603
42910310464473, 1896894580
42912207443325, 2127372507
42934680971542, 1926213726
42936607269340, 2824806014
42939432159361, 2687107371
42942119342660, 2099880848
42964948051278, 2146690984
42972663866482, 1760844577
42979911005538, 1822624715
42991706695082, 1844869550
42993551650388, 2239052181
42995790777152, 2048082147
43012880238839, 2201456607
43029996075571, 2952199605
43043901313729, 2040867643
43061358369524, 2118618571
43063477074040, 2233404863
43070556402945, 2059317193
43083222197252, 1699370798
43084921641737, 2098418504
43102730790316, 1996729629
43120715303534, 1917938755
43122633317827, 2213712856
43130084550982, 3080673346
43133165299596, 2875362730
43136040731491, 2175114312
43164296837275, 1911203135
43166208116842, 2069641477
43173855652987, 1987758398
43175843493574, 2067957707
43199542760719, 2141773883
43201684615435, 2152971088
43203837656624, 1986520937
43205824249913, 2633705727
43208458028394, 2839325184
43211297436625, 1991202946
43244004838684, 2075254108
43246080164090, 2326948536
43248407183011, 2151873780
43250559128171, 1971280883
43273708488116, 2137181796
43286443518167, 1886782227
43293444408549, 2362419657
43295806897266, 3080206326
43298887188687, 2862953731
43312503970474, 2086369193
43320292799958, 2071114086
43332782809513, 2087549434
43334870439677, 1902212148
43347622835840, 2128873978
43355289731457, 1944640349
43362621105184, 1916110823
43396240749690, 2009661928
43409602233173, 2814176502
43412416495621, 2775828447
43426115964747, 2217137276
43443997507019, 2153675628
43451441086361, 1990633479
43459283851611, 2686003097
43461969937507, 2083645072
43464053654194, 2188455670
43471865868237, 2033622824
43511675910789, 2258349538
43519963416478, 2683480948
43522646981817, 2702766318
43553524392447, 2300143072
43555824608703, 1934191037
43557758880413, 2264639818
43576858246422, 2058596822
43584240480661, 2046725157
43612924572214, 2040171449
43614964812477, 2106862596
43622459337992, 2167758670
43635922454689, 2859544618
43644852360407, 2428104526
43669348261208, 1995068073
43671343397204, 2355239600
43673698704949, 2307396944
43682102425918, 1889657440
43700235935894, 2269116896
43708107694440, 1941608930
43710049385218, 1841105179
43734378028636, 1977916455
43742276263167, 2793661619
43745070053654, 2796032557
43747866154418, 2402287224
43761831769763, 1980991110
43774787513931, 2132018710
43776919615018, 2306130192
43779225824429, 2258870838
43781484775142, 2291499309
43789616406486, 2132288883
43802229847989, 2095217896
43830266244687, 3085991135
43833352311285, 2788028673
43855877319564, 1810790279
43857688204974, 2079701344
43864861174473, 1802891367
43866664134260, 1968043030
43868632247541, 1885216080
43870517532016, 1985868203
43881371302391, 1735688579
43890635149616, 1547785232
43895731781786, 1935713072
43897667565938, 2137676454
43920322738166, 1232107142
43921554911702, 1305362508
43922860337642, 1317411389
43926902728623, 1222608272
-------------
---reads---
40478377710680, 103871947
40482722929707, 74482406
40490377120543, 130254186
40494653842976, 118630640
40511464658729, 88846248
40517375961684, 137675593
40521408547461, 137226907
40535746888230, 197907382
40539599157103, 102287797
40543484858279, 162196145
40547647279075, 144589562
40551501936687, 107240681
40555430411532, 199827673
40561754766858, 161783462
40565586915101, 218966869
40569574831163, 257724473
40573748291016, 230399626
40579814863995, 279576109
40585786355313, 175313573
40589735053134, 149414876
40595412829315, 89172778
40599245396408, 197393006
40603082326427, 170528426
40606967951176, 98089789
40611181698395, 72612660
40616670570072, 58334411
40620615587385, 89028830
40627899831573, 181327911
40631953934926, 285565124
40636307354541, 193445165
40640133330969, 104895634
40645452414274, 200238016
40649407248027, 205446710
40655788458228, 239320016
40660170916355, 79332702
40666095656502, 82476886
40670293600363, 213533751
40674378905988, 111251852
40678513266301, 117594123
40682632453050, 180336254
40688432430663, 118985008
40704410627086, 91939230
40710409361837, 209059930
40714703772185, 242761872
40718697860018, 142024569
40725931511198, 253397012
40731803225072, 81176999
40738757622657, 127403358
40742847174122, 153717858
40746838222872, 173412984
40756386810859, 93841005
40760481477196, 186247265
40764683814031, 201147729
40769219988415, 210882914
40777386190327, 300459547
40781943056942, 179014951
40794817408913, 228011554
40800478797769, 143102477
40804513589045, 80620280
40810097090370, 197047002
40818508085196, 121151183
40842149337391, 198227421
40848475667802, 197282067
40855006280672, 154767759
40860633329732, 123356907
40864810471560, 159946419
40869114559937, 137265685
40880630409951, 169475255
40884761548558, 177179411
40890649977132, 266720259
40894827286362, 152955534
40900724451431, 157509915
40904859405649, 200306429
40913192515201, 237146434
40924930372910, 218369243
40934362635030, 169126234
40938903081882, 149285477
40943123790648, 201992760
40949036675906, 179692883
40959960500066, 173696044
40964152158971, 144138858
40969974664763, 244247133
40974486156448, 186644005
40985442359646, 244924454
40993300085924, 291851896
41001810550616, 212963184
41006763997547, 131214704
41011044807117, 207213475
41015419839503, 162424353
41019394662748, 171847272
41025400074502, 95287585
41039930146765, 157721889
41046119760171, 146877779
41050494786470, 179741550
41056754390827, 75892129
41068077547864, 142898825
41076093473714, 136504752
41080231909797, 222308925
41084734839319, 156244538
41088961248622, 113880000
41108928846230, 204177425
41113537663836, 84293602
41117740561866, 191604710
41122112028095, 181612420
41126456628619, 259411678
41132779688512, 260469503
41137299717270, 127537710
41141539869854, 134686915
41150744916512, 173094854
41155199191041, 112219338
41171969877486, 202861169
41176291210366, 102442664
41180533522592, 231037668
41188480412646, 179411337
41192685186128, 134801016
41197060959393, 155145685
41201311830352, 74794795
41210854886460, 228841122
41215026374267, 217323975
41219532521416, 250622050
41232794638017, 102588288
41238561178814, 153348655
41243332531508, 129423164
41247663609188, 193482180
41257467136945, 174254180
41263805413947, 158871632
41270021752071, 206741019
41274278453387, 176640635
41280469953211, 93518562
41284494939694, 118527521
41290349125361, 131758573
41297137758465, 291787854
41302298756049, 169080742
41306410775754, 184770189
41310398889833, 162723168
41314872696226, 183732631
41322618626892, 96681860
41328759548189, 258966751
41336628486142, 249770476
41343175668455, 104775892
41351415348041, 190533814
41366981654801, 263667030
41373052105086, 129899617
41377620390554, 185448807
41383819756839, 144359876
41389717540338, 108465554
41394257444905, 178491280
41398643051996, 232219269
41402966299691, 209522167
41409087091483, 174442232
41413503957054, 258003455
41418137746233, 194148517
41422444622498, 215637139
41426764370959, 274883253
41431088102081, 258949968
41435521621286, 126227987
41439878903996, 249822067
41445918116705, 112635580
41450443139724, 151059156
41454943768249, 219030428
41461580161055, 184957636
41471303277919, 172537921
41475935618594, 186263745
41482220117006, 277268612
41488283621225, 213333266
41492991111241, 210885341
41497543988424, 176151730
41503800235102, 269812602
41508247973599, 190607603
41512990781863, 232760644
41521373956581, 266462306
41531746002684, 251435459
41536313835346, 272280351
41541016326031, 299431165
41550531797731, 143645348
41556673644274, 171572021
41560965318779, 200573359
41569176519230, 181108754
41573873271513, 184963445
41578375147005, 94021707
41584610708431, 166118433
41593076273273, 253501568
41597696046818, 144945062
41604416351904, 180411369
41609085888603, 223835203
41620742886386, 185039890
41629522229920, 230364019
41636093557842, 95139131
41642801142691, 331908632
41653345591397, 195241877
41660375590160, 220744396
41664744008375, 84429611
41669176878331, 257667136
41673749339237, 240104442
41680868167993, 263032698
41685778519251, 180721653
41699683340379, 314449837
41704365383579, 119771958
41708504933562, 117890863
41715190398231, 204269908
41719857363629, 139983229
41724411263841, 133133171
41728522653501, 169744915
41733031989408, 176523254
41743447096565, 211346478
41748099923811, 220617655
41752898530772, 271812796
41759910428933, 271290854
41765103249585, 157229147
41771505822972, 289257289
41778014536996, 271962179
41783000457986, 193021488
41791500804660, 234811804
41805812175661, 303029369
41810799972145, 164645945
41815345445483, 179756518
41819784209358, 169422755
41829482271510, 246717487
41834450401764, 241039461
41839087811537, 147556010
41843629218056, 123689820
41851708577315, 128934444
41861681880724, 128058787
41866342828762, 257588560
41870847804161, 190397915
41877516966940, 123392738
41882617316260, 281494187
41887378090009, 313060004
41894367701576, 189858328
41901036685934, 217574517
41910780314132, 238514870
41921463121551, 180087193
41926344643335, 172832758
41932984671945, 130662460
41939431255061, 137321742
41945583310280, 245608294
41950517706036, 173656552
41955147378494, 157950868
41961689154905, 346455976
41977777503721, 207178138
41986038514994, 88127133
41992239647299, 211544929
42000822051298, 254422709
42007131843294, 217582532
42023076384683, 204080614
42027953399907, 227134489
42036349222559, 250962682
42041405018218, 110199933
42045873208310, 206036459
42059413758180, 416089466
42069214821506, 158966355
42077926701146, 219480696
42084411855002, 248884276
42093289540714, 158786244
42097764277113, 213619705
42104122669737, 238195839
42108968838609, 197596510
42113741482263, 271326091
42118557918478, 340963895
42123339565665, 285426112
42128408265360, 229683022
42138206625132, 329142882
42144005319054, 167428907
42150521803059, 174773334
42155122737634, 195999684
42159627070743, 101816725
42164321676313, 322819037
42174926134146, 278454986
42179719818591, 155661274
42184639752892, 152396510
42191079932657, 261527451
42202262596916, 142939226
42207228878130, 284296693
42223207443230, 234904001
42230148504172, 217244412
42236724924449, 179826024
42243951578281, 122019500
42248492660831, 212024741
42255363997967, 158102455
42264602240217, 137131886
42269159172876, 213632660
42277432303276, 394379494
42285175360261, 173242579
42291831287518, 268884876
42296843059167, 184313870
42303533391086, 333032688
42313098469603, 129624666
42318027647253, 386226180
42323554571887, 118964584
42328293901211, 136479402
42332996297323, 231474160
42341977293382, 237315148
42358011408920, 202405938
42362762811967, 253664751
42367301953437, 184232384
42376464286891, 197333765
42381411374734, 286124510
42388519083596, 140886676
42393450880648, 236594292
42398056983589, 343374797
42404738011571, 347315897
42410059194865, 122154293
42418857184950, 227776093
42428359344880, 222296025
42435829187877, 286688404
42440895956339, 203246264
42445743089761, 132367526
42450373072758, 199405643
42459323949290, 155104515
42469752524235, 291646019
42477270954021, 181508345
42481917374924, 248450221
42488897876490, 159892881
42495769166689, 239620016
42506626017657, 219811747
42511561046333, 141793752
42520582078878, 125155641
42525697632319, 254972135
42538916945002, 246771115
42545937098294, 246099632
42555784984056, 415739045
42561127442064, 237236798
42565760234076, 292078773
42575272714685, 346604697
42583939567935, 235508164
42589079633752, 386310053
42594132780258, 286500731
42601030803504, 141365937
42606114966665, 235636504
42610868347549, 188978268
42615965202850, 191038827
42621105263401, 120502527
42626076620555, 237007064
42632933703773, 261004625
42640040689396, 250790794
42645218729665, 221026753
42650474865281, 314458972
42657627792048, 281711649
42664398384607, 287990816
42672707498735, 321668377
42678070979212, 211250914
42683129285433, 238045918
42688165056549, 282437933
42695501481166, 232483860
42704579732132, 342124907
42714059154213, 370268069
42719229392452, 198547529
42724595767968, 149409781
42736156776790, 207159969
42741440785921, 242787754
42751552497919, 342088357
42757382794532, 298534780
42764335329750, 274894625
42769612668860, 254990398
42774664068812, 281274157
42779806135602, 353447820
42785069840223, 256112868
42790128432439, 307944213
42795343360219, 284819564
42802216673174, 212845412
42807539276023, 275333597
42812957588358, 336756640
42818361687137, 238249374
42829407090512, 187694983
42838519108863, 257127072
42847158690373, 287929684
42858989450099, 156274283
42864131700306, 293633903
42869086730262, 276544471
42876435228568, 196584224
42881542210029, 300835021
42888230694162, 312009936
42893503727642, 269796929
42904789554710, 246879258
42914334853172, 246875464
42919356755150, 297059649
42924218410588, 335046013
42929439252184, 213115998
42944219262478, 272271902
42949285682615, 301648637
42954552322624, 281290296
42959748575522, 314207326
42967094779453, 330703920
42974424761057, 287305755
42981733686165, 260686995
42986796412093, 177038203
42997838895714, 122079454
43002965183915, 238799872
43007803855191, 264686673
43015081731211, 118592655
43020124573147, 228359096
43025084934149, 184916448
43032948312827, 273234957
43038862370253, 279077877
43045942217078, 239096539
43051188899598, 235607753
43056314220110, 228112348
43065710513796, 219346551
43072615753070, 252612024
43077973789608, 239443881
43087020092571, 234555800
43092271364370, 241600484
43097527268269, 164368744
43104727555476, 299573561
43109978237900, 299060810
43115148268071, 188965148
43124847063313, 249645240
43138215879579, 288681697
43143543475214, 203038844
43148538706034, 185725458
43153490652366, 237178341
43159048483399, 317630537
43168277792120, 299483478
43177911488173, 198830675
43183539741285, 290355750
43188919219549, 211900606
43194459968533, 291041640
43213288677007, 308208755
43218403092795, 400889096
43223368765083, 250418825
43228398535310, 229512328
43233652185909, 331401502
43238966136247, 257198943
43252530440795, 191622777
43257494143201, 216214721
43263087227524, 356176262
43268286256626, 282087301
43275845704097, 356560791
43281431365301, 276814351
43288330336903, 263729985
43301750176946, 216642224
43307277705920, 277346354
43314590375669, 310001973
43322363949348, 316963251
43327560060502, 202192023
43336772688317, 308834600
43342460278181, 234349363
43349751745806, 294225690
43357234404866, 201432657
43364537248592, 246477314
43370041662061, 292433608
43375339182329, 328857017
43380354274357, 175633666
43385224282923, 191933035
43390671375202, 356605918
43398250446524, 218069612
43403954682492, 304454698
43415192359253, 320441136
43420768837622, 311794934
43428333136028, 144850466
43433490549268, 231730833
43438466616204, 309417606
43446151215132, 270096688
43453431756500, 213620909
43466242142003, 219246367
43473899526746, 241397554
43479226295256, 136197625
43484464968572, 315121631
43490051113648, 351477886
43495562854125, 104802540
43500779103402, 174395637
43506163637815, 281741987
43513934297173, 498621751
43525349781762, 315120429
43530900765569, 166138106
43536779802654, 429365300
43542645340950, 339159245
43548128704902, 279454460
43560023554614, 200115864
43565744392355, 358433337
43571249124844, 278766271
43578916879992, 190093530
43586287243653, 82682767
43591735787319, 293832891
43597243618975, 116427571
43602397844187, 268563123
43607765774507, 112127349
43617071707879, 235424950
43624627141784, 250477939
43630266883066, 268767830
43638782039918, 307169471
43647280498957, 351714305
43652792585979, 227916364
43658260968811, 341970190
43663652399704, 314352571
43676006134309, 125642201
43683992118602, 301892346
43689302307560, 281140781
43694756421651, 217040280
43702505085224, 257546542
43711890523291, 195161112
43717479873643, 235529316
43723072622285, 301381089
43728747282510, 246163604
43736355980710, 247840538
43750268477807, 244491855
43756415460768, 345131297
43763812816613, 229172135
43769286741616, 303227712
43783776307654, 322671353
43791748732058, 240934809
43796963281381, 317402571
43804325100170, 252738274
43809688496447, 148849665
43814989678622, 281677156
43820244458872, 178417547
43825018265582, 279946846
43836140372230, 234686911
43841126858127, 166505079
43846246073410, 274692954
43851227149313, 202643675
43859767938297, 149101679
43872503432297, 282274255
43876879379072, 149522173
43883107026894, 198686528
43887258646795, 117127627
43892182965954, 128053141
43899805274037, 124593363
43903013675033, 117656598
43906081676088, 86133613
43909103930277, 67279224
43911868051262, 75741764
43914649014605, 82713342
43917458023253, 72746905
43924177779109, 65947639
-------------
--------->>>>0<<<<---------