---updates---
11957052610361, 2495164472
11977123207692, 1357466976
11982046868077, 1515186476
11988599248213, 1423673718
11993491312368, 1137646982
11996399842088, 1102633725
12002542318275, 1522428776
12004819928968, 939031022
12015940114247, 1501526081
12029571227821, 1504020122
12031075363697, 1415142125
12033183442634, 1005657996
12048605697417, 1088061053
12051218655709, 1149362668
12058156774918, 1041485722
12065756367814, 998205585
12066754684833, 2095567142
12075095468411, 1784152770
12078586958424, 989326944
12084589144489, 1742671459
12098377682116, 1522200002
12104404049796, 1581415631
12107596235069, 1094093985
12118267364908, 968967247
12124809177002, 1660258632
12139043048942, 1077604651
12155450827298, 1857621511
12169723879848, 1358844056
12177778324809, 1508877544
12194573120949, 1868576272
12196441772577, 1650804944
12198959230326, 1198334658
12205012033432, 1480350456
12220449709792, 1491197492
12221940978961, 1147509673
12244603835226, 2084373529
12259946257426, 1056698857
12267165671103, 2097172031
12325516459214, 1606705940
12341133928521, 1501668572
12352028285956, 1838474846
12359704247360, 1451341453
12361155651109, 1637034918
12362792734157, 2268464121
12404454852858, 1930649772
12419547410729, 1666034091
12436514148791, 1505208468
12439029692523, 1365206447
12440394954588, 1129268180
-------------
---reads---
11921024837073, 6288191043
11947615028755, 353319686
11959547847265, 301887988
11964906552059, 207855352
11970676193006, 263390380
11983562128640, 180467282
11997502539561, 51761055
12005759023351, 52514983
12010575220567, 325806166
12017441717461, 66917750
12022779960721, 306708067
12034189176607, 51400959
12039133533280, 220818635
12052368094839, 52849407
12059198335105, 67715147
12068850317035, 412884315
12079576359625, 52267179
12086331889510, 121863290
12092500946429, 258322476
12099899953128, 368818625
12108690391724, 118351222
12119236395770, 82637064
12126469507405, 82429056
12131837811337, 285401724
12140120709329, 78071451
12144725861221, 262863517
12150100626951, 284956263
12157308485428, 63051429
12163357772613, 497469849
12171082764785, 132410919
12179287239278, 86185162
12185415141870, 304012884
12200157602430, 58696415
12206492421283, 55498624
12214121694053, 237944079
12223088522935, 110282110
12228979474587, 404417600
12234265891116, 356862322
12239159537444, 583086295
12246688246666, 397210732
12252348328949, 213933582
12261003005003, 219180743
12269262877157, 407265772
12275339351867, 347680125
12282127476923, 531593278
12287552856226, 336815776
12293882422446, 264481160
12300244903035, 332854589
12306347287392, 206368021
12312466321336, 518793976
12318856104740, 190531837
12327123197060, 59503795
12334509017584, 365993624
12342635632338, 58634890
12353866794151, 238217668
12365061226324, 92796217
12371464117618, 395551766
12378123641755, 543045027
12383876188845, 514738599
12390289726040, 430299420
12398005742590, 377329109
12406385529413, 61204125
12412656401950, 116145292
12421213471336, 62664948
12428434909321, 618750262
12441524251103, 382066328
-------------
---updates-errors---
11955228548985, 781486723
11956010039078, 1042567652
11975972806969, 1150396497
11978480774827, 720194091
11979200972928, 900510284
11980101487260, 811180303
11980912672629, 1134191266
11990023034724, 821277553
11990844317271, 868348125
11991712668887, 862291801
11992574964543, 916343865
11994629054417, 1770783170
12004064841700, 755082800
12028005563077, 1565658096
12032490622649, 692814475
12045041094527, 1682138110
12046723239367, 1069069365
12047792315076, 813376080
12049693881450, 728047232
12050421934102, 796715068
12057148729321, 1008041275
12063959507976, 1017293746
12064976806872, 779556762
12076879726416, 766022271
12077645752832, 941201216
12105985583580, 846636022
12106832223485, 764008028
12114346177101, 1401032707
12115747214189, 890461452
12116637679901, 764821164
12117402504915, 864856593
12137367063611, 1675982022
12191879173667, 1601201778
12193480379920, 1092736894
12198092652378, 866573734
12258297770450, 1648482703
12348351904748, 1232469635
12349584378571, 1608433287
12351192816599, 835465179
12435119301868, 1394845459
12438019412379, 1010279404
12498976266648, 3007207137
12501983478653, 3016309841
12504999789512, 3014875850
12508014666942, 3016452113
12511031119767, 3015220025
12514046340932, 3015775052
12517062116890, 3015232560
12520077350606, 3014742427
12523092093787, 3022683504
12526114778809, 3015921915
12679886940904, 3013239045
12682900181586, 3017785315
12685917967782, 3017492153
12688935462058, 3016128371
12691951591523, 3016232131
12694967825155, 3015728466
12697983554620, 3016105152
12700999661305, 3014444759
12704014107058, 3015763806
12707029872444, 3014435899
12710044381229, 3014355380
12713058738069, 3016916473
12716075655530, 3017603999
12719093260873, 3013830757
12722107093139, 3017259383
12725124353799, 3014150782
12728138505585, 3014455808
12731152962769, 3014730490
12734167694364, 3014066380
12737181761970, 3015462049
12740197271314, 3013729362
12743211001973, 3014391539
12746225394399, 3015252222
12749240648349, 3013266955
12752253916137, 3013623626
12755267541153, 3015658830
12758283201219, 3012880657
12761296083233, 3013761496
12764309846032, 3013795764
12767323643551, 3013197408
-------------
---read-errors---
12441524251103, 479174284
12442004047192, 2671380120
12444677991046, 3013403990
12447700365840, 3007536902
12450719165815, 3007131489
12453731899396, 3011065590
12456745040801, 3013265824
12459767218606, 3008067674
12462780057513, 3015986220
12465800163245, 3010550885
12468813109253, 3013201473
12471832501560, 3018105680
12474854467665, 3010078409
12477870264727, 3008821988
12480886486395, 3007650988
12483896634794, 3012523952
12486915531100, 3009738932
12489933272102, 3006617823
12492942742830, 3011181596
12495957623433, 3011055940
12529130750171, 3014970862
12532146882967, 3013820826
12535162808339, 3013123231
12538179506730, 3017124094
12541199382452, 3012364019
12544215718701, 3010521222
12547228499904, 3012895095
12550243624872, 3012089283
12553259593751, 3012297546
12556276165433, 3011460470
12559289984560, 3011525989
12562305352246, 3011465862
12565322313454, 3011595206
12568339021036, 3015004667
12571359592193, 3009426931
12574371085744, 3012751300
12577386008834, 3011558427
12580403281821, 3008411313
12583413952315, 3012387011
12586428481146, 3011810617
12589445776889, 3008048570
12592457738169, 3009757174
12595472762696, 3008498571
12598488116947, 3007270302
12601501256412, 3008183019
12604511561765, 3011800881
12607525327452, 3012564543
12610540215372, 3011500987
12613558913871, 3006761301
12616571173513, 3008468865
12619588110087, 3006012554
12622595821382, 3012280230
12625610484294, 3011432881
12628629580935, 3006258623
12631643283006, 3009801816
12634658429688, 3008666226
12637672262481, 3008463066
12640685469281, 3009083717
12643698095923, 3010425355
12646713534810, 3009097400
12649730882340, 3007793212
12652740644421, 3012527604
12655757749724, 3009913150
12658771375398, 3011161163
12661785954759, 3011329884
12664799944175, 3012957739
12667818118223, 3012469219
12670835420670, 3012124637
12673849953750, 3017370742
12676870994021, 3012326792
-------------
--------->>>>151<<<<---------