---inserts---
28846378957518, 7979902940142
36826293895112, 3781500973
36830076282456, 3678663654
36833755091187, 3899025053
36837654222595, 2489328494
36840143664987, 1908770812
36842052544397, 1184573093
36843237240833, 1049568201
36844286913381, 775113588
36845062131995, 1935897544
36846998130154, 3390028632
36850388263689, 2360305670
36852748699502, 1381796673
36854130602233, 1835907258
36855966615843, 1897027938
36857863751980, 815490205
36858679339608, 771711850
36859451150578, 1018393829
36860469644208, 917805417
36861387550546, 1632202073
36863019848839, 1430843603
36864450789855, 892355389
36865343240110, 1240258534
36866583596695, 848488847
36867432186716, 916655961
36868348955793, 1095854125
36869444954886, 672060355
36870117108402, 1533541422
36871650742702, 737772635
36872388605275, 1123604638
36873512296734, 1292100935
36874804488236, 1113433559
36875918019134, 664381479
36876582495450, 881128478
36877463714502, 665210643
36878129014388, 654975736
36878784121053, 682039955
36879466262185, 614517286
36880080895039, 1207748500
36881288765971, 1370252295
36882659097492, 1325785627
36883984966234, 624605100
36884609653446, 658831600
36885268571397, 665048192
36885933705366, 647754780
36886581542284, 665973077
36887247597355, 606634919
36887854318877, 656589593
36888510993292, 619849045
36889130924743, 1006327012
36890137329703, 1044059008
36891181472440, 638222331
36891819777804, 660845828
36892480706066, 597676202
36893078468422, 625401328
36893703953765, 592309246
36894296350750, 592664262
36894889098935, 641508317
36895530692943, 641949136
36896172725738, 855830241
36897028649604, 1059848909
36898088604830, 606851516
36898695555768, 622003633
36899317655334, 628847763
36899946602024, 597815108
36900544513587, 583398777
36901128026393, 589512473
36901717637982, 607242091
36902324979495, 587540042
36902912617183, 969335150
36903882045751, 1027424235
36904909569875, 634051090
36905543718499, 591584840
36906135403545, 568358316
36906703863927, 596293445
36907300255501, 604567387
36907904924792, 598388064
36908503411196, 588389182
36909091898933, 565578290
36909657580032, 967399613
36910625076591, 964979919
36911590152275, 587335760
36912177586642, 619270818
36912796954558, 603182962
36913400232888, 585391714
36913985725353, 600231022
36914586056947, 587416263
36915173571234, 595827968
36915769498858, 580379763
36916349984065, 847908775
36917197987254, 1138605053
36918336690832, 582556280
36918919345742, 602978086
36919522407932, 571379133
36920093873098, 616092600
36920710050558, 573914032
36921284093802, 607088725
36921891270155, 586229173
36922477588040, 574534938
36923052208579, 812826941
36923865120620, 1014972285
36924880180913, 592925210
36925473196741, 591135787
36926064418110, 563631826
36926628138089, 566438789
36927194660966, 551872304
36927746620673, 585989562
36928332693774, 559148890
36928891927877, 579974448
36929472018670, 854725364
36930326897002, 971756988
36931298744555, 547093675
36931845928877, 564427780
36932410447785, 560688607
36932971230047, 561884411
36933533227911, 574379872
36934107699060, 563085943
36934670869780, 555286232
36935226239840, 551362367
36935777689213, 812648844
36936590419228, 942864292
36937533367054, 605356563
36938138810024, 574941623
36938713839443, 565931504
36939279854825, 540285836
36939820251503, 549550326
36940369890939, 583808225
36940953794694, 561158629
36941515155651, 562766604
36942078015999, 795287049
36942873383524, 935420664
36943808892496, 586081901
36944395063525, 557398190
36944952546109, 577016585
36945529651705, 549580971
36946079318960, 582545739
36946661953969, 550323925
36947212364767, 594190306
36947806644248, 557760685
36948364492537, 928160449
36949292736455, 964157574
36950256983554, 565457718
36950822529272, 557507081
36951380122934, 561534089
36951941744106, 578363471
36952520195029, 560448071
36953080728497, 560037067
36953640858232, 561723972
36954202668032, 559143195
36954761896623, 821320483
36955583298936, 943270315
36956526654653, 544804673
36957071545655, 555030605
36957626660490, 578493519
36958205239280, 542266763
36958747592529, 548281912
36959295965447, 550874099
36959846925396, 541486936
36960388501614, 558078394
36960946667475, 935989414
36961882740571, 934135730
36962816964737, 573006620
36963390062035, 570193542
36963960346508, 583988040
36964544425476, 552869291
36965097383644, 555839284
36965653308976, 570215212
36966223609707, 551539213
36966775234117, 569271424
36967344593168, 837689028
36968182364955, 949389965
36969131840196, 573149292
36969705076753, 565842562
36970271022456, 558685188
36970829793467, 575546628
36971405427346, 558528786
36971964059596, 553251304
36972517397429, 571910710
36973089396069, 560235462
36973649717166, 939400253
36974589198824, 945898548
36975535183837, 590180978
36976125457029, 550744191
36976676287977, 565152211
36977241527337, 532953581
36977774569967, 553571284
36978328228747, 566084506
36978894402336, 565657989
36979460145568, 557859566
36980018094619, 834830196
36980853018216, 946664704
36981799770855, 557923068
36982357781597, 562298845
36982920167126, 545954461
36983466209382, 570553262
36984036849393, 561135802
36984598075168, 556601509
36985154767458, 578412173
36985733268390, 562259911
36986295616529, 822327665
36987118028928, 930851949
36988048971188, 575292267
36988624359275, 567545783
36989191995347, 576439864
36989768529550, 558354933
36990326973818, 592442737
36990919504854, 539366589
36991458957680, 570907100
36992029952531, 542727639
36992572768825, 802636326
36993375486510, 899617370
36994275190905, 559859847
36994835135432, 552394870
36995387616239, 555370694
36995943073510, 542870403
36996486030387, 549712005
36997035831184, 554600457
36997590519651, 555598425
36998146206991, 539714873
36998686012159, 795890269
36999481984378, 922098420
37000404169423, 560104374
37000964357727, 555179643
37001519624175, 561593751
37002081307352, 548531385
37002629927242, 551524928
37003181543038, 543869322
37003725498955, 539972977
37004265558264, 564403988
37004830050526, 790918221
37005621054632, 928726926
37006549867737, 554321107
37007104274911, 550678856
37007655042355, 553127626
37008208256701, 539974577
37008748316453, 548322063
37009296725862, 550999554
37009847814263, 549535463
37010397438621, 536869574
37010934397491, 792118140
37011726597954, 925247596
37012651932061, 554970166
37013206991553, 546767328
37013753849895, 561085498
37014315022858, 542938738
37014858050715, 544624404
37015402764176, 560132257
37015962984369, 556379954
37016519450308, 553300198
37017072842527, 931083727
37018004025129, 913122307
37018917239163, 554884368
37019472210409, 558881451
37020031180580, 549621346
37020580898203, 549929929
37021130926113, 558955651
37021689988569, 537530441
37022227612608, 565705464
37022793405858, 552999118
37023346490820, 923484029
37024270061586, 910717547
37025180865942, 562325434
37025743279873, 551649047
37026295018785, 561560385
37026856670918, 534199554
37027390960907, 554702038
37027945756561, 556907829
37028502750799, 535259453
37029038098858, 537381566
37029575567718, 780062444
37030355726214, 904105560
37031259927749, 544851984
37031804869524, 560830384
37032365790940, 553323317
37032919203432, 556778928
37033476088068, 559327145
37034035503092, 564335289
37034599930337, 558883579
37035158900844, 536730664
37035695717683, 801825181
37036497625558, 910941396
37037408656610, 565352652
37037974098330, 558114443
37038532300503, 564488133
37039096897488, 551438950
37039648441940, 540726668
37040189255858, 544136548
37040733482578, 556499643
37041290072943, 543681676
37041833842102, 808588170
37042642512596, 913153103
37043555757466, 555687928
37044111540188, 571439860
37044683070930, 548281586
37045231459664, 560178156
37045791724817, 564300485
37046356116441, 559050581
37046915252479, 558753041
37047474095520, 550911053
37048025097297, 809557190
37048834736346, 914411677
37049749235902, 541761603
37050291085434, 552627335
37050843804422, 566229026
37051410123141, 560397496
37051970613559, 562919147
37052533624631, 560423702
37053094163438, 546317860
37053640744867, 551185561
37054192055712, 797051788
37054989178319, 888487433
37055877738488, 557540866
37056435354120, 548319953
37056983746958, 562987085
37057546807863, 571754564
37058118635252, 562888876
37058681599054, 572346585
37059254020466, 554243694
37059808341578, 569320692
37060377734078, 942762487
37061320665084, 921033836
37062241780600, 565490583
37062807346259, 551337454
37063358758471, 557388210
37063916222722, 560399913
37064476696088, 562609802
37065039378987, 556523571
37065595980410, 563400161
37066159454186, 554093804
37066713621547, 823922476
37067537614826, 930274145
37068467962241, 554655331
37069022690137, 576095381
37069598871300, 565454019
37070164401635, 555165374
37070719636851, 557542181
37071277253760, 567810246
37071845140402, 554398150
37072399614597, 565042348
37072964730958, 790677336
37073755479948, 918421568
37074673976636, 558109978
37075232161287, 558661995
37075790898127, 579023842
37076370000174, 558162760
37076928238015, 570341450
37077498657099, 562891253
37078061631292, 567872398
37078629578710, 552775064
37079182428694, 806569540
37079989070795, 918331292
37080907477132, 559460106
37081467011306, 566327862
37082033413419, 569754441
37082603243172, 571271595
37083174588270, 555891578
37083730554698, 551032107
37084281662415, 571539342
37084853278767, 561918046
37085415272826, 813973560
37086229319796, 910875297
37087140271074, 563513831
37087703860292, 569757616
37088273691007, 566794560
37088840566299, 561365358
37089402005303, 567945282
37089970024860, 562131836
37090532230600, 562806736
37091095112867, 562866198
37091658052335, 823674899
37092481799273, 916597945
37093398470330, 566757917
37093965303304, 580551563
37094545929454, 557540432
37095103546994, 580706505
37095684327115, 547198903
37096231602541, 567009871
37096798686718, 560110535
37097358871108, 577492290
37097936453129, 947131548
37098883682966, 929819590
37099813595931, 567755023
37100381491231, 555690068
37100937312188, 573062437
37101510518995, 566248737
37102076942645, 586027967
37102663044316, 552571390
37103215681412, 561689476
37103777435752, 558008074
37104335507449, 828868276
37105164438651, 938250314
37106102754181, 572579430
37106675402682, 576392699
37107251863404, 566348774
37107818278171, 567081242
37108385422220, 574257207
37108959741198, 565751503
37109525554239, 573239491
37110098855199, 573044479
37110671962885, 805911498
37111477932273, 913646527
37112391640999, 549208588
37112940914046, 576452532
37113517433318, 570822609
37114088319499, 574679402
37114663060605, 570355419
37115233479489, 558482821
37115792041008, 568512884
37116360616230, 571602517
37116932284488, 824144501
37117756488476, 914559626
37118671114312, 589145796
37119260324830, 570846032
37119831233799, 573796584
37120405095981, 566543265
37120971705232, 586911468
37121558684456, 579837032
37122138590343, 582663645
37122721323245, 571884082
37123293269415, 826048017
37124119375151, 938417475
37125057857224, 570062013
37125627983663, 580574495
37126208621345, 554516737
37126763200923, 576985322
37127340249453, 565377211
37127905691967, 563373692
37128469129208, 554000585
37129023195476, 570372492
37129593631141, 828066529
37130421759354, 913292450
37131335116682, 582895701
37131918079998, 577872153
37132496039060, 576721324
37133072824643, 564257323
37133637152702, 575881533
37134213098599, 568877029
37134782052289, 575076058
37135357192401, 559748771
37135917005542, 819790768
37136736858129, 924910239
37137661833580, 571626337
37138233525381, 563546588
37138797137065, 567588033
37139364788766, 573532332
37139938386695, 574101788
37140512553661, 572706537
37141085325699, 579493979
37141664886822, 562997151
37142227950596, 971932546
37143199949203, 945589180
37144145604805, 578243683
37144723919426, 575631607
37145299618703, 561544878
37145861230455, 580692990
37146441991101, 580065524
37147022129156, 575223512
37147597422285, 575701723
37148173190404, 579198548
37148752454400, 828305933
37149580824399, 926059028
37150506948883, 582215608
37151089231485, 584722982
37151674020285, 579500600
37152253586774, 590035839
37152843689413, 601970928
37153445726089, 583825679
37154029619122, 579498761
37154609181066, 578346323
37155187591057, 837313865
37156024968640, 939914560
37156964950348, 579742813
37157544759430, 594683906
37158139507581, 581247639
37158720820964, 583179124
37159304080763, 574986313
37159879131493, 591372946
37160470567278, 573408787
37161044056654, 595663306
37161639784039, 827198290
37162467041544, 921572287
37163388678734, 580981202
37163969723033, 565875825
37164535662807, 571910553
37165107636597, 576233926
37165683935713, 580007880
37166264033647, 574648848
37166838748429, 598181290
37167436995587, 577488767
37168014548802, 982458689
37168997071782, 930227752
37169927364965, 577205116
37170504636109, 586728759
37171091434239, 578966079
37171670463820, 580593442
37172251121143, 559161915
37172810347081, 574209399
37173384621616, 573438235
37173958123087, 573070587
37174531258623, 826720839
37175358039825, 918153672
37176276257757, 580998329
37176857321136, 575218834
37177432605586, 577192247
37178009861659, 578742039
37178588669201, 599008281
37179187742245, 557400573
37179745207962, 573481741
37180318755853, 579126918
37180897946861, 844125365
37181742133211, 922281177
37182664538033, 593650454
37183258316029, 588421703
37183846857141, 583643531
37184430559679, 579069920
37185009684513, 586625611
37185596366531, 593284729
37186189708462, 595642662
37186785407978, 585170520
37187370637303, 836747013
37188207437244, 928007312
37189135502713, 583340255
37189718898895, 585375697
37190304331615, 575528496
37190879917178, 583301609
37191463275363, 566434152
37192029766270, 585584694
37192615408156, 582845478
37193198310499, 576967239
37193775338980, 838336206
37194613729822, 936326203
37195550110245, 600314591
37196150480740, 576256318
37196726796703, 578552821
37197305404155, 580502098
37197885963556, 587445347
37198473465372, 570812128
37199044379201, 563855232
37199608311373, 571251113
37200179620516, 849422653
37201029096626, 922259349
37201951409732, 578649769
37202530115189, 578952516
37203109125316, 581313138
37203690494934, 580184466
37204270735828, 583952558
37204854744786, 583786930
37205438587615, 589817828
37206028461426, 572008917
37206600526787, 843208750
37207443807680, 934886777
37208378773505, 569128862
37208947958780, 589581755
37209537594262, 572964940
37210110616031, 595372754
37210706043251, 586686956
37211292784919, 585452283
37211878293038, 572663830
37212451011528, 585252509
37213036318722, 852264947
37213888636039, 949666676
37214838359403, 588810114
37215427226999, 598292281
37216025572230, 597589778
37216623218312, 589763891
37217213039858, 572476115
37217785573661, 596834098
37218382462250, 587727143
37218970245110, 591024976
37219561324890, 877393624
37220438771068, 942276569
37221381103442, 607530878
37221988689146, 589677874
37222578422003, 591433701
37223169910248, 597141782
37223767107546, 587140093
37224354303406, 600396185
37224954755898, 586846540
37225541660528, 614592507
37226156310529, 874682172
37227031048874, 972140841
37228003249357, 610930150
37228614237644, 606379886
37229220674523, 602369087
37229823102665, 601922299
37230425079156, 599547455
37231024685266, 605471681
37231630214522, 586072190
37232216346712, 594517410
37232810919161, 890627377
37233701602980, 941864128
37234643524900, 604236607
37235247817741, 604222432
37235852096843, 589748019
37236441902472, 602243358
37237044204461, 607195346
37237651456711, 596953363
37238248468138, 603497544
37238852039175, 610561012
37239462656357, 877711931
37240340424125, 944371635
37241284852458, 608767864
37241893678769, 598871411
37242492607401, 600182665
37243092847322, 593754485
37243686662294, 589305036
37244276044843, 594271106
37244870373408, 601568179
37245471997105, 607226976
37246079281772, 891669628
37246971008099, 957620076
37247928683376, 599796562
37248528534930, 593220054
37249121807881, 600219289
37249722081831, 586559945
37250308696665, 603149034
37250911901753, 599375895
37251511333127, 574914101
37252086301111, 594283941
37252680639233, 875598794
37253556289129, 935646518
37254491992506, 606234973
37255098283238, 594510662
37255692847991, 597626352
37256290529488, 607991281
37256898573746, 578003804
37257476633928, 589219719
37258065908451, 573923896
37258639886755, 597067039
37259237008065, 850235600
37260087304637, 957933166
37261045292227, 609757832
37261655103932, 597962812
37262253122190, 593193642
37262846370641, 594342777
37263440769083, 585640122
37264026464341, 603002170
37264629522130, 586061059
37265215637904, 597923749
37265813625493, 887223725
37266700947853, 965096965
37267666165625, 591573794
37268257790413, 601130136
37268858963148, 584373146
37269443378671, 594699453
37270038124878, 590889323
37270629053616, 594733250
37271223830338, 591563727
37271815437469, 586185327
37272401664884, 893346018
37273295050708, 953099167
37274248191413, 597721676
37274845954017, 604875894
37275450871846, 601787908
37276052701923, 614533005
37276667274081, 610500021
37277277815678, 595143236
37277873003888, 620301790
37278493349444, 598940492
37279092332965, 883965068
37279976339039, 950042056
37280926420977, 599176362
37281525638688, 604311036
37282129993918, 587918152
37282717954103, 594559106
37283312553545, 604728658
37283917325352, 587386746
37284504754459, 610654157
37285115450239, 598417585
37285713909444, 884629964
37286598578048, 940803280
37287539422291, 581558045
37288121024146, 593535977
37288714599645, 585923377
37289300564743, 598304609
37289898910801, 609301073
37290508253301, 599807735
37291108103432, 589365015
37291697509721, 593460736
37292291010838, 891544429
37293182592655, 966013605
37294148647105, 611894048
37294760583033, 596649551
37295357272692, 613443933
37295970758305, 598480185
37296569279864, 598199700
37297167520518, 604733616
37297772295582, 589699132
37298362039065, 598609212
37298960692535, 862254236
37299822984809, 949279825
37300772305735, 590960961
37301363307740, 608152149
37301971502144, 601154286
37302572698310, 616514001
37303189253083, 582260240
37303771555345, 601642787
37304373240150, 599653175
37304972933220, 592558270
37305565535003, 874612715
37306440187042, 936014178
37307376243704, 597808693
37307974095198, 610187276
37308584323695, 597459406
37309181826359, 608262167
37309790129044, 598539725
37310388709442, 587092085
37310975842427, 622637451
37311598520905, 596464617
37312195026136, 878163014
37313073227592, 951282622
37314024550989, 609063818
37314633656842, 589617159
37315223315915, 600060654
37315823416603, 609189218
37316432648351, 625537256
37317058228234, 607228819
37317665497431, 611179535
37318276718173, 586624794
37318863383566, 902295666
37319765716940, 948761866
37320714522219, 615416735
37321329980102, 605880156
37321935902131, 618228925
37322554175012, 595041924
37323149259718, 601507226
37323750809255, 617477276
37324368327064, 586887139
37324955257932, 593481970
37325548781920, 889892682
37326438715318, 953942402
37327392698849, 608544223
37328001284732, 586164890
37328587489010, 599706501
37329187236878, 608899519
37329796176843, 594220955
37330390438971, 599145156
37330989625632, 598755232
37331588422254, 603707208
37332192172520, 886583426
37333078794931, 968826450
37334047665111, 604833573
37334652539569, 607211308
37335259792060, 616746770
37335876578484, 616256238
37336492874613, 614735435
37337107654873, 607527124
37337715222753, 591262150
37338306527678, 626019115
37338932587152, 892453754
37339825079551, 952117685
37340777238695, 619207093
37341396486552, 608141301
37342004676013, 621365504
37342626083394, 617703022
37343243830707, 604625363
37343848497247, 602716191
37344451254189, 611690000
37345062985222, 605145030
37345668170472, 892746937
37346560957543, 954473870
37347515474238, 602719714
37348118235729, 608691541
37348726966750, 608998692
37349336022173, 616810666
37349952875205, 609334152
37350562252450, 594230476
37351156523912, 628902601
37351785470961, 618545455
37352404057225, 893119244
37353297214063, 951161185
37354248416428, 624354958
37354872812726, 613801347
37355486653747, 606456570
37356093152202, 617567267
37356710760227, 604491250
37357315293934, 626594933
37357941930438, 611083255
37358553053903, 617694359
37359170788505, 896565444
37360067391702, 955408674
37361022842549, 618239710
37361641122464, 626424718
37362267587737, 615843358
37362883484397, 596194483
37363479719608, 631431007
37364111193009, 598826272
37364710059608, 624754972
37365334856812, 619781733
37365954681250, 901801906
37366856523350, 960333794
37367816901173, 614606020
37368431548294, 645255868
37369076845017, 610204974
37369687090768, 615078816
37370302209907, 610906554
37370913157104, 609467229
37371522664504, 605386819
37372128093998, 616398982
37372744532629, 909296691
37373653871512, 959645460
37374613564042, 624561357
37375238165977, 625722897
37375863931719, 621915641
37376485889151, 621980678
37377107910297, 621624780
37377729576002, 612792973
37378342409920, 626244464
37378968694722, 606241349
37379574976577, 908010961
37380483026250, 960456456
37381443525068, 619676031
37382063241046, 614443153
37382677725154, 614497776
37383292265741, 621874480
37383914179952, 617559705
37384531781371, 602677757
37385134501285, 617577871
37385752120639, 620194211
37386372356489, 914886818
37387287281982, 966597394
37388253920242, 614320827
37388868282857, 618184280
37389486508738, 627548176
37390114099661, 603109338
37390717249436, 621267409
37391338557278, 621997011
37391960594538, 600339540
37392560975022, 628807471
37393189822663, 899982083
37394089847007, 981432782
37395071330281, 625303580
37395696676533, 631294752
37396328033744, 625219480
37396953295859, 635768120
37397589106221, 624815036
37398213963543, 614394641
37398828399821, 617073479
37399445513811, 619485512
37400065040754, 908194999
37400973275090, 955054592
37401928370872, 639340409
37402567753285, 623151991
37403190945284, 629805769
37403820792224, 621519270
37404442352784, 612558516
37405054953201, 623553514
37405678548070, 623449266
37406302039186, 612462939
37406914543658, 915197064
37407829780948, 977768596
37408807590239, 623766900
37409431399912, 628418674
37410059860562, 611055199
37410670956943, 623990574
37411294989587, 635226539
37411930259976, 614635491
37412544937103, 627212864
37413172191906, 628872916
37413801106407, 907568205
37414708714983, 974167561
37415682923892, 636233415
37416319197861, 632176745
37416951414996, 620898584
37417572355577, 633016669
37418205413318, 622854148
37418828308744, 641115471
37419469468930, 629221685
37420098732068, 622638448
37420721411194, 927380134
37421648830480, 960631724
37422609503010, 621620750
37423231165203, 617920178
37423849124093, 617129779
37424466296620, 636333083
37425102673558, 627195179
37425729912694, 647692921
37426377650789, 634400681
37427012096216, 628861818
37427641004116, 956530679
37428597575957, 972611423
37429570238175, 624005619
37430194284537, 640108380
37430834434540, 630616360
37431465092818, 624188349
37432089323802, 629154219
37432718519129, 614854068
37433333414470, 631388383
37433964844020, 626862918
37434591749037, 916069425
37435507858057, 968632665
37436476533178, 640792373
37437117366756, 636186012
37437753594478, 634649966
37438388284922, 620222007
37439008547130, 633024687
37439641612820, 629599147
37440271251270, 642384994
37440913676698, 638667009
37441552385355, 950971112
37442503397531, 982769745
37443486207045, 652411881
37444138659438, 619389333
37444758088238, 633827204
37445391956715, 638550722
37446030550444, 640781782
37446671373161, 652433656
37447323846511, 645980911
37447969869785, 622942614
37448592851981, 951538951
37449544449023, 1010729932
37450555221206, 639639280
37451194901274, 642549898
37451837492244, 632763151
37452470296966, 646292920
37453116631270, 651700833
37453768372251, 632096510
37454400509134, 653541621
37455054099106, 645428148
37455699568366, 938322365
37456637931240, 990164363
37457628138436, 648986133
37458277165379, 652796755
37458930003417, 639449197
37459569495067, 652812352
37460222347915, 641413283
37460863802202, 628671590
37461492514734, 625579035
37462118134638, 639315376
37462757491275, 937953217
37463695490775, 971020854
37464666556503, 636370515
37465302969181, 637432223
37465940443262, 640638887
37466581127831, 645759739
37467226930656, 634513720
37467861485510, 616538028
37468478063301, 633429940
37469111534202, 622950695
37469734529513, 957777959
37470692347305, 970315887
37471662705813, 653740210
37472316489303, 641829776
37472958360274, 656530827
37473614933855, 627959569
37474242935109, 633618764
37474876595665, 653746956
37475530382785, 632616712
37476163041436, 627171017
37476790253139, 945291192
37477735582897, 987071734
37478722697393, 638213763
37479360951802, 641509804
37480002502921, 632376142
37480634920491, 632065518
37481267029305, 635917710
37481902988199, 635794392
37482538824158, 624323967
37483163189121, 635995945
37483799225465, 955298582
37484754564324, 996407845
37485751013154, 635130390
37486386183410, 656191281
37487042415354, 626229266
37487668685488, 644470426
37488313195836, 659204382
37488972440085, 625904181
37489598385899, 635676343
37490234103216, 645659163
37490879803615, 938297712
37491818141467, 970289423
37492788471513, 639572669
37493428084494, 656188772
37494084314233, 643006760
37494727364827, 647151112
37495374557322, 628923408
37496003523245, 642108161
37496645672151, 643366971
37497289079023, 648889900
37497938009014, 954889068
37498892938197, 976227353
37499869204924, 638352946
37500507600902, 632022406
37501139664648, 623851056
37501763557075, 651374290
37502414972704, 647413289
37503062427632, 640451959
37503702920388, 633578176
37504336538868, 639355077
37504975933942, 953974763
37505929951323, 997024923
37506927016337, 653226451
37507580285876, 645478492
37508225805027, 635825983
37508861671342, 633466509
37509495178112, 635539518
37510130758051, 642984699
37510773782664, 660119113
37511433943536, 646259309
37512080242934, 948612724
-------------
--------->>>>0<<<<---------