---inserts---
14502212851087, 4975957051574
19478181631580, 4186429345
19482368180719, 3614721569
19485983018406, 2766383698
19488749511882, 2709306594
19491458929970, 1552356816
19493011402140, 1756327585
19494767847290, 1648767176
19496416724125, 1777097422
19498193931396, 2487268606
19500681304760, 3282184112
19503963601930, 1300540761
19505264271920, 876101481
19506140486724, 932130676
19507072723055, 953484366
19508026307309, 893607002
19508920028185, 744988542
19509665122980, 1747364161
19511412593563, 822030112
19512234726072, 2078178726
19514312999439, 1919611201
19516232726450, 867080537
19517099912345, 841217604
19517941238783, 912146827
19518853498766, 869606455
19519723237089, 663797311
19520387195252, 738279985
19521125571891, 756344894
19521882014845, 847363502
19522729475988, 1055428866
19523785002367, 1149901045
19524935000351, 683163631
19525618264617, 1098989997
19526717351729, 703008512
19527420455656, 632972497
19528053549055, 686492399
19528740136749, 646178599
19529386415859, 1131385581
19530517910011, 664534842
19531182548228, 945661125
19532128303624, 1162019344
19533290428483, 1178871657
19534469410534, 622795408
19535092300626, 627971365
19535720367056, 815992412
19536536452567, 652089878
19537188636612, 655379807
19537844112694, 623562929
19538467769475, 626420178
19539094287627, 895929607
19539990308971, 1062384641
19541052787698, 805318282
19541858204283, 640983688
19542499281945, 624461983
19543123838807, 610401474
19543734335732, 619802589
19544354236071, 621892861
19544976222943, 634595664
19545610915375, 646652709
19546257665902, 866096997
19547123850428, 1039199371
19548163147960, 604595547
19548767841619, 643158563
19549411093202, 611005339
19550022200421, 613119284
19550635415365, 614622549
19551250132924, 578741265
19551828968092, 611634082
19552440700003, 592085206
19553032886673, 989042710
19554022021777, 1021440649
19555043568998, 632049198
19555675721431, 614113334
19556289930855, 602480489
19556892510270, 582448473
19557475054747, 614753837
19558089911526, 602983622
19558692991618, 601070697
19559294152714, 584715032
19559878958837, 986182074
19560865229048, 1016014377
19561881336766, 596218994
19562477650578, 577641283
19563055386482, 598350285
19563653829068, 598510007
19564252432484, 601283860
19564853810579, 602748657
19565456653367, 603959539
19566060708894, 591576404
19566652379661, 922830682
19567575297032, 1010325387
19568585716078, 604243194
19569190053293, 618117901
19569808265860, 607832080
19570416191233, 589521049
19571005806451, 589189260
19571595097305, 594517459
19572189712884, 594916610
19572784730453, 568384153
19573353210954, 825055568
19574178357675, 973354923
19575151804970, 590590996
19575742496751, 558994346
19576301586651, 585871574
19576887552798, 588548664
19577476195964, 585563088
19578061853060, 579958721
19578641903809, 606643794
19579248641137, 554877069
19579803639211, 926607164
19580730403694, 938964570
19581669468402, 578175266
19582247737606, 552046792
19582799884704, 577083775
19583377068039, 580453453
19583957645339, 577979535
19584535722920, 572312709
19585108129327, 582830291
19585691055530, 554055847
19586245203858, 811392961
19587056685410, 967580278
19588024357630, 557707998
19588582158548, 561704632
19589143960588, 556376162
19589700443374, 583417058
19590283962944, 557514753
19590841578153, 585541516
19591427224205, 569715624
19591997090365, 581866813
19592579051813, 958309174
19593537451374, 933759390
19594471307355, 573283928
19595044683291, 591249864
19595636039764, 599615764
19596235753665, 559681087
19596795530721, 561678092
19597357307303, 576562023
19597933967678, 566250416
19598500312861, 578401126
19599078810292, 916935221
19599995835940, 961806253
19600957741595, 566561807
19601524402021, 582838857
19602107335725, 565839087
19602673271447, 568286525
19603241654546, 581525966
19603823276748, 583716937
19604407123023, 565139617
19604972363412, 568333804
19605540796608, 926525852
19606467415372, 940404466
19607407917647, 578411694
19607986436825, 572773061
19608559309113, 580420423
19609139829862, 593935209
19609733864287, 581510361
19610315474635, 559488346
19610875059742, 554761786
19611429916432, 572292935
19612002306545, 960225696
19612962624913, 944908217
19613907627910, 569697092
19614477421355, 570046923
19615047565298, 562459615
19615610118478, 561924492
19616172142721, 575156925
19616747394726, 565491169
19617312980459, 568423056
19617881499171, 566918828
19618448518280, 820060054
19619268669309, 950177562
19620218940381, 557506109
19620776542372, 581549875
19621358197124, 569878893
19621928190127, 566775159
19622495059082, 559807234
19623054961188, 565254455
19623620310924, 559936460
19624180348669, 540047942
19624720496894, 797433954
19625518022925, 948346117
19626466468415, 555840666
19627022407857, 582410989
19627604914982, 560826775
19628165839179, 567027192
19628732963792, 555336403
19629288400439, 584771605
19629873268854, 572134919
19630445499409, 571639256
19631017235487, 802900103
19631820231062, 930711695
19632751041992, 573261909
19633324405232, 553082307
19633877587238, 566574657
19634444264530, 561332399
19635005695404, 546112870
19635551907958, 562392395
19636114397223, 571165554
19636685669505, 566854934
19637252621863, 815558626
19638068282390, 935745154
19639004124711, 552199026
19639556423210, 572009883
19640128534261, 566472122
19640695114872, 575226282
19641270441478, 561030132
19641831571876, 566843698
19642398522010, 555496192
19642954117936, 564449166
19643518667723, 814674377
19644333436925, 940662468
19645274201517, 559772216
19645834073398, 567401982
19646401573571, 557379992
19646959053831, 560227569
19647519380543, 563198571
19648082679192, 552145197
19648634916392, 553112853
19649188124882, 567338859
19649755560505, 792353091
19650548021241, 905444575
19651453560818, 555648077
19652009305094, 562344063
19652571744734, 560551947
19653132390146, 543902922
19653676388697, 564934558
19654241418294, 556147381
19654797661752, 563850060
19655361608871, 556916143
19655918621131, 792176307
19656710893082, 919539131
19657630524123, 555740314
19658186361388, 566944728
19658753403374, 548536993
19659302039069, 555673558
19659857807681, 564360759
19660422266937, 606082099
19661028444307, 554655487
19661583196632, 566731563
19662150022978, 801378663
19662951492113, 918062800
19663869654273, 567774108
19664437525142, 595820275
19665033444364, 577980152
19665611527251, 538229333
19666149854998, 556171129
19666706120304, 543457605
19667249673071, 558833964
19667808605587, 540911127
19668349612567, 924605531
19669274313359, 938748875
19670213166269, 563318315
19670776580143, 564653487
19671341335995, 563587087
19671905024208, 555449714
19672460578817, 570245915
19673030934627, 546147658
19673577179281, 547391812
19674124668512, 565848079
19674690612868, 770067754
19675460773306, 906765281
19676367637213, 563816788
19676931550533, 553586683
19677485233689, 561119318
19678046447787, 557787089
19678604335817, 561853834
19679166283106, 545303534
19679711684464, 546442340
19680258224658, 559563425
19680817881747, 810420368
19681628395227, 892078660
19682520568351, 548599362
19683069262154, 551930349
19683621290213, 648029756
19684269419773, 560418441
19684829936077, 541192050
19685371224453, 567015875
19685938341801, 568735235
19686507175503, 559086526
19687066359232, 801113499
19687867565527, 915724170
19688783387007, 559535730
19689343023221, 564245152
19689907366598, 558585534
19690466093072, 639125500
19691105331505, 559408350
19691664840812, 577746506
19692242686029, 551692989
19692794475815, 553006355
19693347578144, 803094788
19694150763100, 899499419
19695050356079, 567464285
19695617917829, 567000433
19696185013613, 565773090
19696750880949, 562056185
19697313033468, 566028397
19697879163341, 577938137
19698457197990, 618072446
19699075366362, 555769321
19699631230032, 827441301
19700458767599, 917506032
19701376370485, 562522854
19701938990436, 575483761
19702514569574, 563341059
19703078009658, 577569438
19703655675630, 557443269
19704213219559, 589558060
19704802900027, 571825954
19705375005688, 573065371
19705948184578, 961910726
19706910170397, 913392908
19707823644124, 571575136
19708395301047, 562909341
19708958292024, 568173993
19709526543997, 562806074
19710089429741, 570722626
19710660235300, 567359307
19711227675586, 569134636
19711796891647, 561186625
19712358159155, 836533614
19713194855275, 961192499
19714156151152, 586286943
19714742522025, 592140600
19715334746628, 577594846
19715912420956, 583738232
19716496244105, 570511491
19717066836397, 569282533
19717636203754, 589131671
19718225417745, 560589042
19718786089268, 803154144
19719589319342, 917112178
19720506512224, 571364634
19721077956191, 561185417
19721639226303, 577773595
19722217082293, 577717649
19722794879494, 573133401
19723368093418, 557554459
19723925728125, 605224678
19724531033966, 580923560
19725112053188, 817355232
19725929481656, 925583072
19726855144071, 616506220
19727471729919, 572740737
19728044548344, 561256051
19728605886043, 574343280
19729180309908, 553909995
19729734302073, 579848466
19730314229947, 555870363
19730870179061, 566940959
19731437200281, 964345695
19732401620585, 921213770
19733322912580, 568284443
19733891274718, 565422305
19734456777005, 576745350
19735033600392, 541304837
19735574985896, 567895080
19736142961390, 552908448
19736695949710, 573665981
19737269697878, 593472700
19737863252202, 817994384
19738681322859, 935444813
19739616849360, 565879357
19740182811929, 575180539
19740758070705, 554613613
19741312763830, 562747088
19741875591898, 563632271
19742439302928, 580047336
19743019435866, 556071650
19743575585707, 560866085
19744136531675, 813461048
19744950069892, 922598207
19745872745306, 570612192
19746443436504, 559448050
19747002963982, 574217041
19747577261975, 587753871
19748165096096, 565749137
19748730927767, 565029898
19749296054022, 557107777
19749853241222, 570245964
19750423583676, 948174761
19751371856806, 930754466
19752302718784, 572044255
19752874895591, 579379676
19753454402533, 558696298
19754013245980, 586639425
19754599957431, 552986927
19755153018274, 577181042
19755730273113, 577858853
19756308205249, 569388349
19756877669213, 821740770
19757699478892, 920019688
19758619571732, 574544443
19759194189302, 543486827
19759737748588, 572101714
19760309921832, 570212302
19760880207313, 581111933
19761461392714, 551223549
19762012690303, 558927570
19762571695839, 570873066
19763142641267, 934219249
19764076930003, 926924799
19765003928015, 574371545
19765578370382, 553234839
19766131676585, 553642388
19766685390643, 572065310
19767257530862, 573650021
19767831254708, 578743685
19768410070654, 552790981
19768962933798, 570603553
19769533608510, 816166861
19770349843040, 923206168
19771273120782, 579783845
19771852978569, 582104273
19772435154700, 564419227
19772999649331, 566124766
19773565846053, 582387120
19774148313773, 559513608
19774707899914, 561921752
19775269892975, 570590258
19775840556259, 814746836
19776655371126, 924588154
19777580042744, 568416215
19778148532619, 572089163
19778720694507, 565866664
19779286633894, 563130126
19779849836551, 567122554
19780417030298, 568685693
19780985787912, 563541378
19781549402880, 560366309
19782109840474, 809341375
19782919256583, 923806820
19783843136499, 573557755
19784416765639, 572325065
19784989164153, 583071965
19785572309653, 575243792
19786147632064, 574001231
19786721706143, 567910510
19787289688621, 580337878
19787870098149, 571604040
19788441773189, 830517450
19789272380200, 933132541
19790205593962, 553099378
19790758777174, 576291481
19791335142041, 573602394
19791908818613, 575802772
19792484698316, 566193371
19793050965230, 556775451
19793607815255, 573018804
19794180909711, 572529575
19794753511831, 844102883
19795597692717, 918571354
19796516335436, 564247642
19797080655226, 577448075
19797658175239, 566379469
19798224627966, 553377315
19798778081171, 576482269
19799354636079, 551687783
19799906397287, 580944294
19800487413358, 570752845
19801058240223, 837277295
19801895586117, 926951539
19802822610298, 562953081
19803385636332, 567054422
19803952763381, 566376279
19804519210915, 554525766
19805073807090, 566617558
19805640499475, 577288874
19806217862143, 567101799
19806785038138, 564118090
19807349229525, 835934302
19808185233672, 927911027
19809113219505, 582971606
19809696269337, 590384785
19810286733150, 575329829
19810862139790, 594759943
19811456973126, 596858778
19812053906590, 614716730
19812668700299, 590780497
19813259555771, 590981379
19813850615352, 861901274
19814712590869, 958336130
19815671002163, 592221166
19816263300079, 585501440
19816848877121, 604239603
19817453189779, 592027681
19818045291032, 596154059
19818641520734, 592045370
19819233643711, 583087698
19819816813316, 587593848
19820404481367, 854292865
19821258846259, 932711778
19822191633340, 581859935
19822773566987, 592610395
19823366253028, 576368435
19823942699540, 581547448
19824524320322, 592562303
19825116962372, 585319281
19825702355160, 586128055
19826288557159, 595098615
19826883736606, 851103772
19827734915088, 959495394
19828694486134, 599400363
19829293967792, 580619715
19829874663870, 599605990
19830474344707, 589281187
19831063700268, 597593966
19831661371059, 583767290
19832245211783, 577124314
19832822409970, 586547111
19833409031735, 850655806
19834259759616, 929774337
19835189677467, 589640646
19835779538090, 576416934
19836356107976, 562620712
19836918783481, 607046519
19837525896414, 605929920
19838131882542, 595686344
19838727620843, 574440739
19839302115689, 581657980
19839883827580, 820905213
19840704782152, 924861469
19841629697776, 591752751
19842221505376, 578095857
19842799655287, 592861022
19843392568699, 580868334
19843973491660, 592950322
19844566496975, 566101735
19845132651394, 602546785
19845735252510, 585876099
19846321183532, 899352040
19847220590910, 949243980
19848169886867, 592950614
19848762892168, 596404784
19849359352549, 603226687
19849962631941, 585865768
19850548550905, 591297082
19851139903262, 593262327
19851733279189, 574124173
19852307478757, 587042315
19852894576560, 864352260
19853758979416, 929128687
19854688161563, 582044788
19855270260130, 806048767
19856076360529, 605494727
19856681909824, 580297933
19857262267419, 593633533
19857855956647, 589502376
19858445513308, 582408537
19859027975717, 580810771
19859608838852, 842737454
19860451649722, 933868370
19861385586051, 571128303
19861956766770, 593821519
19862550640184, 624442305
19863175136932, 581948226
19863757139087, 595050943
19864352242384, 601992615
19864954287100, 590425471
19865544766247, 576159586
19866120978274, 869754632
19866990784186, 972651868
19867963489867, 603198768
19868566741368, 601598775
19869168393594, 596300079
19869764745537, 602685014
19870367484582, 579575584
19870947115701, 599898148
19871547071363, 606356949
19872153482563, 589733975
19872743271180, 864823630
19873608146292, 964613552
19874572813368, 609173196
19875182041302, 612464850
19875794560170, 590542690
19876385157913, 588345062
19876973558223, 598583971
19877572195375, 581640933
19878153891058, 593635839
19878747581049, 584211050
19879331846696, 878165442
19880210064071, 945782761
19881155903863, 578553894
19881734512515, 578529810
19882313095788, 610461553
19882923611796, 589626817
19883513294385, 591496418
19884104844736, 586653809
19884691553842, 600288404
19885291897773, 590895832
19885882849587, 882935624
19886765834673, 961170488
19887727057707, 587514145
19888314626584, 593662175
19888908344692, 611718127
19889520116636, 606821877
19890126992847, 586225179
19890713271220, 584833056
19891298156917, 598445218
19891896656593, 596537246
19892493244884, 859220520
19893352517132, 952319719
19894304890228, 597638353
19894902583886, 590318872
19895492957001, 593256917
19896086270019, 613790053
19896700115532, 582691448
19897282863228, 605538359
19897888454552, 591031968
19898479542337, 599233326
19899078831462, 873766056
19899952652382, 968761931
19900921469334, 596156698
19901517679862, 820079927
19902337836530, 635809901
19902973701164, 626079867
19903599835656, 605741053
19904205627324, 584282924
19904789965136, 611125312
19905401143089, 612713223
19906013910587, 872881334
19906886842546, 971664634
19907858561897, 614191874
19908472805469, 614969919
19909087829235, 600243026
19909688125648, 604931635
19910293111905, 615626266
19910908791350, 606018847
19911514871037, 601552541
19912116479398, 603477132
19912720027318, 874846598
19913594924938, 942956003
19914537933931, 607856711
19915145844354, 599502017
19915745400978, 594201063
19916339656821, 606604340
19916946314706, 602973993
19917549340971, 595096207
19918144490229, 605367192
19918749912259, 597744112
19919347716266, 889204520
19920237028739, 950378723
19921187521246, 615289939
19921802850958, 608426893
19922411319084, 611199652
19923022559308, 590087630
19923612687738, 607712845
19924220446880, 632914805
19924853403879, 638745512
19925492190869, 616836846
19926109068565, 891402393
19927000510430, 970557732
19927971112241, 617872389
19928589023741, 622375417
19929211441202, 612892810
19929824375387, 601069060
19930425486390, 611167670
19931036697708, 615515449
19931652254375, 609416111
19932261713310, 610314609
19932872070418, 899445592
19933771556450, 989485167
19934761083525, 638841648
19935399968022, 606128215
19936006138583, 616325307
19936622505275, 629394127
19937251941814, 605519997
19937857506314, 619074676
19938476621623, 613526894
19939090189987, 614046774
19939704279829, 903042481
19940607367195, 978562116
19941585970787, 606725220
19942192735189, 617217458
19942809993348, 610760044
19943420793921, 603329924
19944024164889, 603815000
19944628041418, 589883200
19945217966875, 595218274
19945813225026, 608939872
19946422205709, 874607972
19947296851260, 961022939
19948257917148, 617340630
19948875300672, 609041299
19949484385727, 619248813
19950103678167, 609902670
19950713624373, 598448285
19951312115040, 617788163
19951929946455, 588958801
19952518947016, 602740799
19953121730688, 887451657
19954009222580, 954014617
19954963277599, 618313733
19955581634390, 622905693
19956204583921, 603034405
19956807659507, 612052164
19957419753944, 586523502
19958006320965, 595620806
19958601982841, 609090173
19959211116214, 613558944
19959824721310, 883890039
19960708650464, 982469808
19961691160927, 620442863
19962311645337, 607727561
19962919414902, 607604776
19963527062061, 589239535
19964116343071, 608248102
19964724635229, 615941057
19965340619222, 620078814
19965960741366, 599604244
19966560388942, 905604711
19967466033579, 967986934
19968434063217, 613162400
19969047270148, 611747965
19969659062426, 616044161
19970275151166, 602754046
19970877949221, 620116839
19971498110573, 590586538
19972088738148, 613984734
19972702765649, 599832056
19973302640094, 893493675
19974196174174, 973758582
19975169973578, 613127655
19975783145523, 604712063
19976387905328, 629489711
19977017435066, 610298940
19977627779477, 599532645
19978227353683, 618823658
19978846219666, 618870231
19979465133200, 633920110
19980099094526, 888340486
19980987475523, 972648714
19981960166172, 629771061
19982589980820, 632135102
19983222156568, 608591294
19983830787229, 595580084
19984426409335, 617722220
19985044172947, 627319321
19985671532535, 598339752
19986269914478, 612517516
19986882472086, 1169060131
19988051570574, 981462319
19989033075890, 769836630
19989802955894, 618632270
19990421630046, 629634597
19991051304877, 624592504
19991675938314, 625198732
19992301178232, 605533006
19992906751394, 611732643
19993518525562, 621138375
19994139706802, 901240815
19995040985590, 977930326
19996018956537, 624187188
19996643185047, 611774455
19997255000282, 613981994
19997869025139, 618035981
19998487101306, 630594393
19999117736590, 626423348
19999744199064, 643321464
20000387561401, 627748652
20001015350180, 911027955
20001926415420, 966072827
20002892529772, 637022486
20003529592051, 612179715
20004141811998, 615890459
20004757743787, 596666989
20005354452141, 638036965
20005992529293, 620000618
20006612570477, 630432702
20007243045522, 626448851
20007869536182, 936129308
20008805702901, 967913842
20009773658378, 629965784
20010403664276, 614689425
20011018394312, 632085551
20011650523262, 624342556
20012274906904, 633185377
20012908134807, 610912211
20013519087264, 624792819
20014143921008, 608508694
20014752470388, 929758042
20015682264738, 975045126
20016657351639, 625212962
20017282604274, 641359021
20017924020574, 622293655
20018546356016, 623046441
20019169442559, 625497358
20019794981749, 616846480
20020411870349, 624212236
20021036126090, 613020607
20021649188293, 909311480
20022558538004, 979013038
20023537591966, 621237736
20024158871837, 616576490
20024775488957, 620162125
20025395691826, 625276544
20026021011879, 629865885
20026650919083, 648202528
20027299163910, 632235260
20027931440899, 618789024
20028550272334, 1070375865
20029620684810, 983793857
20030604521090, 631330872
20031235894713, 639713872
20031875650365, 621557845
20032497251136, 632535520
20033129828315, 625740057
20033755609964, 638790011
20034394441673, 638811908
20035033294526, 621596667
20035654931077, 906429383
20036561399096, 977750709
20037539191418, 631575272
20038170808867, 623128988
20038793978241, 629628869
20039423646271, 614279528
20040037967426, 635964782
20040673973644, 616014281
20041290029262, 643758261
20041933830189, 636251109
20042570122185, 924313764
20043494474236, 980948661
20044475465957, 640966342
20045116474343, 623868777
20045740385716, 627414036
20046367840691, 623516229
20046991397402, 619931353
20047611370090, 619054658
20048230466213, 625744185
20048856253099, 629691659
20049485986376, 925038183
20050411061281, 993342918
20051404446434, 638032359
20052042519263, 620576652
20052663136925, 627090029
20053290268681, 647018997
20053937330462, 634096061
20054571470525, 650870262
20055222382086, 648539034
20055870964006, 641204893
20056512208425, 924474313
20057436719769, 984423364
20058421184265, 640496692
20059061722936, 625580097
20059687345159, 643593687
20060330980573, 633656505
20060964677650, 636071791
20061600790371, 635958460
20062236789037, 630075285
20062866906229, 638137398
20063505086567, 936122475
20064441246676, 999712016
20065440999780, 648399275
20066089439971, 628408216
20066717890617, 639969055
20067357902698, 623710393
20067981655666, 636444107
20068618142209, 635107501
20069253291203, 635617853
20069888951305, 639639860
20070528632058, 929092796
20071457762473, 993386250
20072451189506, 640173946
20073091408872, 646938270
20073738388397, 649426045
20074387856355, 647291117
20075035189215, 623841877
20075659072028, 649478594
20076308591684, 626404966
20076935038115, 642718389
20077577796716, 976832504
20078554666874, 979111739
20079533819192, 651914249
20080185774637, 640248835
20080826065637, 654986696
20081481093420, 634231710
20082115366535, 648659918
20082764068457, 642530811
20083406640362, 636100829
20084042788451, 647994583
20084690824464, 937641130
20085628504364, 993339482
20086621889112, 644578804
20087266509376, 656764769
20087923316921, 646077673
20088569436867, 667013733
20089236493049, 639802116
20089876337215, 653844865
20090530226015, 658447292
20091188718185, 634631401
20091823393991, 955655258
20092779089083, 1004692760
20093783826121, 664889923
20094448764665, 655897579
20095104706767, 658585614
20095763336726, 647031604
20096410412320, 657112636
20097067568215, 638256587
20097705867004, 860423148
20098566332521, 621082649
20099187459972, 950852056
20100138351017, 993111053
20101131504500, 637701992
20101769251124, 642141666
20102411436268, 653705392
20103065185243, 660459612
20103725689034, 637982055
20104363714876, 644700615
20105008462947, 626540024
20105635045622, 648991266
20106284078458, 997016126
20107281151166, 1020756946
20108301951936, 656805647
20108958803028, 666850731
20109625701146, 654847747
20110280592329, 651688237
20110932324935, 655832932
20111588200995, 660328941
20112248574241, 640607505
20112889223761, 666819148
20113556084193, 961414478
20114517537043, 1030929751
20115548511782, 672892566
20116221447000, 652593820
20116874084772, 630705203
20117504832611, 642002402
20118146878720, 663623064
20118810546602, 654524161
20119465113626, 662108260
20120127266169, 673762727
20120801072568, 966108279
20121767218790, 999354033
20122766617901, 654961749
20123421621316, 659585723
20124081249214, 638881062
20124720173077, 646132013
20125366348009, 663571329
20126029962001, 641680367
20126671685272, 657990131
20127329723259, 645553506
20127975320959, 964025818
20128939392994, 1004636193
20129944071602, 650898790
20130595012279, 681317531
20131276369737, 649781508
20131926192970, 636324575
20132562561458, 658713153
20133221318810, 627115935
20133848476777, 656872574
20134505390044, 630175805
20135135607193, 954260550
20136089904942, 987870968
20137077817940, 631162358
20137709022400, 664020495
20138373085041, 643753972
20139016882647, 636243006
20139653166287, 624113891
20140277321330, 674971256
20140952335460, 635270237
20141587648346, 648254359
20142235946302, 985229238
20143221217304, 996296915
20144217557390, 660759508
20144878360712, 644198632
20145522602965, 655011438
20146177657320, 656177148
20146833875921, 654659050
20147488578279, 643231658
20148131854159, 649308733
20148781206435, 671989456
20149453240954, 958350547
20150411632540, 1010530925
20151422205773, 661035274
20152083283772, 665393448
20152748721731, 640154174
20153388921347, 663098174
20154052064671, 641603298
20154693710032, 650540061
20155344291941, 642264013
20155986599322, 653415777
20156640057089, 937513715
20157577608758, 1003196290
20158580846804, 661164222
20159242059596, 658981830
20159901087706, 649118616
20160550247413, 640422655
20161190711823, 643404949
20161834163705, 655412823
20162489618497, 637581661
20163127243962, 638290569
20163765577473, 968882647
20164734504894, 986714573
20165721262063, 663943912
20166385251215, 648585258
20167033878631, 660154508
20167694076492, 640668060
20168334786885, 656870359
20168991700835, 658066800
20169649808904, 637888863
20170287740827, 669344339
20170957128068, 957748326
-------------
--------->>>>0<<<<---------