---inserts---
28846266112456, 4261078048028
33107355238664, 3396095981
33110752219294, 3499710635
33114252066889, 3444107923
33117696310040, 1145549845
33118841994034, 1905707892
33120747819497, 1733125606
33122481069990, 962236524
33123443457861, 1687696096
33125131273463, 1541764496
33126673144733, 2905452464
33129578708572, 2664911674
33132243759486, 1766800257
33134010683088, 2229671569
33136240469856, 864635341
33137105216667, 841179846
33137946505870, 861804009
33138808418543, 1370919746
33140179462230, 1300384880
33141479953649, 1532444207
33143012497805, 1316289782
33144328889052, 674380355
33145003374588, 1205565756
33146209042808, 677980313
33146887128176, 909667513
33147796913165, 680723089
33148477788245, 866186409
33149344083986, 663178196
33150007361063, 729589342
33150737048648, 1496497027
33152233643366, 1125537105
33153359277379, 693319396
33154052693881, 687061421
33154739850714, 664767226
33155404717079, 670434292
33156075248479, 634080375
33156709454698, 670776959
33157380336279, 652113511
33158032562057, 656060878
33158688735528, 1780740034
33160469557283, 1395397960
33161865043645, 695242469
33162560377890, 640752656
33163201224573, 869342968
33164070659900, 623855668
33164694607362, 817186408
33165511879419, 627246319
33166139215328, 620853032
33166760159632, 591302897
33167351558242, 965853971
33168317496302, 1042078583
33169359662510, 613147748
33169972899753, 637214622
33170610205276, 640459230
33171250754042, 605793644
33171856636598, 640271447
33172496999426, 617758182
33173114848176, 634023852
33173748963753, 583190447
33174332247478, 869155367
33175201486542, 992548128
33176194124825, 612817124
33176807033741, 584080471
33177391203917, 613948116
33178005242196, 614616649
33178619947783, 593305738
33179213341690, 643865627
33179857297317, 622699295
33180480098707, 620513459
33181100699723, 965016774
33182065801906, 1035622909
33183101515555, 585327443
33183686931717, 577003817
33184264038584, 621545651
33184885674365, 595793200
33185481558642, 573804411
33186055456881, 572076352
33186627626011, 622765323
33187250481746, 577358001
33187827929760, 843001146
33188671016371, 1010198871
33189681303019, 600386610
33190281776390, 623689824
33190905558094, 599955328
33191505605039, 592437741
33192098136190, 573479255
33192671709043, 596272400
33193268086262, 575477502
33193843655172, 583432127
33194427178373, 916463436
33195343726311, 995607868
33196339424622, 571974993
33196911497282, 578756430
33197490343956, 593251387
33198083685276, 591747712
33198675523467, 586791159
33199262442117, 621886593
33199884420486, 552735432
33200437250760, 579618767
33201016961871, 814181292
33201831232568, 950097371
33202781424626, 575591273
33203357115491, 584132218
33203941342772, 849252248
33204790687108, 566157470
33205356936836, 592891680
33205949920301, 588517836
33206538531393, 588475544
33207127099886, 591068510
33207718282958, 972312192
33208690751777, 963547471
33209654408855, 575787740
33210230293895, 572218201
33210802610261, 561418102
33211364134877, 558652637
33211922912157, 579035801
33212502045666, 621126478
33213123267138, 547457999
33213670820932, 572934208
33214243849767, 811323185
33215055259911, 1005415936
33216060767051, 566428742
33216627287587, 600441569
33217227828171, 581077628
33217808994943, 562076049
33218371180576, 554710001
33218925987867, 562633781
33219488723435, 546897040
33220035883819, 603999818
33220639981106, 789967078
33221430038929, 932132992
33222362263801, 573997180
33222936351865, 552188351
33223488632659, 579561897
33224068285731, 577148984
33224645529039, 589658734
33225235279959, 582517469
33225817889976, 570253220
33226388238052, 575131560
33226963462311, 946641280
33227910190894, 942337443
33228852623706, 582889073
33229435605315, 571372677
33230007070578, 535761812
33230542934909, 564027413
33231107056213, 552879303
33231660042065, 579737377
33232239875312, 586800802
33232826768548, 588250571
33233415109945, 803689720
33234218889157, 957803044
33235176783026, 565639044
33235742516826, 549846617
33236292455950, 558134821
33236850683560, 552814248
33237403589153, 574140915
33237977824666, 563162907
33238541078589, 551110639
33239092280784, 544071779
33239636445497, 807594374
33240444128276, 984045074
33241428267146, 565558208
33241993918206, 569223565
33242563234852, 568678290
33243132016423, 553400444
33243685507117, 561715020
33244247312373, 561705466
33244809108241, 559423090
33245368622969, 554224289
33245922937040, 796802081
33246719830155, 911781899
33247631707758, 553381803
33248185190609, 561024735
33248746313004, 567053196
33249313467604, 577074301
33249890640015, 562498079
33250453237307, 581080706
33251034419836, 547706104
33251582221520, 553886695
33252136206004, 908220716
33253044518532, 919721631
33253964336229, 560188029
33254524621766, 576334694
33255101054547, 562880726
33255664046492, 540080178
33256204227166, 576916587
33256781244787, 549369462
33257330713373, 576961198
33257907778969, 572119904
33258479994328, 934709981
33259414794566, 927738690
33260342630537, 565453859
33260908189263, 551700282
33261459985910, 547571587
33262007656342, 559542132
33262567294620, 562043513
33263129437586, 570136629
33263699670347, 559519662
33264259286757, 560612505
33264819998362, 799619219
33265619710071, 939155137
33266558964189, 571216762
33267130280852, 546475128
33267676860849, 558631854
33268235594986, 561463702
33268797155900, 551671944
33269348926006, 547702208
33269896718248, 567230630
33270464056523, 548606667
33271012755507, 927021497
33271939865659, 911659766
33272851616772, 538104792
33273389814522, 568112002
33273958017498, 547953270
33274506064125, 559727643
33275065885750, 565655356
33275631632591, 565647013
33276197374922, 550974206
33276748444137, 563226058
33277311760272, 788784708
33278100634658, 918538515
33279019267210, 572277064
33279591636725, 553651449
33280145379213, 567203045
33280712673606, 547496637
33281260263037, 565900499
33281826256325, 561910041
33282388256905, 560194613
33282948543712, 569833307
33283518468999, 805469916
33284324047558, 911503780
33285235642004, 546963771
33285782696011, 557713321
33286340500961, 557856557
33286898456749, 558680031
33287457231257, 558305362
33288015631271, 558017049
33288573740944, 555063204
33289128897498, 544703391
33289673691581, 809674151
33290483453603, 917508018
33291401054009, 563254448
33291964401615, 552169548
33292516666536, 550367605
33293067126701, 553224805
33293620445955, 567916505
33294188454622, 551168814
33294739714124, 558589080
33295298397009, 555324311
33295853816728, 927642570
33296781545377, 924774973
33297706414747, 542121884
33298248627970, 566114570
33298814841506, 559334473
33299374273882, 551000613
33299925376133, 563515304
33300488998829, 562358075
33301051454087, 544399343
33301595947973, 550813808
33302146857404, 809680783
33302956625297, 907417665
33303864132692, 558587909
33304422813616, 548176166
33304971083392, 567189346
33305538365810, 541448588
33306079905686, 561877028
33306641874793, 559617257
33307201583854, 558801171
33307760479559, 556261542
33308316834533, 809747089
33309126668760, 919808248
33310046569105, 560130284
33310606791993, 554872253
33311161758504, 553074779
33311714926551, 555674542
33312270694760, 553692080
33312824480613, 552688210
33313377263164, 543428200
33313920785083, 542392002
33314463271114, 802943598
33315266302183, 923071493
33316189469545, 556301297
33316745863991, 566912255
33317312870839, 566137323
33317879101532, 564470238
33318443667340, 570247800
33319014009077, 568269853
33319582371403, 565215556
33320147683562, 561489128
33320709267961, 944107647
33321653481829, 900897568
33322554493903, 554948449
33323109535753, 563980946
33323673610724, 551719720
33324225427205, 559680301
33324785202721, 564003965
33325349301567, 571088424
33325920483325, 554629095
33326475209974, 548781144
33327024099545, 805693671
33327829884765, 910034322
33328740022811, 573069516
33329313185256, 557942818
33329871222098, 564974430
33330436291087, 552534864
33330988921429, 572544126
33331561563078, 554516626
33332116192527, 571067731
33332687443833, 569498730
33333257030687, 817537272
33334074652203, 939523144
33335014263861, 569664939
33335584025387, 569771830
33336153884115, 555368932
33336709337938, 565239888
33337274663397, 558960211
33337833713630, 564187047
33338397987605, 545564882
33338943642207, 549380878
33339493109413, 829642872
33340322979171, 918729009
33341241800080, 565396234
33341807283847, 575699504
33342383068415, 550915996
33342934071569, 556132237
33343490287232, 548197488
33344038571535, 560795525
33344599452063, 571639349
33345171178961, 554965168
33345726231179, 821222300
33346547540377, 900614286
33347448238968, 555235558
33348003558529, 562419866
33348566070646, 556299005
33349122458059, 569809194
33349692352587, 568255914
33350260692305, 552024549
33350812803227, 546819786
33351359710765, 551411907
33351911218542, 798391304
33352709692107, 923617352
33353633397646, 564167515
33354197649204, 554677763
33354752417334, 562467132
33355314971296, 541627045
33355856684117, 550071881
33356406846806, 562510211
33356969442500, 569626767
33357539156329, 571810196
33358111054240, 827423013
33358938558922, 914973378
33359853618557, 568556836
33360422261336, 571023977
33360993372465, 549389628
33361542848688, 570561359
33362113496627, 559054501
33362672641153, 566130086
33363238855794, 543317796
33363782258203, 569738533
33364352092742, 799171345
33365151348637, 929089915
33366080528787, 570107862
33366650722780, 556556520
33367207365445, 553914479
33367761366585, 563532260
33368324983565, 578163089
33368903231937, 559022983
33369462343370, 570265507
33370032696315, 555017350
33370587800546, 812095798
33371399980494, 915213870
33372315281203, 569186931
33372884554285, 565760689
33373450402033, 567378321
33374017867501, 572998865
33374590952255, 568041204
33375159080428, 584196530
33375743363595, 564395145
33376307847546, 577207445
33376885156524, 832480994
33377717747029, 918835316
33378636682226, 569986494
33379206804286, 577341653
33379784303671, 567022833
33380351578295, 571063451
33380922769087, 565434061
33381488275630, 555291204
33382043629604, 576841041
33382620533276, 566722301
33383187316788, 817970175
33384005347487, 926429256
33384931839050, 570846436
33385502747884, 554247604
33386057058777, 586598067
33386643723548, 569158079
33387212945921, 567867501
33387780877398, 556490910
33388337431818, 1094350926
33389431844086, 554905565
33389986810995, 1305484036
33391292354456, 924683159
33392217098548, 566575422
33392783734463, 891450968
33393675245388, 557896379
33394233204370, 584660470
33394817927107, 561926682
33395379916963, 575130642
33395955109089, 567256699
33396522427871, 573403680
33397095891659, 825670692
33397921623020, 914100362
33398835785022, 703428641
33399539274289, 557335198
33400096670678, 571718274
33400668452634, 997649116
33401666163416, 580939641
33402247164820, 554979979
33402802206372, 575678321
33403377947178, 566543325
33403944551922, 818412374
33404763025916, 1097811577
33405860901937, 563341890
33406424305244, 583984796
33407008353122, 564820098
33407573235211, 579609743
33408152907022, 567978762
33408720947543, 575949486
33409296959561, 576998653
33409874019935, 576973127
33410451054526, 839515134
33411290630912, 927176653
33412217869291, 567929160
33412785859596, 571885652
33413357810123, 586758396
33413944629411, 568248318
33414512941341, 577594636
33415090598558, 557287268
33415647948109, 565955356
33416213965059, 575917389
33416789942995, 1165653921
33417955658747, 923657988
33418879379145, 546168787
33419425610366, 575348300
33420001021032, 563548786
33420564631706, 585692836
33421150386900, 551492335
33421701939332, 568962478
33422270963151, 551968674
33422822997250, 578444995
33423401506383, 835191576
33424236759434, 923310312
33425160129946, 573226287
33425733418376, 560249329
33426293731243, 567895324
33426861688638, 561972855
33427423724379, 574496775
33427998284870, 576036057
33428574383607, 576291693
33429150736460, 571842441
33429722642505, 854090513
33430576794399, 929853491
33431506713597, 570835433
33432077611974, 573784257
33432651458501, 567808756
33433219330609, 574801776
33433794196557, 582418606
33434376679776, 581566314
33434958309532, 579132014
33435537506591, 589258509
33436126827660, 976120261
33437103009757, 931966378
33438035039116, 557148262
33438592250780, 568615118
33439160929579, 574852930
33439735845715, 580474272
33440316383875, 569270940
33440885715132, 578184026
33441463960904, 581783878
33442045806776, 581759114
33442627628039, 849262253
33443476951745, 938859079
33444415874370, 579224591
33444995163585, 576806508
33445572052263, 589492531
33446161611265, 567631796
33446729306263, 589918517
33447319290613, 578399372
33447897753400, 578740144
33448476558053, 584730398
33449061358626, 982106998
33450043527584, 947089438
33450990680403, 574724205
33451565466471, 591775675
33452157305791, 573889268
33452731259855, 587319182
33453318641543, 578753559
33453897457495, 583413011
33454480951863, 587433503
33455068448961, 581153129
33455649665180, 849278966
33456499004758, 952344372
33457451413802, 591875687
33458043352209, 560978933
33458604395050, 593147486
33459197609341, 580387984
33459778075447, 582530912
33460360668424, 584550074
33460945281438, 566743947
33461512089441, 567383259
33462079534836, 840878974
33462920477208, 931338127
33463851950422, 578653609
33464430762958, 591864038
33465022734889, 578589895
33465601385963, 583557571
33466184992734, 583929199
33466768970640, 572198639
33467341216056, 568026607
33467909290634, 590945641
33468500284906, 850849846
33469351184519, 939727367
33470290959210, 582307223
33470873313678, 589098139
33471462457496, 592689345
33472055196602, 601635953
33472656880979, 576072536
33473233002006, 567642309
33473800692314, 589563761
33474390305311, 583580634
33474973933681, 855385832
33475829367021, 935951903
33476765365427, 583080753
33477348494411, 580431133
33477928972670, 595427601
33478524450082, 585366323
33479109865126, 588327160
33479698240491, 570414782
33480268745383, 591368673
33480860180617, 577167807
33481437396093, 862960583
33482300403513, 947666059
33483248117168, 596256688
33483844422724, 581789467
33484426260108, 563813042
33484990121790, 589347448
33485579517634, 563898124
33486143464651, 594309279
33486737822300, 586699054
33487324570482, 596407353
33487921025922, 845243436
33488766341575, 931353084
33489697771621, 596524527
33490294343829, 573379207
33490867768518, 596261843
33491464079503, 586055345
33492050182790, 586424764
33492636655019, 592793362
33493229497279, 590761461
33493820305911, 597532759
33494417885730, 863397810
33495281329565, 939923813
33496221301528, 571315219
33496792665959, 572126106
33497364839694, 591066647
33497955953165, 602925480
33498558925515, 596926386
33499155903264, 578121691
33499734071159, 596172340
33500330289706, 573088655
33500903424832, 859061702
33501762533355, 947782137
33502710362774, 585299535
33503295708763, 599492255
33503895253423, 589354909
33504484656730, 597086277
33505081790510, 573941480
33505655779108, 592110949
33506247938877, 585408938
33506833401035, 587219258
33507420667145, 865466447
33508286178611, 952306700
33509238534277, 586823151
33509825404493, 599593870
33510425046219, 580832241
33511005924627, 582918143
33511588888588, 585545233
33512174482671, 598546511
33512773076367, 599492322
33513372618353, 587278949
33513959944152, 865466597
33514825456971, 944136226
33515769641737, 607983228
33516377672325, 581713842
33516959434076, 582695469
33517542175410, 583000429
33518125225938, 587342858
33518712614873, 589888121
33519302550994, 588891701
33519891489756, 596847396
33520488385288, 866979534
33521355408905, 966021575
33522321476657, 604412638
33522925937413, 597112817
33523523096539, 589203714
33524112349381, 602182174
33524714577769, 587887660
33525302512017, 582905234
33525885464571, 586495216
33526472026551, 607015125
33527079091039, 871525160
33527950661425, 949288437
33528899996814, 598036622
33529498079518, 594322876
33530092451244, 591276804
33530683773456, 597334300
33531281154592, 590573482
33531871779967, 591335333
33532463166567, 586374203
33533049589350, 594753893
33533644389908, 872252625
33534516688022, 956670151
33535473405912, 591754527
33536065206413, 600297016
33536665551418, 591607024
33537257205801, 587020074
33537844275195, 597064520
33538441387804, 593192320
33539034626959, 580440580
33539615118134, 601576935
33540216741882, 868587309
33541085373491, 970859096
33542056278791, 603977159
33542660302844, 598590320
33543258938597, 605133166
33543864118188, 599972312
33544464138206, 610116204
33545074305098, 611112075
33545685465960, 605397233
33546290910898, 590508748
33546881467256, 862840809
33547744469944, 947121641
33548691688893, 589988055
33549281732815, 603772107
33549885543310, 590210794
33550475793767, 601478125
33551077311187, 584218349
33551661568529, 583249810
33552244857136, 588604522
33552833504282, 601925816
33553435467313, 899304510
33554334807906, 969110136
33555303956745, 602016739
33555906014589, 614371214
33556520424239, 609163314
33557129625771, 604176224
33557733840481, 607261049
33558341141221, 588242069
33558929421349, 599541269
33559529002974, 607099060
33560136143398, 899025955
33561035206082, 951087446
33561986332550, 607091865
33562593462014, 602292256
33563195792510, 596710100
33563792543779, 611397433
33564403980043, 608863764
33565012881696, 603455867
33565616376746, 601512495
33566217932908, 613336504
33566831306323, 1173240715
33568004585184, 961935939
33568966560995, 1312783292
33570279384472, 614804446
33570894227578, 1297974106
33572192240403, 599741179
33572792038650, 606692014
33573398769256, 1104435628
33574503244154, 612222856
33575115505689, 591898526
33575707443353, 1450510699
33577157990293, 958554941
33578121670693, 1117703419
33579239412162, 595938254
33579835387034, 607057569
33580442483382, 1175092853
33581617614869, 612829261
33582230483101, 608877968
33582839400584, 996088345
33583835527303, 612859168
33584448429000, 902092049
33585350560242, 966343160
33586316943439, 615791565
33586932774932, 598676686
33587531491244, 850957823
33588382489713, 608244211
33588990777339, 599260560
33589590079484, 1126709530
33590716830956, 603204805
33591320075890, 635546690
33591955663880, 1216676402
33593172381121, 951882686
33594124304595, 835573247
33594959917073, 606142192
33595566098229, 602208034
33596168347587, 735511391
33596903898542, 611659894
33597515598979, 620814561
33598136454177, 642892077
33598779388737, 613599310
33599393029557, 890145206
33600283215229, 973819068
33601257072611, 604379830
33601861491868, 908704471
33602770235802, 619565362
33603389841317, 616891813
33604006771456, 615673007
33604622485068, 599643727
33605222169131, 596696939
33605818907418, 602451309
33606421399792, 894455504
33607315893754, 957266332
33608273198525, 612032159
33608885272032, 971268962
33609856581380, 625859260
33610482479693, 607449296
33611089968418, 629901727
33611719907990, 624660333
33612344607496, 600512262
33612945159146, 1027816747
33613973015162, 907320634
33614880373806, 963948260
33615844362563, 632599276
33616477001737, 628513935
33617105553693, 608940205
33617714532211, 651674017
33618366247597, 647438115
33619013725027, 622608634
33619636371980, 607754010
33620244164500, 602288381
33620846492198, 907005927
33621753534058, 963074167
33622716647720, 618279494
33623334964592, 606296693
33623941301066, 605562019
33624546902345, 612442925
33625159384500, 649725329
33625809155929, 614150547
33626423344691, 615695017
33627039078776, 621177788
33627660294959, 902508807
33628562841048, 979822350
33629542702750, 616272443
33630159014954, 615092546
33630774146283, 619671914
33631393857237, 628240250
33632022137291, 613495396
33632635671783, 611029453
33633246739313, 618317566
33633865095104, 604929596
33634470063928, 896515797
33635366628584, 992180269
33636358856903, 619043004
33636977938494, 614931826
33637592910895, 621272255
33638214224173, 619472937
33638833735848, 620801853
33639454576959, 624761457
33640079378321, 604666398
33640684083124, 602379987
33641286503348, 908290639
33642194832958, 964920707
33643159796830, 625634618
33643785470327, 627031618
33644412540795, 625920442
33645038502138, 620437267
33645658979979, 618805220
33646277824860, 615343515
33646893207263, 602708985
33647495954447, 625558151
33648121553383, 913780730
33649035373556, 958705039
33649994118170, 624034287
33650618191724, 620429715
33651238660040, 617002752
33651855702533, 621275628
33652477020685, 616407049
33653093468589, 622231735
33653715737734, 605235254
33654321011705, 623622772
33654944675147, 921290301
33655866003403, 975536599
33656841578669, 624789025
33657466406815, 620632234
33658087078552, 623842337
33658710961238, 602828701
33659313827837, 624258001
33659938125609, 637862023
33660576042682, 610582217
33661186665230, 623481010
33661810184866, 918930450
33662729154942, 978476290
33663707670327, 627538738
33664335247975, 623698246
33664958984694, 625550479
33665584574481, 624410336
33666209027623, 634793643
33666843859560, 635068341
33667478969816, 624313026
33668103323302, 784899563
33668888260912, 925302795
33669813600819, 1207581993
33671021220208, 628095093
33671649355928, 619889140
33672269283495, 886397581
33673155721268, 638455989
33673794215744, 644174062
33674438428829, 649271926
33675087739181, 633231171
33675721010449, 615207478
33676336256886, 920962573
33677257261580, 1656315739
33678913616522, 639255448
33679552910656, 625204627
33680178153949, 913559035
33681091751440, 627284298
33681719074350, 609487393
33682328602070, 628213028
33682956853868, 640181350
33683597077503, 616406365
33684213523083, 970492045
33685184053548, 978710655
33686162803452, 635680450
33686798523230, 623649701
33687422211879, 634383992
33688056635336, 630398722
33688687071531, 633613160
33689320724642, 627127125
33689947890690, 637751454
33690585681320, 625633360
33691211355572, 923668159
33692135062341, 994942818
33693130043405, 628669830
33693758751720, 632850404
33694391639633, 631662096
33695023340668, 635705535
33695659085119, 617932109
33696277058356, 641249234
33696918344895, 641328328
33697559712017, 639667129
33698199418507, 928823660
33699128279794, 969154589
33700097475498, 635516075
33700733030190, 626927739
33701359996184, 638782727
33701998817689, 627932289
33702626787866, 619094611
33703245921110, 621061798
33703867021680, 628601971
33704495665354, 644048113
33705139750741, 922540419
33706062330166, 991633575
33707054002028, 635630608
33707689674458, 643244851
33708332957212, 631808359
33708964803510, 620026303
33709584867416, 628472899
33710213379987, 624689262
33710838109272, 638219216
33711476368201, 631581531
33712107991338, 948706343
33713056735750, 961445460
33714018221195, 627715641
33714645975199, 616928001
33715262942231, 623326575
33715886309249, 631109095
33716517457882, 644638080
33717162136089, 621016190
33717783190842, 621452809
33718404681660, 630961033
33719035680493, 946279573
33719981997200, 984330290
33720966366203, 642248571
33721608653534, 635879446
33722244571619, 642115441
33722886726814, 646374413
33723533140472, 624775015
33724157953940, 625365834
33724783357200, 643970937
33725427367857, 635806805
33726063212085, 932984858
33726996235630, 972151215
33727968425962, 637099543
33728605564911, 627625897
33729233230487, 642675018
33729875947444, 630204533
33730506191559, 645410671
33731151641597, 653245558
33731804925519, 627856616
33732432820666, 634290085
33733067149594, 939416465
33734006603749, 999053271
33735005698123, 643947896
33735649687579, 648364754
33736298092672, 648936391
33736947069076, 651095334
33737598205378, 644850414
33738243095548, 640101798
33738883235313, 651264035
33739534538721, 637218741
33740171795829, 954360004
33741126209631, 996693630
33742122942602, 647426691
33742770408106, 643654039
33743414101738, 636658741
33744050798853, 639441597
33744690278859, 626547092
33745316864986, 653717302
33745970622690, 640471280
33746611133497, 642862131
33747254035751, 957922472
33748211995831, 989872816
33749201908851, 642398442
33749844346374, 646016836
33750490402054, 656234989
33751146677386, 646277016
33751792993372, 641614976
33752434649648, 643228218
33753077916747, 651830004
33753729784451, 649091748
33754378913522, 959911575
33755338863639, 992130634
33756331032709, 643046349
33756974117125, 647747214
33757621903526, 640065348
33758262008365, 632884265
33758894930712, 658249471
33759553218138, 643308291
33760196564742, 643324272
33760839929417, 644232328
33761484201304, 950867688
33762435106479, 998939991
33763434085422, 649732843
33764083857908, 656369781
33764740267634, 639858309
33765380169695, 644748859
33766024959002, 649516187
33766674516547, 627670342
33767302226975, 649688021
33767951954817, 627681934
33768579677700, 963174118
33769542892642, 988650619
33770531583719, 655165570
33771186788722, 648425425
33771835251828, 647467079
33772482759431, 658259935
33773141058273, 631031713
33773772128979, 646577821
33774418746171, 649607697
33775068394308, 631098427
33775699531707, 964512331
33776664083779, 978174348
33777642298197, 665203944
33778307542388, 632851455
33778940434620, 642495896
33779582970029, 645397969
33780228408020, 643546839
33780871995430, 655887123
33781527921895, 645179097
33782173146123, 628790424
33782801975952, 947465001
33783749481913, 988027738
33784737550176, 648055046
33785385645846, 637410464
33786023095178, 653203472
33786676338983, 641858932
33787318237351, 644597393
33787962874005, 651216943
33788614133682, 643446259
33789257622689, 656366911
33789914029793, 952106924
33790866178637, 1009440843
33791875660506, 643758926
33792519459521, 632618554
33793152118664, 646350147
33793798509619, 630328013
33794428878246, 649978887
33795078896698, 646237998
33795725174611, 639557288
33796364772793, 663345073
33797028157676, 942663612
33797970865254, 1004292948
33798975197497, 641148516
33799616386942, 665123997
33800281552806, 635083577
33800916675771, 631258357
33801547975734, 642820634
33802190835456, 653478016
33802844352249, 650687897
33803495080050, 649713288
33804144832985, 933543956
-------------
--------->>>>0<<<<---------