---updates---
3769744483565, 5279172267
3775023779806, 4366513797
3857224417347, 5897674543
3863122191147, 4110413277
3931401382083, 5815942243
3959210375696, 5120069560
4031076086970, 5398899034
4065482979874, 5568937541
4071051990083, 5793050161
4100782663250, 5926108786
4137552564972, 5415505079
4148498740322, 5656702559
-------------
---reads---
3701999529209, 6472538103
3738271433573, 1433153009
3779390364674, 1180796429
3798262217116, 1351618488
3817289431150, 1457567446
3836581848889, 1459388899
3867232670084, 1416330353
3888797344660, 1579536769
3910125406631, 1547609524
3937217375634, 1372283476
3964330494134, 1241343135
3986028389336, 1363804335
4008641605714, 1843547952
4036475020308, 1658839025
4076845072834, 1884181212
4106708804928, 1604782150
4154155468335, 1846505665
-------------
---updates-errors---
3755950786011, 5043795583
3760994587292, 4692149872
3765686744666, 4057735569
4060102558604, 5380416225
4132000217021, 5552314248
4142968214166, 5530525226
4197844873781, 3012038116
4200856912875, 3011713612
4203868627607, 3012657157
4206881285979, 3011609833
4209892896863, 3013561111
4212906458405, 3012281620
4215918740823, 3015396459
4218934137950, 3013969115
4221948108087, 3014334182
4224962442996, 3014049758
4227976521756, 3014511757
4230991034245, 3017385604
4234008420960, 3014040429
4237022461904, 3014791949
4240037254853, 3014232471
4243051487894, 3015219193
4246066708167, 3012359424
4249079068036, 3012683004
4252091752125, 3018043942
4255109797249, 3016193281
-------------
---read-errors---
4154155468335, 16643625907
4170799866507, 2931780989
4173767818857, 2984332915
4176767619728, 2998869529
4179794859801, 2984420755
4182808427108, 2984842061
4185806853457, 2998644259
4188824639501, 2992436122
4191841358885, 2988232130
4194845798987, 2996461905
-------------
--------->>>>36<<<<---------