---inserts---
14501951513087, 737600060082
15239562817050, 4277300230
15243840234052, 4127780798
15247968120002, 2512001590
15250480225047, 1839068142
15252319402577, 2612885051
15254932393383, 1086291959
15256018794388, 1498471837
15257517370514, 1501554498
15259019029215, 2310502530
15261329636962, 3610625103
15264940382658, 1372163177
15266312688362, 1027091432
15267339906915, 1173497531
15268513519739, 1292330700
15269805958709, 1551708062
15271357780451, 781088735
15272138977633, 958381072
15273097466563, 853385003
15273950962434, 1586473915
15275537541881, 1242113154
15276779763393, 1475716148
15278255589176, 806920252
15279062615884, 1117847193
15280180574345, 752282554
15280932990374, 1183424964
15282116567209, 1446411142
15283563078184, 660194816
15284223375597, 1108358691
15285331835486, 1328967204
15286660897620, 1208895758
15287869894726, 934689253
15288804685662, 1361327787
15290166112621, 642759071
15290808972438, 618725388
15291427802246, 771104813
15292199026114, 655441046
15292854576239, 630352252
15293485041237, 660397412
15294145556500, 879154653
15295024798471, 1099658398
15296124550080, 657590161
15296782231252, 677260322
15297459586588, 606429578
15298066116608, 618119209
15298684329836, 689109541
15299373532351, 605715135
15299979343123, 611394726
15300590830449, 612483322
15301203406446, 1136541519
15302340049582, 1062097176
15303402243492, 587231603
15303989572490, 598650777
15304588317303, 594620526
15305183033411, 624382866
15305807513367, 622040830
15306429647160, 596432598
15307026175836, 600681285
15307626952310, 618391182
15308245440561, 990688953
15309236221709, 1043402905
15310279727685, 596782888
15310876608342, 601780305
15311478484749, 584271697
15312062858215, 617612690
15312680565432, 587240711
15313267902339, 611494759
15313879495527, 633816601
15314513409394, 621846141
15315135355191, 988772535
15316124218881, 1030775039
15317155092251, 604437347
15317759629241, 617394704
15318377123149, 584482321
15318961700086, 573518701
15319535320890, 625117496
15320160536106, 608086948
15320768722663, 601854236
15321370677049, 561948091
15321932726619, 822860105
15322755680973, 1000509734
15323756285020, 617948081
15324374330100, 573902230
15324948327302, 586512376
15325534934224, 569158132
15326104189531, 592421345
15326696709673, 599804938
15327296609354, 578760460
15327875468007, 619913735
15328495476364, 848912788
15329344479376, 974693998
15330319268558, 600442109
15330919807749, 585324815
15331505232080, 578058491
15332083389144, 617390336
15332700878367, 575734216
15333276804783, 588497359
15333865399763, 599284758
15334464786292, 581960515
15335046843820, 812119566
15335859056621, 1027209042
15336886361417, 592607749
15337479073260, 570398086
15338049569421, 579729095
15338629398048, 563588222
15339193086167, 562631316
15339755817603, 553219602
15340309136236, 587292542
15340896524586, 579869853
15341476516266, 967679979
15342444358760, 944510826
15343388977310, 584101841
15343973181782, 559270492
15344532554240, 610679820
15345143341949, 544268341
15345687755687, 553500004
15346241377460, 573914013
15346815389579, 583316409
15347398806554, 564102396
15347963009705, 937022322
15348900122493, 949619922
15349849842388, 594391706
15350444333255, 597078040
15351041518528, 585176939
15351626809365, 582364195
15352209279296, 573308859
15352782689038, 579929901
15353362728255, 589833479
15353952893900, 568144027
15354521138027, 946892019
15355468127424, 950644550
15356418870883, 552245199
15356971212368, 579978977
15357551289028, 586323813
15358137708703, 556994980
15358694802698, 543015714
15359237921999, 588798222
15359826819480, 560559563
15360387476910, 576144593
15360963717413, 819889678
15361783696619, 931755500
15362715555479, 563999367
15363279652244, 570194684
15363849945299, 568777529
15364418820782, 531623661
15364950546899, 543499612
15365494143504, 575017810
15366069261907, 553924810
15366623285775, 559093982
15367182478710, 821122108
15368003694114, 942839758
15368946631647, 577421596
15369524152405, 568767417
15370093015040, 568833210
15370661945448, 574605695
15371236647830, 569240694
15371805989669, 556179542
15372362269114, 545292627
15372907660117, 554769996
15373462527533, 941844551
15374404465039, 946439537
15375350999863, 573569969
15375924670575, 569435711
15376494205941, 577868896
15377072175497, 573441783
15377645716293, 572101037
15378217915187, 567496432
15378785509128, 551881591
15379337489524, 563928023
15379901516247, 956103764
15380857714478, 927293689
15381785125256, 577801953
15382363028246, 565684969
15382928842674, 569091051
15383498031471, 569331550
15384067462640, 563091511
15384630651744, 563829116
15385194579504, 556842775
15385751521341, 566915960
15386318538470, 806586178
15387125218540, 924156943
15388049473147, 563739106
15388613313746, 553228894
15389166645234, 545507861
15389712249326, 547275242
15390259623391, 566695454
15390826414729, 558600454
15391385113599, 546158721
15391931371731, 547829124
15392479297500, 936515483
15393415906925, 940939632
15394356945700, 540285672
15394897333665, 554450846
15395451880599, 566076925
15396018057832, 549601988
15396567760854, 547291708
15397115151775, 548414956
15397663663087, 542420517
15398206183700, 553210392
15398759493169, 943621552
15399703207597, 907693311
15400610997841, 556921146
15401168029536, 557299538
15401725426639, 552678756
15402278208432, 566784921
15402845094485, 545610527
15403390804364, 553012002
15403943911911, 559347695
15404503357078, 556622431
15405060089091, 807106925
15405867288540, 917538724
15406784925163, 549243647
15407334267677, 554066689
15407888432618, 550428514
15408438959954, 560556902
15408999616678, 559152186
15409558866718, 558975608
15410117940716, 555320585
15410673361216, 544166285
15411217630083, 932830868
15412150552207, 909627027
15413060280665, 533764815
15413594142240, 568220849
15414162459797, 555062404
15414717622946, 561047381
15415278776466, 560154185
15415839030139, 555651979
15416394782524, 545408846
15416940291668, 539250286
15417479639628, 828171830
15418307913551, 938387890
15419246399302, 557227541
15419803728687, 553009179
15420356836067, 563154711
15420920099163, 574891076
15421495091697, 555254058
15422050444984, 563794224
15422614338158, 546754977
15423161193047, 564740151
15423726022069, 808727945
15424534837844, 923685935
15425458613939, 567104380
15426025810362, 555508539
15426581411667, 562846490
15427144349248, 561314235
15427705753014, 565340560
15428271184715, 545605057
15428816880366, 542378201
15429359348190, 561041352
15429920479879, 819058350
15430739626795, 935978299
15431675700912, 570547043
15432246337939, 559971865
15432806401683, 548671040
15433355168158, 561394161
15433916662666, 575886085
15434492739284, 577341817
15435070179755, 551425401
15435621695890, 554701550
15436176485358, 794474307
15436971044560, 931368166
15437902504916, 561694626
15438464287684, 555312256
15439019691239, 559510535
15439579295029, 557158256
15440136542134, 571203453
15440707835645, 560881813
15441268809171, 566135487
15441835035456, 574264932
15442409393033, 828962128
15443238441721, 931591004
15444170123644, 562589632
15444732802354, 549257848
15445282149502, 566158837
15445848398214, 551408400
15446399898261, 572078291
15446972086675, 541946314
15447514123928, 559916739
15448074130323, 554512218
15448628732306, 786423296
15449415245359, 931165049
15450346501384, 563152468
15450909744596, 558034625
15451467869237, 562651144
15452030613189, 552794818
15452583497955, 572596296
15453156183272, 545879662
15453702153443, 566353680
15454268597948, 556444562
15454825132473, 816466464
15455641703168, 932668299
15456574479101, 560872794
15457135441745, 551629996
15457687159885, 560591191
15458247840583, 547487945
15458795419924, 562210468
15459357719751, 560955098
15459918764667, 553919638
15460472770994, 571643277
15461044508604, 917223756
15461961819634, 921053048
15462882962149, 564210514
15463447262067, 566787299
15464014138927, 564057316
15464578286137, 539969678
15465118345378, 588693125
15465707129952, 567452334
15466274694011, 556657690
15466831614486, 562070890
15467393799153, 948528150
15468342403048, 932058656
15469274537588, 548624812
15469823238123, 558790090
15470382101880, 570682349
15470952859166, 563445677
15471516378818, 566252750
15472082706027, 560377197
15472643158532, 564787498
15473208045453, 550489395
15473758611355, 824246600
15474582930390, 942607566
15475525611828, 560537099
15476086222284, 544512828
15476630808302, 547940625
15477178821784, 552170976
15477731066391, 577017822
15478308159671, 563040467
15478871273366, 557274527
15479428622330, 550585532
15479979281373, 820689656
15480800061987, 917497308
15481717633135, 569381784
15482287100154, 555312498
15482842494057, 554589204
15483397165155, 583087458
15483980329435, 595873055
15484576280225, 574650043
15485151007951, 555626672
15485706712971, 568726317
15486275513532, 806591916
15487082175979, 919799428
15488002048846, 563335415
15488565456806, 562572127
15489128104119, 560979567
15489689157960, 554169008
15490243401847, 567527465
15490811007723, 537807280
15491348889520, 562192581
15491911156055, 560796141
15492472058425, 844904245
15493317038384, 936961634
15494254073223, 568099054
15494822247229, 577730787
15495400065745, 565150859
15495965292756, 557088639
15496522456726, 569958368
15497092491278, 562558426
15497655124142, 567974194
15498223174951, 566650865
15498789900138, 848816849
15499638788386, 945210216
15500584084003, 561338695
15501145498230, 566782482
15501712354627, 563458731
15502275888835, 564762982
15502840728846, 631643929
15503472450732, 589651586
15504062175680, 560141724
15504622393871, 572804035
15505195270990, 825914011
15506021254760, 931702508
15506953030037, 555000442
15507508104586, 552294851
15508060471900, 561572998
15508622120451, 562514398
15509184707646, 572119807
15509756900193, 557025860
15510313998964, 563427951
15510877499841, 551080175
15511428673147, 821079228
15512249844552, 923052659
15513173000717, 581906563
15513755041223, 563542044
15514318725893, 571019357
15514889876118, 564935571
15515454893365, 598202590
15516053165942, 548964770
15516602201903, 554802698
15517157074098, 550432091
15517707575831, 826720614
15518534365429, 927726685
15519462158977, 569216051
15520031444374, 547510958
15520579024676, 568796703
15521147890772, 566220350
15521714180070, 569527134
15522283774736, 566143224
15522849988603, 582718539
15523432775433, 559648499
15523992490642, 812717783
15524805274740, 928083497
15525733428102, 580070878
15526313569662, 573457966
15526887096119, 566894134
15527454059255, 570245154
15528024376771, 559195541
15528583642729, 571295390
15529155006774, 553713108
15529708792183, 550784775
15530259648445, 828787372
15531088503993, 940566491
15532029142158, 559764563
15532588976330, 558314056
15533147359628, 570266602
15533717697931, 577365400
15534295133018, 571662302
15534866865170, 569303560
15535436238969, 572182941
15536008491873, 567094880
15536575655371, 820512476
15537396234760, 904144601
15538300448386, 573956446
15538874482184, 562808110
15539437359183, 565162846
15540002589881, 567878907
15540570538993, 578814104
15541149422907, 575250121
15541724742998, 561816668
15542286630483, 563701372
15542850403505, 846808022
15543697279648, 921304722
15544618656028, 567493491
15545186219847, 573477176
15545759767262, 558316869
15546318154468, 592280142
15546910507407, 563604308
15547474181587, 568741955
15548042994308, 560264145
15548603328144, 568825011
15549172224032, 820671341
15549992964121, 912159647
15550905192935, 558915696
15551464178726, 559513308
15552023759810, 578291387
15552602120220, 590088772
15553192279041, 548318672
15553740666658, 576051942
15554316789033, 560033129
15554876895915, 577047213
15555454014448, 855775264
15556309855745, 917538680
15557227464949, 562254118
15557789788430, 577092830
15558366951268, 571837094
15558938859905, 584601745
15559523532090, 570693064
15560094293607, 557865360
15560652228925, 565448861
15561217748239, 559940254
15561777759346, 833936827
15562611768254, 922622779
15563534461267, 568375348
15564102905722, 571215523
15564674191845, 592414373
15565266679289, 592643751
15565859399260, 586950065
15566446426498, 560694779
15567007197265, 563043273
15567570317443, 569937189
15568140333805, 847605561
15568988021368, 936815028
15569924912920, 574003964
15570498992799, 560842924
15571059915295, 582262430
15571642253955, 568710121
15572211039162, 570823608
15572781942007, 576176818
15573358196106, 570095327
15573928369047, 582740716
15574511186851, 849735475
15575360994607, 936059413
15576297127999, 580501801
15576877706238, 577491891
15577455275525, 583436865
15578038788986, 578340432
15578617205195, 562355773
15579179639448, 574555008
15579754273074, 568609394
15580322958326, 562402523
15580885437031, 847300844
15581732811479, 936287377
15582669175627, 579557539
15583248814249, 573764340
15583822654648, 601612708
15584424345247, 574066200
15584998488589, 572595036
15585571162753, 586056358
15586157296540, 568636515
15586726010597, 588406140
15587314496291, 852595939
15588167163522, 930877759
15589098119307, 576747519
15589674944530, 590125230
15590265147577, 593125159
15590858349839, 583463979
15591441891847, 577035977
15592019008518, 580763659
15592599853787, 574974523
15593174906920, 588179212
15593763163744, 840710822
15594603950016, 947402303
15595551560262, 589841504
15596141579506, 590844126
15596732520734, 582071519
15597314654900, 567948559
15597882664950, 568360681
15598451087218, 585427025
15599036574692, 582794048
15599619429612, 606280596
15600225771812, 844779148
15601070608260, 927748666
15601998416849, 578303981
15602576780516, 601944184
15603178783764, 585331037
15603764176307, 572200735
15604336436460, 579376674
15604915873209, 582277955
15605498210979, 586716998
15606084989180, 598485119
15606683533347, 851679392
15607535269237, 922894947
15608458224822, 590362787
15609048649046, 596498583
15609645206929, 584531672
15610229800768, 583106827
15610812967678, 584420138
15611397446807, 576329798
15611973880830, 603777624
15612577739827, 588630317
15613166430148, 839512467
15614005999843, 947533384
15614953593585, 592498952
15615546152920, 594946567
15616141162308, 589964931
15616731187214, 587063476
15617318311290, 578840105
15617897211463, 575902013
15618473174878, 603740816
15619076976179, 600476673
15619677511473, 869916274
15620547501193, 958649426
15621506226414, 594558290
15622100845137, 587491076
15622688395091, 576443312
15623264900215, 569664005
15623834623980, 588546673
15624423232437, 590821717
15625014114076, 588222222
15625602395685, 588959347
15626191419101, 864197868
15627055675741, 928958785
15627984693884, 609974710
15628594730803, 585203735
15629179994248, 587736563
15629767789588, 583723498
15630351572930, 594712452
15630946343543, 586593658
15631532996414, 587740514
15632120796367, 585335955
15632706192562, 866625793
15633572874885, 950861959
15634523797614, 607081995
15635130940970, 590449000
15635721449688, 588857813
15636310368586, 591108599
15636901535820, 592632534
15637494228653, 598071611
15638092361287, 594577537
15638687000522, 593714436
15639280777522, 865776857
15640146612735, 940457185
15641087132293, 591298507
15641678497096, 598930962
15642277488117, 592626803
15642870178555, 594574610
15643464813545, 588891859
15644053764594, 600983883
15644654808618, 588328217
15645243198431, 594923737
15645838180595, 886046156
15646724284951, 948268215
15647672613056, 597473805
15648270147328, 588333400
15648858538931, 589554142
15649448154279, 578669112
15650026883539, 600998704
15650627942687, 602044826
15651230047706, 593171665
15651823280326, 584952625
15652408296688, 855232313
15653263587276, 951704789
15654215353562, 584971338
15654800382744, 595259533
15655395702515, 598405622
15655994169460, 593363021
15656587592857, 599123532
15657186776661, 590711153
15657777547330, 581685988
15658359294980, 595954490
15658955310317, 861903838
15659817274894, 960657377
15660777992632, 601906825
15661379959781, 599329644
15661979348262, 595561258
15662574971137, 585545089
15663160576026, 598667857
15663759303925, 592834436
15664352199918, 594269286
15664946528279, 592413091
15665539003320, 864505440
15666403566836, 966429792
15667370059054, 594024425
15667964144629, 604567207
15668568772895, 604648130
15669173484208, 610506901
15669784068570, 581723513
15670365855148, 583780612
15670949696591, 597270482
15671547031054, 584373052
15672131462304, 887264509
15673018786651, 960954778
15673979800241, 600482799
15674580344681, 606092629
15675186496468, 584642110
15675771200865, 595414170
15676366675657, 603066361
15676969803937, 599887989
15677569753031, 608783312
15678178596275, 602781257
15678781437801, 881614212
15679663160252, 946086196
15680609343943, 603314850
15681212724169, 600170914
15681812934566, 598747261
15682411721191, 587598469
15682999390928, 594201042
15683593631869, 582105013
15684175774209, 584716798
15684760530488, 582623237
15685343192239, 880746946
15686223976776, 955892003
15687179906220, 600783458
15687780729247, 595633760
15688376400691, 622534256
15688998974406, 599442152
15689598455181, 609562719
15690208057281, 621849104
15690829946676, 590955516
15691420942102, 612057729
15692033038023, 871945471
15692905020942, 956423609
15693861481986, 600939200
15694462460645, 611620104
15695074119809, 606152194
15695680309886, 597064886
15696277413685, 597710734
15696875162174, 611033923
15697486235767, 588987988
15698075264221, 612290145
15698687594063, 885489115
15699573120224, 946139550
15700519299905, 600272142
15701119611102, 624451762
15701744101780, 600886028
15702345025931, 589676373
15702934740738, 610010812
15703544789530, 594100285
15704138926065, 609735382
15704748699639, 593214063
15705341952317, 883374272
15706225361766, 949552016
15707174953436, 617470235
15707792463989, 617304821
15708409806404, 601238351
15709011082867, 608118658
15709619239612, 594900871
15710214178170, 609118682
15710823335700, 623598983
15711446973647, 601287628
15712048300610, 901799805
15712950138134, 955630317
15713905806977, 613149244
15714518995331, 597686898
15715116722463, 612863155
15715729625982, 599487391
15716329151249, 607978214
15716937169845, 603272718
15717540480537, 596639856
15718137160231, 595298410
15718732497314, 900547536
15719633080672, 965960283
15720599080288, 621412725
15721220530272, 604196607
15721824763503, 600321219
15722425121753, 591419969
15723016578705, 606586962
15723623203895, 632395821
15724255637024, 601662494
15724857337986, 595161700
15725452536579, 874835544
15726327406641, 965248053
15727292695736, 610804629
15727903539595, 620651326
15728524229606, 615496642
15729139764575, 612299320
15729752104609, 605442686
15730357588415, 609459188
15730967087319, 608047608
15731575173669, 593111748
15732168324645, 898207572
15733066569142, 977865456
15734044475933, 625268778
15734669783849, 616996293
15735286819191, 622493306
15735909352214, 610824016
15736520215952, 631101336
15737151357145, 607828836
15737759225747, 595953754
15738355217838, 598464182
15738953723122, 906042496
15739859805423, 956654128
15740816500811, 608901676
15741425444872, 609782633
15742035268584, 614817614
15742650125894, 620765308
15743270931865, 596002694
15743866973986, 608564584
15744475579308, 601884319
15745077505700, 596891171
15745674435990, 890933995
15746565408400, 949517499
15747514966562, 606775468
15748121783234, 599202208
15748721025721, 619866337
15749340932814, 620116269
15749961091704, 619340432
15750580472682, 604765113
15751185279733, 589831554
15751775152120, 611387669
15752386577224, 922808453
15753309422236, 972298960
15754281760015, 614878308
15754896677698, 610349282
15755507066083, 608232457
15756115337345, 615249653
15756730625640, 612343163
15757343005915, 607987279
15757951031776, 604017059
15758555089218, 634017879
15759189146726, 909778038
15760098959815, 950812675
15761049812121, 619715523
15761669568105, 630877618
15762300483812, 618469745
15762918990711, 608679047
15763527707184, 617255211
15764145001213, 598964325
15764744029902, 610150558
15765354220120, 632809838
15765987072791, 904339095
15766891448391, 959692863
15767851181249, 613879010
15768465102902, 620962926
15769086107058, 596186492
15769682334612, 619158870
15770301532577, 599275001
15770900850217, 612512242
15771513403546, 631126128
15772144571227, 615163122
15772759773457, 902107412
15773661918439, 974711010
15774636671741, 636026464
15775272740656, 609107488
15775881888874, 601990058
15776483918360, 629712989
15777113671839, 617129581
15777730842701, 670200847
15778401085433, 608900418
15779010027359, 631612473
15779641680895, 938390496
15780580112182, 995057357
15781575212498, 641408593
15782216665655, 654658669
15782871367726, 628706098
15783500118356, 644311057
15784144475888, 650121323
15784794645158, 635467647
15785430157774, 638273988
15786068477469, 629608526
15786698128540, 934635531
15787632804089, 989712553
15788622561125, 636238529
15789258843559, 613844559
15789872731269, 623461731
15790496235540, 630246542
15791126522352, 642716623
15791769281003, 629180809
15792398503452, 629703990
15793028251412, 632812770
15793661106081, 936444002
15794597588725, 993284420
15795590916665, 632332993
15796223293620, 637497601
15796860835268, 641778155
15797502659536, 660511940
15798163227948, 645883860
15798809159260, 627237749
15799436440259, 643495824
15800079978516, 619607994
15800699627251, 942010386
15801641678475, 983874870
15802625595557, 624793740
15803250431205, 634887200
15803885361184, 617135870
15804502539830, 647260021
15805149839958, 632071518
15805781955042, 619399225
15806401394087, 618819345
15807020254957, 607597399
15807627893020, 924645274
15808552579803, 971243981
15809523865862, 625029111
15810148938361, 622332663
15810771312417, 634352736
15811405707095, 636086678
15812041833954, 625944828
15812667820178, 630767274
15813298632820, 636441060
15813935116793, 633005758
15814568165649, 939372861
15815507577718, 978876603
15816486495272, 626793710
15817113331155, 629107792
15817742479752, 634422828
15818376943500, 629939726
15819006924627, 627869768
15819634835562, 626240953
15820261118692, 631546695
15820892706558, 645023598
15821537769806, 921935642
15822459743966, 976340027
15823436125680, 626695768
15824062863008, 642379703
15824705281673, 630553697
15825335875102, 631958125
15825967872855, 635196867
15826603108385, 622242492
15827225388859, 644793396
15827870222036, 646230664
15828516490520, 918636270
15829435162546, 983876667
15830419076469, 647028750
15831066144343, 628272220
15831694455111, 640941612
15832335436485, 640518850
15832975993744, 632268523
15833608301947, 638701604
15834247041443, 630199951
15834877281065, 626712594
15835504045246, 918984635
15836423065729, 993039384
15837416142216, 637765821
15838053946322, 621096804
15838675081649, 632725544
15839307845783, 612399718
15839920283458, 628151900
15840548473611, 655118409
15841203631125, 625728054
15841829398420, 618431609
15842447868364, 935646365
15843383550439, 992873907
15844376461837, 639864575
15845016364483, 628140534
15845644543565, 639628743
15846284211505, 618164741
15846902415355, 651528847
15847553983017, 638451787
15848192474873, 627210440
15848819723932, 626212800
15849445975801, 942954781
15850388966720, 986891021
15851375897084, 646752903
15852022687749, 640694336
15852663420627, 638161060
15853301620621, 640148540
15853941806343, 647607005
15854589450880, 643905849
15855233393035, 639541171
15855872978571, 639010265
15856512043813, 951755497
15857463839123, 997976634
15858461855461, 663664318
15859125558867, 636758123
15859762356587, 644144113
15860406539912, 624658059
15861031237721, 637135131
15861668411536, 647935892
15862316386431, 633687268
15862950112369, 620020320
15863570170320, 963273598
15864533497700, 983945561
15865517481031, 637544349
15866155065460, 641883758
15866796989679, 641084463
15867438113542, 639533368
15868077685032, 648830161
15868726553526, 627364901
15869353956475, 642610855
15869996625085, 640961640
15870637637511, 956826378
15871594512256, 999037248
15872593588329, 639168016
15873232795098, 656433067
15873889266685, 644954770
15874534259581, 635739047
15875170035242, 641714998
15875811790384, 624996989
15876436826215, 649292576
15877086159185, 639893716
15877726092601, 937220581
15878663350694, 988945511
15879652336666, 645751290
15880298128977, 643438145
15880941605624, 639612004
15881581256363, 640945956
15882222242597, 639577994
15882861858916, 642905157
15883504804631, 632956789
15884137798992, 631925372
15884769761930, 945620748
15885715419307, 985844156
15886701301736, 652142751
15887353486493, 637825637
15887991350963, 648043542
15888639433887, 637314767
15889276788729, 627439169
15889904268654, 653308603
15890557616110, 655025118
15891212679582, 653887709
15891866605901, 946880164
15892813521990, 1001327380
15893814887903, 641373968
15894456299843, 649860436
15895106200497, 634012716
15895740255067, 660002153
15896400298816, 628912949
15897029251643, 641344833
15897670636084, 638553450
15898309230574, 632580582
15898941856662, 962430722
15899904325355, 993530702
15900897894962, 630903416
15901528837997, 642518735
15902171397627, 640661485
15902812100093, 630255641
15903442395826, 624334011
15904066770165, 640591414
15904707400901, 657746642
15905365187923, 633126375
15905998355378, 972792244
15906971184863, 983192581
15907954418840, 648519374
15908602979358, 652473143
15909255494684, 639941731
15909895477229, 638144880
15910533663526, 635899913
15911169605407, 642643751
15911812291941, 626576723
15912438908987, 639295441
15913078245597, 951124812
15914029408156, 1012838287
15915042287602, 650371955
15915692701806, 643784029
15916336526893, 655686137
15916992254363, 628282686
15917620579193, 646065211
15918266684557, 633245644
15918899970660, 645875219
15919545889791, 643897811
15920189827313, 968089279
15921157956209, 983501499
15922141497719, 632824490
15922774363409, 640238215
15923414642990, 638117221
15924052801909, 635221513
15924688062675, 639446111
15925327548605, 637442512
15925965030836, 624335207
15926589405807, 639935239
15927229379835, 939485548
-------------
--------->>>>0<<<<---------