---inserts---
28846263929059, 4976506788860
33822782620303, 4256597879
33827039339102, 1982050474
33829021502771, 3294589056
33832316209691, 1797588658
33834113909100, 2559520552
33836673539750, 1563418005
33838237080950, 1533407560
33839770609815, 1543527533
33841314248743, 2487920443
33843802279932, 3233199906
33847035594883, 996589137
33848032315269, 1750049183
33849782482876, 995372621
33850777968578, 1504554486
33852282631037, 1826789206
33854109523692, 1100967460
33855210600717, 1333731077
33856544437079, 1175096210
33857719636637, 1673342609
33859393074476, 1880686700
33861273866663, 1139470012
33862413438277, 732020719
33863145568784, 801989510
33863947665184, 1134584361
33865082373132, 827639246
33865910169134, 1134293980
33867044557912, 848838821
33867893491235, 847831536
33868741420058, 1083644500
33869825154560, 1392888558
33871218138278, 642097990
33871860334745, 665057202
33872525485757, 626226335
33873151811502, 641985868
33873793892697, 819393366
33874613401668, 645699990
33875259207224, 650829730
33875910145540, 692830318
33876603074966, 958477577
33877561635347, 1087555232
33878649281136, 646115697
33879295484278, 609179002
33879904760291, 631686727
33880536538459, 1225594508
33881762222969, 596772585
33882359092121, 592003314
33882951190779, 607769983
33883559049027, 665329188
33884224467718, 841582576
33885066132886, 1020498067
33886086718544, 656456038
33886743269585, 630955286
33887374315580, 572431666
33887946841399, 637222723
33888584153540, 613458033
33889197702208, 613704503
33889811497955, 605905334
33890417491539, 573175917
33890990759313, 952840072
33891943684355, 1034224559
33892978001004, 581257402
33893559348289, 576930339
33894136370434, 616632142
33894753096403, 609226076
33895362414398, 612651364
33895975155379, 620860289
33896596105887, 630395922
33897226593474, 597657193
33897824338093, 959176620
33898783596494, 1052802817
33899836489355, 583884162
33900420464264, 574735472
33900995291851, 607409097
33901602791510, 569173584
33902172070527, 596732646
33902768894051, 570322351
33903339306162, 594652936
33903934049837, 595276020
33904529416518, 1003721558
33905533221089, 988245053
33906521555783, 565490266
33907087143627, 596789563
33907684040172, 571047041
33908255179044, 580962936
33908836235977, 613317118
33909449647927, 579642868
33910029380284, 587553748
33910617025102, 578289120
33911195403792, 945668803
33912141155349, 1023101551
33913164351993, 606008066
33913770454599, 618759484
33914389306524, 558814941
33914948216787, 578884260
33915527191920, 563468177
33916090797285, 583999170
33916674884606, 582463845
33917257444566, 567039324
33917824580558, 926951877
33918751619015, 1016287017
33919767998568, 589407364
33920357503378, 592399080
33920949993637, 576053708
33921526137076, 588247797
33922114478056, 566546661
33922681142144, 591396827
33923272630053, 579664825
33923852383756, 572953675
33924425447240, 815494958
33925241107247, 956004583
33926197208676, 572160343
33926769467299, 545071820
33927314637800, 592281348
33927907017040, 585692683
33928492828887, 595426439
33929088347959, 592227565
33929680665778, 595822483
33930276580829, 544902268
33930821573710, 954680843
33931776341921, 950467312
33932726900168, 565386953
33933292379884, 573274907
33933865753169, 578298072
33934444156995, 574838916
33935019092249, 554444371
33935573637502, 577732740
33936151474946, 554717333
33936706328487, 597944338
33937304363643, 985545827
33938290000079, 983856804
33939273951217, 581383896
33939855427604, 577747512
33940433268886, 549337659
33940982702019, 567661694
33941550456175, 548974415
33942099524886, 564525102
33942664150545, 558601693
33943222845019, 547763808
33943770703154, 809859702
33944580653833, 943048202
33945523798627, 600968211
33946124858165, 712622356
33946837572428, 578111803
33947415779156, 580162554
33947996045420, 1023453254
33949019589000, 577084548
33949596763926, 572995319
33950169851037, 541756071
33950711703650, 803684007
33951515475067, 941438073
33952457006336, 615845713
33953072946577, 568040525
33953641080467, 568287179
33954209459162, 576253362
33954785808046, 592630470
33955378534289, 571793733
33955950420586, 1156569101
33957107079980, 552910744
33957660095752, 952651024
33958612838016, 963545832
33959576478297, 553995192
33960130569564, 572883432
33960703548326, 562046340
33961265686084, 570049742
33961835830000, 558756288
33962394680367, 564103232
33962958876484, 586980099
33963545949263, 573224082
33964119266600, 834322072
33964953685409, 958012883
33965911791938, 571403412
33966483286959, 565704485
33967049084048, 565788626
33967614963040, 710590848
33968325647746, 558994408
33968884735306, 552383203
33969437212471, 562325354
33969999630393, 668324274
33970668059126, 789094582
33971457242468, 932006925
33972389339890, 555673088
33972945105557, 547201848
33973492399532, 568255348
33974060747527, 576186004
33974637024516, 571058025
33975208173543, 561386367
33975769653965, 564081509
33976333830762, 575477616
33976909400689, 822004056
33977731494473, 921590872
33978653177456, 565077341
33979218346747, 561345232
33979779782121, 558603425
33980338478663, 581813969
33980920383516, 558536655
33981479018990, 573877421
33982052988307, 546321987
33982599403927, 569118710
33983168613375, 925645017
33984094347399, 914968125
33985009408261, 554683287
33985564185920, 538585186
33986102867731, 564687064
33986667653983, 550680559
33987218429845, 567297099
33987785818431, 564829200
33988350739730, 568947791
33988919779922, 562689829
33989482562309, 932694901
33990415344858, 949161489
33991364597962, 569337938
33991934028835, 583421892
33992517543171, 580282680
33993097917941, 569480172
33993667489503, 561019566
33994228599642, 548945758
33994777636821, 565433244
33995343161079, 570913589
33995914166927, 803991774
33996718250477, 917670642
33997636028778, 574743800
33998210865280, 567450118
33998778408194, 568769379
33999347268542, 555850959
33999903211146, 566838860
34000470142985, 564675384
34001034911143, 564838526
34001599842157, 538883143
34002138816841, 799826480
34002938736077, 914042603
34003852871702, 551047573
34004404025447, 564186055
34004968302858, 560712717
34005529107310, 565183276
34006094383831, 562583931
34006657061437, 559666200
34007216823256, 558841105
34007775764174, 563141873
34008339001538, 824114796
34009163208081, 923583927
34010086883408, 560637255
34010647614099, 548971484
34011196683161, 550395218
34011747174231, 558038258
34012305305161, 547539228
34012852937972, 553706345
34013406738300, 566758105
34013973588927, 566448521
34014540130883, 814576907
34015354794927, 919296401
34016274187694, 566382737
34016840669466, 542356794
34017383126366, 570852199
34017954080600, 558602543
34018512785892, 556553417
34019069455751, 566951363
34019636500744, 550513816
34020187108497, 556780396
34020743983312, 801982307
34021546053544, 929207475
34022475354289, 558729646
34023034185109, 563587794
34023597865875, 553199544
34024151159149, 570670157
34024721922478, 559485830
34025281502124, 565876742
34025847472951, 565913903
34026413481579, 557898433
34026971473532, 798138111
34027769702783, 907272793
34028677068981, 561249853
34029238412445, 561465876
34029799972930, 549961800
34030350029063, 562989723
34030913110674, 565586597
34031478789152, 544756725
34032023637054, 564770796
34032588503407, 569762503
34033158360662, 834293473
34033992744328, 928574570
34034921413359, 555023426
34035476534074, 575566872
34036052196610, 565280474
34036617571657, 566905670
34037184572551, 559177925
34037743843325, 566123594
34038310058244, 550312232
34038860465788, 561907281
34039422465006, 929481950
34040352064847, 921299211
34041273479235, 562580493
34041836153517, 545175045
34042381423184, 558884817
34042940403042, 560173628
34043500668761, 543729796
34044044491948, 539791427
34044584378682, 552143833
34045136613454, 547470293
34045684175530, 819091764
34046503358631, 930639390
34047434091613, 553481877
34047987666927, 566542526
34048554303269, 556886489
34049111280734, 558422904
34049669796971, 562906190
34050232798598, 575934674
34050808851077, 554533309
34051363662545, 567109242
34051930878422, 812872018
34052743825480, 925119038
34053669021711, 563408579
34054232507723, 564201719
34054796783848, 567310855
34055364171643, 559393290
34055923641631, 572007645
34056495724169, 566615352
34057062418183, 571404930
34057633904004, 571820952
34058205801928, 825497258
34059031383774, 924186528
34059955653081, 553480077
34060509209485, 565361060
34061074646636, 552557881
34061627280759, 566365946
34062193723071, 555579932
34062749384073, 568371528
34063317830795, 557165723
34063875072220, 560922419
34064436079889, 837553823
34065273712382, 917368122
34066191157002, 567167549
34066758398641, 575758484
34067334239167, 562359232
34067896674156, 571674100
34068468425049, 560954108
34069029455347, 557460483
34069586997298, 569488743
34070156563090, 563863025
34070720500273, 947085877
34071667665676, 930987898
34072598727871, 566854048
34073165661456, 568938797
34073734674874, 565476038
34074300226382, 564423774
34074864724986, 564395832
34075429202258, 562425750
34075991702005, 561205425
34076552985045, 590124064
34077143191211, 819020050
34077962292341, 937394005
34078899763792, 580098287
34079479938014, 571355066
34080051370785, 581964592
34080633414551, 575109896
34081208601138, 572376212
34081781065906, 573033109
34082354175886, 573946985
34082928233189, 568475688
34083496792065, 829017548
34084325883960, 934028787
34085259990183, 564297333
34085824365164, 558540617
34086382980334, 570823360
34086953878419, 567412242
34087521366991, 567984649
34088089426617, 579566028
34088669075134, 560960834
34089230110526, 581139120
34089811324434, 821102904
34090632501903, 951242840
34091583823340, 582871415
34092166775146, 574460212
34092741321893, 599758387
34093341158167, 592297874
34093933531533, 591248984
34094524854560, 574076941
34095099010650, 593607646
34095692696091, 574359362
34096267155591, 849845740
34097117101930, 965631460
34098082836976, 592686785
34098675671863, 594303185
34099270098457, 586445201
34099856678187, 583061699
34100439808145, 578048568
34101017924059, 568761847
34101586752417, 561944733
34102148762873, 569266534
34102718097584, 840458193
34103558620904, 935197045
34104493886140, 592541598
34105086492835, 577759101
34105664317716, 591574199
34106255961159, 559310975
34106815338081, 583046181
34107398449869, 576499206
34107975016253, 567905138
34108542987393, 558674977
34109101729949, 844875904
34109946672287, 953899079
34110900639666, 578783877
34111479489658, 589861362
34112069418465, 578838660
34112648324179, 571884185
34113220277683, 580219152
34113800568239, 592432501
34114393070094, 586411664
34114979559314, 592843029
34115572474069, 851871470
34116424418378, 960138037
34117384636394, 596145739
34117980849318, 582432868
34118563353162, 592323481
34119155744241, 575219724
34119731031960, 586375185
34120317472808, 562088376
34120879628971, 568450307
34121448145468, 563393689
34122011613717, 848351507
34122860043669, 955244489
34123815357023, 575305698
34124390729645, 588199646
34124978996503, 560136118
34125539201152, 584820724
34126124087966, 579132858
34126703288910, 581018274
34127284372735, 568358152
34127852799078, 597542896
34128450408845, 838757294
34129289233602, 930411825
34130219710097, 571382095
34130791159778, 560260737
34131351486737, 589597373
34131941152214, 570751333
34132511977716, 583278873
34133095322368, 578111001
34133673499121, 583587385
34134257154271, 574875338
34134832099692, 849290284
34135681456807, 973234556
34136654768866, 571862551
34137226703160, 602217745
34137828992458, 592751499
34138421817452, 606587205
34139028477929, 591066272
34139619616915, 598637437
34140218322940, 600287092
34140818689558, 608312579
34141427073180, 847665545
34142274805713, 948856324
34143223742808, 599284316
34143823093988, 591972135
34144415133234, 593058783
34145008261196, 579030018
34145587358488, 586754124
34146174181167, 585354756
34146759606045, 580469885
34147340152071, 582568991
34147922789015, 873307053
34148796163309, 952738545
34149748972587, 584548532
34150333596566, 585655219
34150919317903, 564248887
34151483635204, 574536910
34152058240180, 581976868
34152640285354, 589478973
34153229831472, 594012265
34153823911802, 590545679
34154414525885, 845994938
34155260590547, 948810474
34156209469448, 586100107
34156795639193, 570705702
34157366414680, 600665998
34157967150008, 583433557
34158550652990, 608134044
34159158854531, 596962205
34159755886957, 593816845
34160349772727, 601070479
34160950914455, 850489199
34161801470053, 958852963
34162760389508, 581708396
34163342165360, 589760481
34163931994321, 589783617
34164521845416, 592471080
34165114383594, 588874422
34165703331880, 579189834
34166282594114, 593243529
34166875906344, 602484156
34167478462242, 889449569
34168367982750, 956873690
34169324925257, 595793804
34169920789225, 593401738
34170514262483, 606503176
34171120837123, 591883970
34171712799116, 592203998
34172305070048, 589910682
34172895055836, 595290914
34173490414449, 590709657
34174081195791, 870046236
34174951307761, 946067739
34175897443012, 603300710
34176500813158, 585605587
34177086488976, 580943702
34177667503531, 614876582
34178282450847, 635087483
34178917608085, 632087828
34179549767679, 591736710
34180141575968, 578893401
34180720538614, 868148491
34181588755825, 973388715
34182562324767, 594970992
34183157583317, 607510863
34183765235038, 602961106
34184368245730, 594495659
34184962806471, 580655176
34185543510490, 592033116
34186135594413, 589189087
34186724830228, 586301388
34187311196081, 851754168
34188162997192, 937135990
34189100182828, 592919039
34189693150717, 612814869
34190306012374, 591448851
34190897509572, 595700603
34191493260184, 593465169
34192086773699, 583197592
34192670022273, 594404746
34193264474797, 596421127
34193860945207, 860686119
34194721679543, 956347163
34195678078417, 598238947
34196276366457, 581716838
34196858130401, 595392425
34197453571926, 588989732
34198042614287, 584334581
34198626997802, 604471712
34199231571868, 588869775
34199820518039, 599400291
34200419965132, 869203212
34201289215191, 937735366
34202226999099, 601861460
34202828906856, 583391811
34203412345422, 583831210
34203996222542, 579885423
34204576156563, 568571418
34205144776900, 594262632
34205739085704, 581834602
34206320968762, 584057343
34206905076276, 853719980
34207758856561, 944146124
34208703066442, 593985399
34209297099700, 586819610
34209883967373, 600456095
34210484472664, 586057608
34211070579068, 579343858
34211649970330, 575047836
34212225066167, 573476077
34212798591069, 593384728
34213392041164, 837929115
34214230014222, 943412363
34215173473235, 605575987
34215779095843, 587069030
34216366212086, 587244538
34216953500305, 577056058
34217530603364, 585727384
34218116377912, 596703827
34218713129589, 594730840
34219307911009, 615575557
34219923534415, 862093438
34220785673976, 958839253
34221744560174, 600306596
34222344915165, 589348322
34222934309594, 588388266
34223522743552, 598541102
34224121330573, 606815686
34224728193429, 591675264
34225319915634, 582308401
34225902272380, 593889826
34226496211499, 855312921
34227351569892, 965781131
34228317400209, 597280093
34228914727668, 602961107
34229517736366, 595597733
34230113382198, 585671517
34230699102162, 583677465
34231282829117, 593205252
34231876085240, 591012879
34232467145720, 588032529
34233055226119, 882470171
34233937743001, 952316757
34234890106182, 586771576
34235476927996, 589084209
34236066062233, 597656020
34236663766745, 604128047
34237267944675, 590828911
34237858822238, 617297369
34238476167896, 592833132
34239069051054, 604829318
34239673929650, 880716308
34240554692104, 970264140
34241525005300, 598744680
34242123799619, 611326888
34242735176867, 604063826
34243339289118, 593245496
34243932582779, 593275906
34244525905370, 597946255
34245123897951, 590495315
34245714443017, 631619071
34246346116346, 875266410
34247221429778, 965490752
34248186971170, 600659675
34248787677686, 601365602
34249389091522, 607669316
34249996808638, 600314081
34250597170605, 594580959
34251191798803, 608226495
34251800070897, 618144775
34252418264971, 611483894
34253029799163, 886367362
34253916215056, 959480855
34254875742646, 593362907
34255469151467, 600176338
34256069374664, 597648922
34256667071050, 615020451
34257282139126, 601606610
34257883795910, 611845305
34258495688376, 593998527
34259089734194, 599447916
34259689229273, 882063494
34260571343898, 977922138
34261549314040, 613355347
34262162718580, 609784980
34262772551082, 591743600
34263364343621, 609106257
34263973498141, 604140114
34264577687895, 598383266
34265176119195, 602783373
34265778951767, 599054485
34266378075269, 1043467108
34267421634493, 971617835
34268393356205, 605320909
34268998719958, 613510249
34269612269425, 594495092
34270206805834, 617780803
34270824626707, 614098053
34271438764567, 640205775
34272079010861, 611250762
34272690301153, 612450451
34273302790877, 885590161
34274188419306, 989756514
34275178213825, 616113555
34275794370090, 624620599
34276419033385, 603904529
34277022979272, 601135107
34277624156788, 602434975
34278226632497, 594188035
34278820860861, 631788779
34279452689258, 617923275
34280070652051, 896617609
34280967313875, 961794751
34281929150281, 616346467
34282545538683, 603819520
34283149399080, 616640113
34283766080720, 620984963
34284387105367, 601385915
34284988533141, 601866413
34285590440489, 610778917
34286201260264, 611770742
34286813068502, 873363058
34287686470877, 977592552
34288664100923, 618916226
34289283056243, 623084717
34289906181709, 617111492
34290523333210, 613139814
34291136512889, 599337690
34291735891709, 622550244
34292358481324, 609947599
34292968469036, 611790297
34293580299415, 913399859
34294493736672, 962758972
34295456537067, 624275870
34296080854157, 610100500
34296690995576, 614685640
34297305720718, 625232832
34297930991758, 612009178
34298543042785, 627166011
34299170249796, 618755809
34299789047153, 621055185
34300410143465, 899013304
34301309193667, 976928021
34302286163115, 620824849
34302907029191, 617115159
34303524184832, 625613086
34304149840250, 617480661
34304767363476, 614470747
34305381874743, 600992466
34305982907126, 603637165
34306586585251, 617341320
34307203966763, 912518163
34308116522608, 947437602
34309064014040, 624946180
34309689002399, 616847259
34310305891338, 618706104
34310924642573, 601162400
34311525845328, 617320031
34312143205525, 610742795
34312753987828, 610813434
34313364841534, 609339742
34313974223286, 907986722
34314882250455, 967774889
34315850065691, 619986165
34316470095168, 625274634
34317095411540, 622653546
34317718108179, 620501543
34318338649923, 612567181
34318951259627, 616221238
34319567522258, 616583417
34320184148730, 610877935
34320795067580, 912150318
34321707258728, 968279682
34322675578043, 611503313
34323287123001, 621578072
34323908742187, 616928862
34324525712898, 611657350
34325137410998, 629916163
34325767368447, 606402420
34326373814072, 623337313
34326997193530, 610945398
34327608181679, 924539846
34328532761699, 983544969
34329516349105, 632679752
34330149072284, 615684065
34330764802591, 624316111
34331389161099, 633279698
34332022482735, 629426162
34332651949756, 633204239
34333285194974, 615470706
34333900706417, 607787901
34334508534524, 934514064
34335443086799, 975834691
34336418961120, 612642665
34337031643791, 609609183
34337641292279, 604561956
34338245896463, 610916767
34338856852783, 621831700
34339478725258, 620488091
34340099252971, 632402676
34340731695786, 604651028
34341336388591, 909377932
34342245806815, 960987511
34343206834619, 610589578
34343817467021, 611968556
34344429477173, 618282440
34345047797921, 610253097
34345658094030, 623950242
34346282084442, 609188591
34346891312704, 623361554
34347514713969, 621359988
34348136117178, 899982588
34349036164231, 965239785
34350001456656, 612692619
34350614201398, 636332665
34351250575476, 616712966
34351867329098, 617298313
34352484670140, 628124407
34353112833447, 618117369
34353730994300, 634488296
34354365525480, 617110411
34354982675891, 914174321
34355896887760, 982133621
34356879061577, 628845050
34357507948741, 628969500
34358136962946, 638439866
34358775444505, 628985625
34359404472603, 624426769
34360028939908, 631024155
34360660016340, 614095522
34361274153849, 636041301
34361910236767, 926902992
34362837179334, 981756878
34363818974810, 619529225
34364438544340, 633448723
34365072049148, 625244267
34365697334840, 634433657
34366331808648, 631349996
34366963198664, 633604631
34367596844707, 633699212
34368230585114, 624798956
34368855425100, 911586116
34369767048817, 993631314
34370760721547, 647604123
34371408369476, 626303384
34372034713613, 636139947
34372670894675, 625354996
34373296290372, 635430259
34373931764548, 650983271
34374582787846, 625563728
34375208392575, 610439792
34375818871829, 899437427
34376718348570, 980080428
34377698468275, 633808391
34378332316217, 628388921
34378960744690, 624026612
34379584812499, 625346449
34380210200759, 636198574
34380846439703, 613382226
34381459862930, 629322506
34382089228250, 623592166
34382712859697, 918986440
34383631887918, 964215840
34384596144269, 639621037
34385235807081, 626208636
34385862056417, 626719125
34386488816885, 657164645
34387146022929, 640638613
34387786703389, 651690850
34388438432441, 623250984
34389061725696, 618638839
34389680405636, 940923887
34390621364876, 988265568
34391609672735, 631540689
34392241252241, 614314675
34392855605739, 633625004
34393489269855, 626679622
34394115989800, 634083657
34394750114487, 639204556
34395389360203, 625804892
34396015204731, 624309440
34396639554571, 908438417
34397548040202, 981478275
34398529560259, 628369602
34399157970353, 634001885
34399792030770, 629299979
34400421370774, 634931079
34401056341497, 624651490
34401681033375, 620687241
34402301759365, 641156550
34402942955325, 627182437
34403570177674, 921416564
34404491632021, 971003673
34405462674614, 632080766
34406094794054, 612903517
34406707736948, 628422585
34407336200646, 632105470
34407968346206, 625278947
34408593662993, 635150996
34409228851791, 629201656
34409858092465, 616921187
34410475053706, 932498579
34411407589297, 966457776
34412374086335, 626556570
34413000682617, 628998982
34413629731780, 631342654
34414261115593, 644799163
34414905954680, 628833340
34415534828926, 630723031
34416165594382, 634430936
34416800066463, 663120765
34417463229434, 936276417
34418399545093, 990268349
34419389855224, 616938745
34420006835941, 641110130
34420648052539, 624765266
34421272858279, 629888714
34421902788107, 642554735
34422545383131, 613503483
34423158927579, 617179593
34423776148449, 610521097
34424386711090, 948345978
34425335093684, 982952725
34426318085152, 639538909
34426957665945, 629516034
34427587221492, 628119247
34428215381161, 642580974
34428858001600, 628812572
34429486857085, 644364304
34430131264758, 643650876
34430774956679, 638449652
34431413447674, 952279754
34432365764713, 974815454
34433340619720, 628466016
34433969125464, 635068896
34434604233138, 651629492
34435255903946, 621386050
34435877333696, 638249491
34436515622957, 652866180
34437168528611, 618366139
34437786934338, 647183325
34438434157628, 949168970
34439383361657, 1006988627
34440390390118, 632546312
34441022976492, 657012592
34441680041861, 652436772
34442332519560, 641975530
34442974535995, 651435819
34443626012885, 638294151
34444264347148, 661996319
34444926385556, 637080396
34445563506653, 943977288
34446507522760, 969287320
34447476851441, 634759726
34448111651468, 641817618
34448753508546, 647180816
34449400730189, 645362313
34450046132422, 640816191
34450686988259, 633891419
34451320918465, 653106903
34451974068095, 635875601
34452609984394, 955987991
34453566025127, 995569345
34454561636092, 660844828
34455222521979, 671392148
34455893954290, 650364273
34456544357696, 645048940
34457189449608, 645528636
34457835019697, 669460254
34458504519713, 638130147
34459142693666, 657811998
34459800547466, 978102914
34460778688768, 1006799115
34461785528503, 649982924
34462435552150, 642415449
34463078007211, 655366426
34463733414944, 650649896
34464384105532, 629577504
34465013722511, 660998514
34465674762339, 639929063
34466314733252, 662002301
34466976776424, 948091871
34467924905255, 993579607
34468918526672, 649862146
34469568429106, 653769593
34470222238985, 647271344
34470869552158, 654506999
34471524101759, 672917241
34472197060618, 646962609
34472844064226, 654219486
34473498326985, 652526886
34474150896334, 963525570
34475114462121, 1029973692
34476144477255, 658445706
34476802965529, 656778182
34477459787759, 665032346
34478124864858, 662875918
34478787783654, 656843313
34479444670134, 670013327
34480114730485, 679191563
34480793968445, 650418035
34481444429749, 969959146
34482414428188, 986346611
34483400816178, 654040517
34484054897211, 660287584
34484715227146, 647895058
34485363164138, 682751877
34486045956970, 653445372
34486699443694, 641856509
34487341343015, 667617791
34488009002032, 638077148
34488647119870, 957898271
34489605056877, 1008726574
34490613823480, 664438437
34491278303560, 646331045
34491924674491, 668603761
34492593318800, 637627437
34493230986662, 633745902
34493864772526, 649948952
34494514763177, 649796246
34495164600748, 657547787
34495822189228, 979115584
34496801342821, 1002497303
34497803880970, 644528582
34498448449455, 624445472
34499072938835, 645044407
34499718023931, 669184871
34500387249185, 650714025
34501038003849, 660112510
34501698154752, 656321684
34502354514948, 659770130
34503014328078, 975235117
34503989603989, 1012581085
34505002226159, 647317914
34505649586922, 666192041
34506315819712, 663779349
34506979639661, 657531359
34507637213672, 658323300
34508295578576, 650796604
34508946414561, 647341271
34509593796125, 673836567
34510267674164, 965264792
34511232977354, 1003692540
34512236710185, 651144840
34512887895512, 652164219
34513540098839, 660904971
34514201044116, 652371611
34514853458372, 667034367
34515520532522, 679361224
34516199933407, 647397982
34516847373069, 650447626
34517497865244, 966019646
-------------
--------->>>>0<<<<---------