---inserts---
28846231142466, 2843705166130
31689948106080, 2053872080
31692002779081, 3494062135
31695498706202, 3299090372
31698797908863, 2719643994
31701517665566, 2640438786
31704158215222, 1703122775
31705861450535, 851649562
31706713213607, 1498428126
31708211752411, 2933646969
31711145507458, 2677476940
31713823097090, 1373536055
31715196769778, 1488642459
31716685528973, 1741404413
31718427039719, 1595297140
31720022445064, 853473242
31720876042143, 1052438282
31721928591000, 749878999
31722678580684, 1608529800
31724287217805, 962488559
31725249804694, 2556496032
31727806420893, 730913379
31728537443746, 809570718
31729347125101, 1375643831
31730722872160, 852906345
31731575901025, 653771004
31732229833994, 1073714966
31733303647389, 820743814
31734124490270, 962967521
31735087554780, 1077847715
31736165494428, 1130711036
31737296303467, 652514423
31737948918740, 804392756
31738753406978, 1069160101
31739822670719, 701212000
31740523978566, 725630995
31741249729536, 670129501
31741919970921, 691250058
31742611342768, 659337964
31743270805093, 930110885
31744201000499, 1083695291
31745284784526, 629596616
31745914473928, 606549888
31746521116557, 599721936
31747120933020, 622382836
31747743408568, 584878836
31748328380620, 620200654
31748948672387, 598730244
31749547493729, 619046416
31750166629632, 906336476
31751073069170, 1034856040
31752108026816, 637926460
31752746045771, 700004458
31753446143689, 769841377
31754216089366, 608618036
31754824795648, 623534589
31755448422420, 599607196
31756048120879, 588026679
31756636243481, 666602578
31757302938475, 1051682596
31758354707145, 1048967199
31759403769848, 630430974
31760034290891, 617604989
31760651987322, 619010503
31761271093550, 636219860
31761907409022, 617772171
31762525276885, 575384535
31763100760871, 587054060
31763687910797, 589466893
31764277471751, 942642152
31765220201380, 1005060922
31766225353660, 601138827
31766826585448, 616700077
31767443376624, 592399705
31768035866649, 605000233
31768640959001, 610736826
31769251789721, 600878845
31769852763118, 656432778
31770509289060, 588531031
31771097916167, 929327199
31772027330398, 956724749
31772984145519, 573829020
31773558071766, 616079505
31774174245397, 598105448
31774772444305, 593476936
31775366015584, 607827546
31775973935001, 586972591
31776561000729, 586236684
31777147329372, 615917391
31777763339367, 941612226
31778705038540, 1009828944
31779714961036, 579529364
31780294583450, 575648882
31780870322764, 590264840
31781460683059, 581842073
31782042620771, 586383500
31782629320706, 556547970
31783185968517, 567747618
31783753810492, 591261841
31784345168129, 997698870
31785342957021, 991143068
31786334194776, 578214196
31786912511278, 596025410
31787508632023, 586321385
31788095046803, 591346507
31788686488499, 599612452
31789286198121, 564987735
31789851280400, 568893263
31790420266938, 603805352
31791024187536, 932604771
31791956943090, 962697917
31792919743017, 574834035
31793494678153, 609378943
31794104157855, 582297544
31794686555543, 591233814
31795277916368, 597996006
31795876021923, 574694953
31796450811118, 645782650
31797096690779, 588444631
31797685233679, 1000776646
31798686098675, 968154275
31799654363325, 583833189
31800238294437, 558630481
31800797026460, 579313911
31801376437546, 569985357
31801946528071, 583920966
31802530548419, 614307526
31803144967359, 598654846
31803743733611, 585538265
31804329369352, 983677300
31805313137158, 954458504
31806267691734, 567695815
31806835480784, 605638666
31807441212755, 589019028
31808030324436, 566189108
31808596608556, 555325939
31809152041749, 554716203
31809706856483, 561171304
31810268121459, 551272690
31810819492882, 813825586
31811633409269, 972247600
31812605752910, 581605538
31813187453116, 576202687
31813763748665, 583507265
31814347360026, 558216797
31814905668344, 584866805
31815490630542, 582126021
31816072849000, 554321081
31816627269472, 557520913
31817184886430, 814348800
31817999322286, 932241821
31818931657661, 578627031
31819510378891, 579582463
31820090061690, 594936569
31820685093231, 573467831
31821258655258, 570550472
31821829299292, 562761040
31822392157953, 543713797
31822935970594, 593096273
31823529168210, 859199446
31824388456721, 976267639
31825364821103, 578592183
31825943514384, 581938414
31826525549145, 569617852
31827095262505, 581900947
31827677259881, 600836561
31828278193257, 581971451
31828860259943, 643726381
31829504096988, 581567438
31830085761072, 949776925
31831035626531, 961429753
31831997151578, 560464183
31832557712918, 567197894
31833125004838, 572454814
31833697557082, 557100123
31834254752234, 550724656
31834805572391, 571187216
31835376856016, 545904230
31835922857926, 575371964
31836498327692, 821426690
31837319844226, 961246462
31838281187342, 557167380
31838838451732, 569885731
31839408433491, 581689795
31839990218890, 554229854
31840544545819, 552666279
31841097308647, 563503406
31841660907673, 562074231
31842223078080, 557916899
31842781091670, 818269842
31843599457732, 939147874
31844538705077, 581207335
31845120025376, 556006462
31845676132866, 583990624
31846260220347, 566049044
31846826367100, 550843232
31847377309314, 573933815
31847951336656, 567559605
31848518994660, 576775682
31849095867540, 815528794
31849911485879, 932961107
31850844540379, 564564800
31851409205520, 555753709
31851965056795, 551240324
31852516398621, 573105414
31853089598718, 551739507
31853641434352, 563702059
31854205236777, 590879322
31854796217410, 562613701
31855358928191, 813667941
31856172690923, 923734490
31857096526484, 574662120
31857671285549, 576453838
31858247840591, 564417721
31858812355591, 569872086
31859382322780, 572861078
31859955282410, 566430424
31860521811008, 551539102
31861073448786, 572271604
31861645813828, 821880420
31862467785971, 944443423
31863412327259, 568553348
31863980984420, 575028768
31864556110207, 560621380
31865116832636, 560017361
31865676945399, 585364193
31866262405166, 577671319
31866840176158, 551384927
31867391659164, 561987477
31867953743564, 817970198
31868771811856, 931173478
31869703084687, 573304684
31870276487745, 567675844
31870844260050, 562756334
31871407113864, 550367023
31871957579409, 558701281
31872516376643, 563762557
31873080237526, 561444953
31873641778600, 553569854
31874195444986, 829312094
31875024851536, 927827524
31875952782690, 574169707
31876527051976, 559891805
31877087044875, 548885174
31877636041507, 560142009
31878196281515, 557219518
31878753598786, 560179275
31879313876096, 553517166
31879867492239, 560525359
31880428117450, 817905111
31881246116455, 915947722
31882162166658, 558282279
31882720549065, 547040543
31883267691046, 561141071
31883828935136, 559258468
31884388300708, 556576084
31884945116478, 579319117
31885524551401, 561998989
31886086647110, 566245584
31886652988972, 814615890
31887467697596, 925326250
31888393123281, 558247260
31888951467977, 557892049
31889509453311, 567367151
31890076915619, 561354213
31890638368314, 560453645
31891198920369, 569011467
31891768041454, 570952274
31892339092336, 546200626
31892885393053, 803805779
31893689292431, 913991304
31894603401258, 566318486
31895169817896, 566548730
31895736462285, 565710701
31896302271724, 556060509
31896858429278, 564677069
31897423203130, 564333931
31897987632542, 575064543
31898562795681, 560914262
31899123812496, 935495043
31900059401886, 928553932
31900988065192, 608287418
31901596449975, 553156192
31902149701495, 558972312
31902708772472, 560251911
31903269117665, 565242438
31903834457357, 559531178
31904394083475, 562741508
31904956921393, 561808171
31905518827612, 946695944
31906465629538, 934707709
31907400453463, 565720324
31907966267343, 565817484
31908532182909, 570442090
31909102720587, 544528943
31909647346991, 570303309
31910217745147, 568054023
31910785893783, 550076257
31911336076642, 562563982
31911898736323, 809442518
31912708271308, 928681942
31913637050187, 564737946
31914201882983, 564007929
31914765990215, 568183523
31915334270012, 578218414
31915912587109, 575937432
31916488621603, 574787944
31917063532602, 569356495
31917633158131, 554020689
31918187291634, 820920545
31919008289467, 935047765
31919943417371, 585457658
31920528953735, 564994385
31921094029606, 566930968
31921661040162, 562131480
31922223250889, 578627353
31922801962909, 563370254
31923365414158, 576184123
31923941678446, 558187272
31924499944158, 833794577
31925333819322, 940983145
31926274883056, 564195506
31926839161726, 562150514
31927401392629, 565457102
31927966929654, 571399717
31928538410681, 577230391
31929115722084, 565932964
31929681736599, 578958360
31930260776133, 564455462
31930825313766, 812613296
31931638006447, 928640391
31932566727959, 563431559
31933130241592, 571492630
31933701818802, 586329544
31934288229704, 565796976
31934854106193, 570557654
31935424744434, 571950979
31935996775537, 560987220
31936557842582, 544834365
31937102758540, 813949164
31937916786760, 940644839
31938857515451, 572131218
31939429727776, 574717191
31940004524965, 563739004
31940568346382, 571810764
31941140240371, 574392026
31941714715220, 572389659
31942287186341, 570944461
31942858213764, 554572448
31943412866843, 833186688
31944246129436, 922337297
31945168548093, 562136440
31945730774023, 579368025
31946310222147, 552303801
31946862613148, 587914582
31947450606305, 582145276
31948032837164, 562384904
31948595301607, 566220507
31949161602828, 581021578
31949742704348, 824432541
31950567212485, 932353932
31951499648540, 564376209
31952064103946, 575751981
31952639933048, 566811057
31953206826065, 576598222
31953783504742, 569567172
31954353151691, 566578995
31954919810666, 548881494
31955468769894, 558516551
31956027366793, 816796641
31956844245590, 948024191
31957792350604, 573779902
31958366209845, 565028914
31958931318339, 575160842
31959506560919, 558562164
31960065201234, 573107066
31960638389751, 574753720
31961213221139, 559945219
31961773249655, 567980343
31962341336388, 827457514
31963168905476, 921416730
31964090425224, 571876257
31964662436768, 560218346
31965222775111, 578652499
31965801561091, 570791844
31966372461036, 582798336
31966955332392, 582718791
31967538116762, 580840673
31968119022893, 566632142
31968685717740, 839779629
31969525558994, 932944155
31970458567651, 569463401
31971028094917, 578445224
31971606601737, 565536542
31972172199907, 574426741
31972746691854, 577451584
31973324209607, 572573010
31973896846380, 561999295
31974458908409, 586464096
31975045435571, 841134462
31975886631452, 938685098
31976825376023, 573545735
31977398985383, 585135657
31977984183906, 559029667
31978543277253, 581607438
31979124950735, 571191028
31979696205543, 555073225
31980251340458, 585937870
31980837345452, 568995032
31981406405597, 833325090
31982239791433, 946211620
31983186066266, 579128630
31983765257434, 571958130
31984337279527, 590324017
31984927666329, 562001476
31985489731117, 586495259
31986076288898, 556662144
31986633013083, 580480148
31987213557551, 565852190
31987779471533, 979002546
31988758543446, 938362153
31989696969487, 572928262
31990269961207, 580774962
31990850799465, 566823859
31991417685862, 584421293
31992002170855, 577892186
31992580127951, 589403550
31993169595908, 575720400
31993745380659, 579213260
31994324656609, 858105723
31995182825885, 948034266
31996130925039, 587314295
31996718304122, 576612886
31997294980073, 589921106
31997884963472, 568054681
31998453085551, 576687096
31999029834998, 568179296
31999598077289, 582403893
32000180541371, 558713020
32000739316865, 842806551
32001582183955, 927957703
32002510203926, 577758157
32003088036187, 578287371
32003666389054, 573462152
32004239917074, 584771573
32004824753470, 570878454
32005395696262, 573689098
32005969451912, 573960731
32006543477335, 594270496
32007137813218, 848715311
32007986587526, 932070993
32008918720167, 577618756
32009496400391, 575397902
32010071860500, 588619157
32010660543804, 573166724
32011233774783, 589399234
32011823237758, 580725709
32012404037424, 570816509
32012974918257, 566279188
32013541259316, 841248765
32014382567466, 921566894
32015304196818, 578931995
32015883188897, 584531208
32016467781285, 569368919
32017037211350, 583009152
32017620282306, 563403755
32018183748803, 576716197
32018760529226, 581521070
32019342112249, 583063537
32019925237048, 837113621
32020762410888, 922852045
32021685325884, 563770820
32022249158681, 572288812
32022821507162, 564956202
32023386525828, 579762664
32023966351509, 579426917
32024545841854, 579628496
32025125531918, 577905482
32025703500877, 573121374
32026276684250, 851606719
32027128349081, 935285729
32028063698170, 588280961
32028652057397, 574190964
32029226310072, 582061818
32029808433502, 582738934
32030391234457, 584102580
32030975400032, 575674073
32031551138012, 585172881
32032136372133, 575270491
32032711705080, 979416772
32033691179988, 928352253
32034619592605, 570790724
32035190444124, 593657105
32035784162904, 594547698
32036378773558, 588439706
32036967280487, 584015029
32037551360089, 596906004
32038148328868, 574212216
32038722604305, 588313555
32039310980056, 847835637
32040158878633, 919265408
32041078206496, 584566464
32041662834566, 589811042
32042252708530, 573116310
32042825887196, 577081759
32043403051271, 585019780
32043988133938, 592694171
32044580909726, 593722153
32045174695447, 592859792
32045767616441, 854588485
32046622278355, 931524333
32047554023897, 599381998
32048153628346, 568638948
32048722383949, 578503042
32049300959916, 589417505
32049890422690, 579279054
32050469747642, 587696021
32051057490020, 588766152
32051646303057, 602606267
32052248956799, 855785076
32053104788310, 938714586
32054043549990, 603133315
32054646732625, 596696297
32055243478210, 586894811
32055830426478, 599453324
32056429926789, 586403474
32057016378108, 582419843
32057598844516, 578312500
32058177204485, 600752150
32058778001584, 838141762
32059616190313, 937519498
32060553757362, 592991309
32061146795471, 593201766
32061740055745, 587722043
32062327824954, 598556891
32062926428782, 613300993
32063539776487, 591089977
32064130955141, 570000944
32064701021721, 577997454
32065279066240, 864712816
32066143824885, 941554228
32067085426842, 600878741
32067686352951, 581837141
32068268236161, 594918264
32068863202131, 601051244
32069464304500, 583756194
32070048106985, 607657556
32070655810391, 585827798
32071241684174, 602817459
32071844548517, 852041593
32072696654521, 949477994
32073646191774, 607947038
32074254185240, 595831500
32074850063307, 597648976
32075447759725, 578408900
32076026215990, 588942822
32076615204688, 600649873
32077215900957, 586219700
32077802166503, 601080605
32078403293233, 888403262
32079291743486, 955712362
32080247502716, 604296148
32080851845295, 597583042
32081449478903, 586843373
32082036371048, 592224466
32082628640540, 595185508
32083223872707, 599638573
32083823557752, 586063751
32084409671584, 597193929
32085006913636, 868688267
32085875648777, 946079641
32086821774435, 595931132
32087417752743, 600857369
32088018655084, 606348119
32088625049237, 594935548
32089220045925, 609273638
32089829364141, 594458331
32090423869272, 578423982
32091002338462, 582733411
32091585117981, 857581547
32092442743735, 963782562
32093406573000, 599610563
32094006229581, 599971059
32094606253138, 592633149
32095198939480, 609958674
32095808947115, 601994557
32096410989583, 592063362
32097003100269, 603788362
32097606936700, 594505864
32098201491296, 994076926
32099195617262, 974825012
32100170489165, 584285109
32100754823521, 586919680
32101341792061, 609869680
32101951709167, 590362555
32102542121111, 603792068
32103145962508, 596814772
32103742825335, 602320503
32104345195476, 615997393
32104961240722, 891951945
32105853239139, 963906311
32106817196199, 597918287
32107415162706, 593269016
32108008479422, 612814093
32108621342654, 608761986
32109230153723, 595938440
32109826143478, 602217516
32110428408867, 596845046
32111025302783, 601331218
32111626682418, 874858218
32112501587638, 940694505
32113442328791, 602726747
32114045110150, 602007675
32114647166741, 611857222
32115259073585, 612341351
32115871464311, 601194076
32116472708817, 628706050
32117101463840, 628599789
32117730113425, 611495957
32118341663350, 887836145
32119229547751, 952075378
32120181673664, 610416917
32120792139304, 605542617
32121397729791, 606518369
32122004297219, 612944157
32122617289668, 607465087
32123224803162, 590019707
32123814871720, 601253420
32124416172020, 608230768
32125024451559, 871410498
32125895909842, 965062070
32126861020382, 602670368
32127463739146, 610497176
32128074286801, 598600284
32128672935537, 598064436
32129271047868, 600750697
32129871845006, 589279983
32130461176758, 598464241
32131059688264, 600064974
32131659815572, 876565473
32132536475260, 948331341
32133484892759, 591707756
32134076641726, 609630012
32134686312568, 607295869
32135293649231, 597289449
32135890978753, 603678143
32136494701731, 592365835
32137087107930, 594223491
32137681371635, 611276991
32138292690878, 880061572
32139172792054, 976970160
32140149802837, 601592882
32140751436294, 620169797
32141371648836, 591742912
32141963434508, 613805903
32142577280583, 608879355
32143186202350, 610056838
32143796300274, 613568732
32144409911779, 604250386
32145014204413, 900168417
32145914415508, 964016693
32146878474865, 604479921
32147482998142, 601533759
32148084572561, 610504632
32148695119624, 590495260
32149285654337, 612042878
32149897738846, 592251194
32150490030310, 612025420
32151102098827, 603283728
32151705425119, 890807782
32152596272001, 941098762
32153537411458, 611643959
32154149096035, 609391811
32154758528424, 605862567
32155364433748, 610261795
32155974737489, 589336553
32156564114700, 620303972
32157184463660, 605286782
32157789794502, 601894198
32158391730584, 897613635
32159289385120, 965216262
32160254642718, 615567419
32160870254620, 622372680
32161492668788, 599448147
32162092157913, 622696328
32162714896314, 618889851
32163333827583, 615314622
32163949185387, 611418164
32164560647172, 610337517
32165171026763, 934050892
32166105124134, 968762549
32167073926982, 618744826
32167692711817, 615784366
32168308541155, 614178175
32168922759303, 604190168
32169526988500, 629808404
32170156836273, 611870273
32170768745436, 627318756
32171396104063, 630544434
32172026688585, 890944510
32172917671340, 993351958
32173911062435, 618477077
32174529580693, 617770753
32175147391446, 609624160
32175757057653, 607299627
32176364396535, 622355501
32176986791469, 613508626
32177600337732, 616449977
32178216827232, 606397419
32178823263142, 912566533
32179735867924, 957673094
32180693584515, 618173667
32181311798743, 612690488
32181924528045, 623140044
32182547709122, 604568300
32183152319402, 616247973
32183768607674, 622629220
32184391276225, 611518724
32185002835222, 616515008
32185619388866, 875033085
32186494460107, 966034625
32187460534641, 595840543
32188056414179, 613102929
32188669556676, 620787760
32189290383528, 601550288
32189891973448, 607895010
32190499908625, 610172599
32191110119744, 620502263
32191730660219, 615282647
32192345982902, 903746757
32193249766881, 945072142
32194194879044, 610229153
32194805149815, 618315868
32195423505364, 607187276
32196030732237, 618413428
32196649185171, 595545665
32197244771392, 617551152
32197862362593, 613885709
32198476286996, 606398903
32199082726167, 901631878
32199984396578, 958281448
32200942718327, 606101552
32201548860058, 605805928
32202154707564, 615635682
32202770382018, 614014389
32203384436724, 612193013
32203996669937, 627087770
32204623797726, 610841906
32205234679354, 605753251
32205840474744, 889909862
32206730423059, 965776464
32207696237765, 609148947
32208305426916, 622125367
32208927593472, 614726041
32209542358281, 641930842
32210184329233, 638784336
32210823152703, 615878757
32211439072593, 623117729
32212062229006, 621799176
32212684069356, 902559703
32213586667415, 969224647
32214555930694, 623813993
32215179785333, 612707770
32215792531815, 628677366
32216421249226, 632752942
32217054042456, 619253592
32217673347753, 621236821
32218294635662, 600683168
32218895360103, 620959087
32219516361282, 899819510
32220416219025, 979351330
32221395614224, 616778841
32222012434346, 627564467
32222640062352, 616182338
32223256285699, 607420305
32223863746002, 626880621
32224490670040, 621303791
32225112037689, 614583345
32225726661119, 614916617
32226341618576, 901962740
32227243619228, 941606312
32228185266631, 623450932
32228808759095, 623712092
32229432511117, 616089504
32230048641982, 625175589
32230673856870, 613266524
32231287163056, 644587582
32231931790422, 601226492
32232533056715, 641935662
32233175032976, 1022530993
32234197602121, 1019816640
32235217458590, 647868570
32235865367582, 615735700
32236481146031, 630250948
32237111438317, 608200846
32237719679969, 626144889
32238345864936, 628865860
32238974772765, 639153740
32239613967874, 641099669
32240255107341, 937233818
32241192388328, 963737339
32242156167762, 618724076
32242774931751, 619096358
32243394069834, 625756084
32244019865902, 640579819
32244660485724, 628090962
32245288618357, 626312412
32245914971044, 628874029
32246543954538, 633457516
32247177458332, 930999468
32248108500593, 999031833
32249107578290, 633855803
32249741478803, 636657015
32250378182397, 627572445
32251005797715, 644987185
32251650828986, 638719705
32252289591729, 631166111
32252920800458, 649764025
32253570603456, 632974016
32254203618205, 915069852
32255118727500, 991546248
32256110315019, 638185954
32256748542626, 620255642
32257368839719, 639417041
32258008297505, 621784303
32258630121998, 644649252
32259274812449, 672750361
32259947603118, 636431701
32260584075461, 633345178
32261217461946, 923541292
32262141040677, 998941859
32263140035724, 632151005
32263772229714, 631526687
32264403801970, 643739684
32265047581270, 630700012
32265678320702, 621358062
32266299720027, 637265645
32266937026789, 638053881
32267575123248, 633248924
32268208412463, 923343896
32269131796600, 989786696
32270121623680, 635397250
32270757063692, 647423048
32271404528077, 660356181
32272064925353, 633642590
32272698607396, 641936298
32273340583215, 646356850
32273986981193, 645008698
32274632046122, 647993638
32275280080802, 919587201
32276199707571, 986897331
32277186660934, 635915766
32277822617591, 653997544
32278476654606, 619815119
32279096511253, 631384695
32279727936965, 652814190
32280380791812, 625222831
32281006057718, 651912157
32281658009627, 646129024
32282304177484, 958409844
32283262625531, 975538506
32284238203810, 653913522
32284892156196, 631827097
32285524036057, 645162679
32286169237570, 652155583
32286821431123, 644512825
32287465983076, 649220186
32288115242589, 653695614
32288768977897, 635879965
32289404897265, 944800476
32290349736632, 993953319
32291343728976, 662759735
32292006529366, 631889609
32292638459801, 651412204
32293289911544, 634726367
32293924678585, 627533835
32294552254686, 651814618
32295204109658, 641480347
32295845633167, 637987499
32296483661259, 956413600
32297440112129, 989210084
32298429362154, 640934793
32299070337138, 639487834
32299709866855, 643556369
32300353462559, 645484938
32300998987642, 635921291
32301634948022, 639310202
32302274297991, 638814381
32302913151982, 632306761
32303545497297, 964214334
32304509749612, 996729229
32305506518713, 645955026
32306152512946, 649079013
32306801632878, 641720569
32307443393649, 634524946
32308077958281, 636993172
32308714991376, 640137806
32309355168651, 646169358
32310001378272, 652962379
32310654381730, 945010229
32311599432175, 998982478
32312598459524, 644871803
32313243373785, 639282958
32313882697676, 645744489
32314528483797, 648527301
32315177052992, 646118294
32315823211837, 638862556
32316462114043, 644255052
32317106409086, 644165111
32317750616987, 953308946
32318703981268, 997174508
32319701194143, 640430579
32320341664619, 662672595
32321004376761, 665125186
32321669542448, 643012551
32322312593069, 650700193
32322963333599, 643021404
32323606395454, 644997005
32324251433993, 635252589
32324886731465, 953619367
32325840390584, 975008786
32326815439978, 657920971
32327473402154, 650801257
32328124245979, 636087155
32328760373495, 648007054
32329408420219, 642779096
32330051241438, 625855639
32330677136277, 649000757
32331326177300, 639021494
32331965237811, 940008747
32332905284862, 998780539
32333904104408, 643689310
32334547834013, 636192820
32335184066178, 638676114
32335822784036, 654594653
32336477417590, 645034613
32337122491848, 631046865
32337753578954, 632640922
32338386259167, 641857691
32339028156187, 953352818
32339981546307, 994840604
32340976426964, 660092718
32341636560518, 633716700
32342270316549, 633042106
32342903398123, 641998146
32343545436259, 639023213
32344184499068, 649986104
32344834524636, 651886440
32345486451192, 638642263
32346125133239, 954535728
32347079713102, 993434743
32348073188186, 649972675
32348723202350, 638213777
32349361457056, 668452180
32350029949773, 656585113
32350686574385, 649794789
32351336409647, 642067449
32351978519777, 644499836
32352623059265, 652759721
32353275861195, 974141294
32354250040610, 1018775845
32355268856250, 662244875
32355931141403, 659328345
32356590511437, 661085627
32357251636382, 648938422
32357900615088, 642698720
32358543354733, 658899843
32359202294370, 650542473
32359852877479, 636902288
32360489822293, 972754657
32361462616594, 1015573063
32362478230938, 637564446
32363115836423, 660434418
32363776313577, 655901067
32364432256598, 632361581
32365064660313, 656301413
32365721002717, 673804604
32366394848730, 644408987
32367039298551, 634096192
32367673435048, 974303107
32368647778076, 1009538251
32369657357245, 662938108
32370320337042, 648322581
32370968701917, 664885255
32371633628105, 660457081
32372294126894, 668183447
32372962350622, 651904768
32373614296899, 657345895
32374271684141, 651011573
32374922736475, 977832382
32375900606942, 1006984100
32376907630918, 662211618
32377569883718, 642696879
32378212619984, 660857398
32378873522123, 649049362
32379522611247, 631898428
32380154548270, 662280878
32380816868573, 646418740
32381463326901, 632515127
32382095881773, 961139132
-------------
--------->>>>0<<<<---------