---inserts---
9107031110861, 716367003051
9823409572078, 3662080363
9827071779788, 2791160079
9829863078433, 3488369913
9833351557560, 2708804070
9836060481428, 1938227370
9837998822693, 1042134739
9839041065453, 1746679279
9840787849538, 1636171867
9842424133560, 2092765044
9844517000619, 3588655937
9848105770433, 1763332755
9849869240497, 890602622
9850759955498, 962314957
9851722371139, 863145627
9852585617216, 1680956048
9854266675365, 971188366
9855237974803, 1371060231
9856609148186, 1212001275
9857821261515, 1256042231
9859077406021, 1705351055
9860782866529, 1203563182
9861986537205, 844205524
9862830855485, 850377340
9863681344184, 1284213090
9864965669230, 837622914
9865803408675, 868420381
9866671934312, 688153652
9867360198500, 705525793
9868065831448, 1024583294
9869090520632, 1240837265
9870331465804, 683633288
9871015213486, 643499920
9871658828224, 702452232
9872361390412, 740818611
9873102320365, 669104074
9873771556042, 623825862
9874395503358, 654687585
9875050323348, 679671162
9875730169078, 1054099018
9876784357678, 1084109146
9877868562989, 639044911
9878507702700, 621506728
9879129310926, 622877567
9879752286164, 640207438
9880392587572, 613492834
9881006182601, 622908480
9881629187504, 604867482
9882234154622, 607790200
9882842037919, 1028688461
9883870816472, 1072056694
9884942968001, 1067213936
9886010283075, 675344972
9886685726374, 598457255
9887284284958, 622784677
9887907166268, 594195402
9888501463627, 592562400
9889094125922, 619310175
9889713535486, 641140955
9890354774154, 990589168
9891345455878, 1030941776
9892376499917, 632975832
9893009572157, 592489463
9893602160510, 588512937
9894190776514, 610226649
9894801100784, 620408708
9895421604767, 592204393
9896013906869, 608677817
9896622679749, 581581867
9897204360990, 975398190
9898179854479, 1018445721
9899198401288, 743365882
9899941864050, 571961064
9900513925028, 601659280
9901115684153, 581913328
9901697693146, 596409135
9902294199282, 602938991
9902897235543, 575282140
9903472620609, 585083792
9904057801967, 983976332
9905041874403, 1008397132
9906050368486, 626797327
9906677264730, 599762938
9907277128248, 585523924
9907862750998, 594484836
9908457333314, 604486359
9909061921263, 580521007
9909642540563, 565686356
9910208328949, 575440612
9910783872579, 1010040807
9911794007485, 996538072
9912790646873, 598980238
9913389725755, 613246392
9914003070263, 595655446
9914598823510, 588881933
9915187803651, 600917030
9915788831662, 580824298
9916369754361, 602568777
9916972426145, 559824280
9917532350956, 932216243
9918464663134, 974241158
9919439002827, 580718042
9920019825882, 561778886
9920581705832, 571296735
9921153102667, 603187407
9921756389000, 585829198
9922342316909, 599033235
9922941449568, 599806250
9923541353507, 563169957
9924104641454, 921002581
9925025810389, 969178748
9925995095292, 574744853
9926569945242, 563639337
9927133690509, 543160691
9927676957359, 566777370
9928243879584, 565760366
9928809744013, 602356936
9929412203347, 578216166
9929990520210, 571959379
9930562580217, 834451449
9931397125693, 961009301
9932358231144, 583093594
9932941423685, 556959008
9933498482470, 573534941
9934072132309, 555920250
9934628156710, 580940589
9935209200217, 577653293
9935786967491, 571826865
9936358924092, 577241466
9936936260906, 827475801
9937763832646, 955020134
9938718953782, 580409360
9939299461420, 563350998
9939862908093, 575215223
9940438220003, 576006227
9941014324144, 557384948
9941571809980, 558607432
9942130519555, 566800180
9942697419570, 565572629
9943263094003, 803591361
9944066783703, 937762115
9945004653525, 574749324
9945579503882, 557198001
9946136802795, 555939853
9946692843439, 570941627
9947263883455, 576336185
9947840318843, 572297132
9948412714975, 575045562
9948987859346, 568696530
9949556655557, 794453594
9950351204970, 920449293
9951271753258, 564668114
9951836520482, 580282316
9952416899991, 556046303
9952973046890, 565245457
9953538389610, 570984747
9954109477026, 548766872
9954658343851, 560732820
9955219177950, 572163249
9955791439815, 793713544
9956585249305, 950258712
9957535605538, 556747168
9958092452299, 561422891
9958653973517, 557841010
9959211911233, 554421469
9959766431113, 551093293
9960317622716, 561764605
9960879485805, 571036919
9961450619129, 564768161
9962015487693, 822239507
9962837823718, 944470396
9963782394145, 561026425
9964343520648, 580180564
9964923804850, 571572593
9965495478711, 563757033
9966059335358, 544909871
9966604347103, 557997312
9967162445103, 556498403
9967719058109, 539172482
9968258354550, 780885813
9969039339173, 919957223
9969959392934, 560775176
9970520271500, 562310196
9971082679982, 558269018
9971641048964, 544458710
9972185605703, 563018584
9972748723703, 546707501
9973295527637, 552808761
9973848436220, 556641018
9974405177942, 935921645
9975341195824, 930532057
9976271828736, 555888431
9976827816150, 572620318
9977400535818, 553508765
9977954145022, 559039712
9978513284236, 572151856
9979085538072, 559220594
9979644855976, 540839369
9980185795928, 559839280
9980745732932, 805728546
9981551556244, 932428391
9982484094821, 550859316
9983035057567, 556147969
9983591305334, 566581599
9984157992680, 554739553
9984712831799, 549085666
9985262018185, 547638023
9985809758063, 542643555
9986352505418, 563122782
9986915728807, 802456457
9987718281790, 916452571
9988634835627, 554500574
9989189434955, 560436422
9989749971948, 561870814
9990311945690, 553841275
9990865888921, 562325456
9991428316275, 547932084
9991976348017, 561690278
9992538136048, 548310157
9993086545432, 935941227
9994022582706, 917560135
9994940241376, 542767427
9995483107542, 552098525
9996035304532, 563170507
9996598574087, 556126298
9997154800678, 553757857
9997708658593, 580541799
9998289301165, 556141308
9998845547691, 548149199
9999393802567, 807834317
10000201734468, 926260964
10001128110792, 573867721
10001702080330, 552806562
10002254985379, 565112291
10002820201562, 556720832
10003377025313, 557055044
10003934181907, 551139986
10004485423560, 544962582
10005030487897, 552094799
10005582685048, 814163910
10006396945061, 922920263
10007319967277, 562323310
10007882392120, 552000327
10008434502316, 559349196
10008993951685, 561308290
10009555361961, 568269650
10010123732613, 546987564
10010670821726, 539403898
10011210328147, 555707749
10011766135201, 822047229
10012588278730, 914773434
10013503159600, 560084192
10014063346905, 559223162
10014622679669, 550233051
10015173020473, 562894125
10015736041970, 569450220
10016305613119, 566958287
10016872671033, 553896145
10017426672539, 563215422
10017989992699, 805328995
10018795414889, 925215368
10019720734647, 561200177
10020282035990, 546138832
10020828274966, 553684035
10021382061175, 567619434
10021949782619, 548738974
10022498622420, 554044624
10023052768243, 564727806
10023617596987, 542139211
10024159837323, 795417919
10024955350038, 929147386
10025884603771, 550011010
10026434717705, 555262638
10026990084660, 551217810
10027541403689, 554709024
10028096215039, 553285230
10028649604090, 568206024
10029217908612, 542608369
10029760618657, 563531142
10030324256509, 808910364
10031133267426, 919765880
10032053137057, 562314484
10032615557487, 554857964
10033170515271, 552442935
10033723082966, 567707645
10034290911047, 573606006
10034864623612, 546939831
10035411663917, 572759312
10035984525154, 566332637
10036550956682, 812532919
10037363587992, 928168171
10038291857792, 573615808
10038865576544, 567152089
10039432829308, 565286679
10039998220833, 556515115
10040554837362, 567816398
10041122756768, 564151554
10041687007496, 559004767
10042246112672, 553744819
10042799956998, 816442748
10043616493848, 927026076
10044543619863, 576332190
10045120068683, 562087271
10045682260097, 564153343
10046246515151, 566995506
10046813610097, 560064811
10047373774083, 575264547
10047949163743, 568555687
10048517994168, 560533347
10049078638772, 932224840
10050010944217, 932280238
10050943309157, 568511040
10051511904894, 554845637
10052066834699, 558906149
10052625829161, 557308567
10053183219366, 567503569
10053750805781, 562331842
10054313220414, 565190319
10054878496947, 551330205
10055429907355, 817709752
10056247717538, 922934061
10057170742742, 571287036
10057742112601, 565595833
10058307790488, 558564147
10058866429037, 566543940
10059433059654, 561071446
10059994220588, 553846392
10060548140786, 560261564
10061108477682, 550792747
10061659343013, 814673045
10062474090155, 923332715
10063397499604, 558689642
10063956262125, 571179059
10064527516201, 562697317
10065090288719, 563058076
10065653423648, 565448157
10066218946685, 548304713
10066767324479, 551633393
10067319033982, 553019866
10067872132548, 815752900
10068687958077, 911232446
10069599265212, 561668246
10070161008891, 567788569
10070728873908, 565312078
10071294273265, 563742426
10071858093249, 568224595
10072426399874, 578490801
10073004967311, 570806026
10073575855160, 559669452
10074135609535, 957007233
10075092693729, 927046096
10076019815495, 563935204
10076583825207, 557452036
10077141351771, 557256279
10077698681934, 548791112
10078247548251, 592902212
10078840525465, 549382943
10079389983266, 543486633
10079933545390, 554490404
10080488112049, 812382614
10081300570113, 925318197
10082225961076, 563422740
10082789458771, 564419753
10083353953072, 553357581
10083907385932, 543102246
10084450562409, 567732687
10085018370813, 563723089
10085582167284, 540979485
10086123221791, 545069059
10086668366607, 801615042
10087470056117, 922823365
10088392954485, 558114406
10088951144166, 557769651
10089508986629, 546162749
10090055225236, 567106525
10090622404965, 562041318
10091184522996, 551859290
10091736457197, 568784979
10092305316677, 568339193
10092873751019, 982677170
10093856518228, 929895306
10094786513551, 567295282
10095353941330, 566483488
10095920535329, 551702177
10096472377268, 575344232
10097047785980, 576427314
10097624278747, 572477697
10098196821835, 566186370
10098763074901, 578231418
10099341370654, 834319701
10100175755172, 925258036
10101101078550, 568797611
10101669944321, 566469898
10102236481757, 563830856
10102800378337, 553205135
10103353649624, 576776139
10103930493203, 572056703
10104502611693, 566490602
10105069170636, 565784770
10105635021480, 956645121
10106591730155, 943973268
10107535768902, 559349194
10108095184991, 564589021
10108659844596, 574783726
10109234694014, 565683235
10109800443794, 574049948
10110374560643, 570761234
10110945386632, 559994190
10111505452522, 545224770
10112050743025, 805378366
10112856193547, 933858709
10113790120049, 568616467
10114358804016, 567950356
10114926820196, 559052096
10115485939344, 567197985
10116053208651, 575630227
10116628903510, 568249911
10117197218325, 560471925
10117757758634, 569004945
10118326833692, 817784949
10119144682045, 924723481
10120069474539, 559426772
10120628968801, 561897555
10121190935018, 556304128
10121747305777, 562828307
10122310202148, 575361919
10122885629036, 573637837
10123459335963, 574169884
10124033574043, 551595106
10124585234309, 836339347
10125421639211, 921261115
10126342967159, 560500642
10126903535146, 554764943
10127458371122, 557451192
10128015889407, 553599098
10128569554667, 589011042
10129158633369, 576282123
10129734982237, 561705421
10130296755658, 565030315
10130861852659, 813365602
10131675283767, 938031635
10132613379143, 572139318
10133185586520, 550763653
10133736418735, 560622229
10134297108436, 578183043
10134875359817, 588030370
10135463456473, 554457398
10136017982539, 570431635
10136588487838, 574985282
10137163540040, 806840146
10137970444335, 931137208
10138901647790, 565780067
10139467496637, 571115207
10140038678305, 557287626
10140596048331, 573493730
10141169610022, 562058311
10141731734213, 582059034
10142313863869, 555017914
10142868949137, 580422831
10143449441377, 839140069
10144288646678, 923659697
10145212371896, 567354394
10145779794082, 562903410
10146342763197, 557355558
10146900186757, 567493596
10147467746764, 599129142
10148066943530, 574235003
10148641246509, 561481954
10149202795352, 573847941
10149776711148, 831529768
10150608306966, 942806886
10151551183294, 579431534
10152130684827, 554143503
10152684895537, 581258839
10153266221663, 563087373
10153829377072, 576969427
10154406414110, 563049681
10154969531159, 578151913
10155547753582, 586576328
10156134397301, 852204107
10156986667388, 934555284
10157921292015, 585332124
10158506691366, 582328644
10159089086661, 572534511
10159661689284, 568105823
10160229862753, 579667156
10160809599545, 581205625
10161390874655, 562140309
10161953082600, 576416387
10162529567189, 839916818
10163369551043, 949569069
10164319186283, 569142478
10164888398408, 567750541
10165456217668, 573259221
10166029543927, 583237487
10166612847754, 574936706
10167187852201, 579878632
10167767800276, 576872008
10168344741364, 561523337
10168906331533, 844748024
10169751143989, 929363352
10170680577718, 576518221
10171257163505, 578984546
10171836217255, 575504460
10172411790918, 595938631
10173007797812, 568363592
10173576228774, 577210696
10174153507200, 581224134
10174734800421, 583091878
10175317962152, 860398277
10176178423626, 931250308
10177109788711, 585473118
10177695638484, 578944839
10178274714291, 575731892
10178850493217, 591466927
10179442007839, 580620730
10180022675177, 562763072
10180585488352, 564236695
10181149772625, 576539447
10181726361335, 848179792
10182574586405, 925715140
10183500348717, 577569454
10184077966292, 563278792
10184641292730, 581845817
10185223186917, 592520244
10185815754418, 581634929
10186397439173, 578683551
10186976170153, 576081474
10187552299270, 563372209
10188115719377, 864969038
10188980734934, 915898075
10189896695082, 590255401
10190486999292, 590363520
10191077410158, 593865865
10191671323316, 607626008
10192278996165, 585240167
10192864283449, 589751187
10193454081162, 582575429
10194036708312, 566916605
10194603671626, 844449331
10195448164295, 930234410
10196378446140, 582604721
10196961098078, 580032888
10197541177719, 576357858
10198117584362, 574436006
10198692066712, 596091839
10199288207694, 584475017
10199872732518, 584725484
10200457505649, 563477130
10201021030294, 863427152
10201884564816, 916001765
10202800645968, 580646483
10203381336263, 577432941
10203958812901, 598651767
10204557508134, 573849670
10205131403769, 566614882
10205698062789, 575360993
10206273465945, 590163453
10206863672842, 576227580
10207439945555, 871062624
10208311052492, 932779127
10209243875383, 584705571
10209828623370, 571849700
10210400516315, 603774398
10211004334226, 591620278
10211595996342, 567363107
10212163402394, 579214055
10212742660081, 572859556
10213315564475, 577441159
10213893049571, 868594463
10214761686716, 952418702
10215714148627, 584317948
10216298510456, 590513608
10216889067298, 582899360
10217472033605, 585687240
10218057767898, 586518140
10218644329730, 579867128
10219224240979, 580610634
10219804897616, 613285378
10220418225935, 861987094
10221280254326, 918743992
10222199041228, 582619857
10222781703532, 591516789
10223373263090, 594692284
10223967999381, 584640149
10224552683602, 582888535
10225135618508, 583809310
10225719471389, 583536805
10226303051314, 616640982
10226919735736, 857729721
10227777508615, 940678343
10228718230496, 590300004
10229308575469, 611130011
10229919750330, 586997152
10230506795103, 577025289
10231083865340, 587361207
10231671273122, 580640943
10232251957595, 584713834
10232836715843, 587792671
10233424553184, 871807043
10234296401970, 946114981
10235242565106, 593833039
10235836444332, 599555433
10236436058404, 577226894
10237013333423, 587674165
10237601051933, 580779824
10238181878784, 601124883
10238783050011, 581546821
10239364643968, 606297975
10239970988664, 873051026
10240844082550, 937073733
10241781201430, 579450861
10242360698035, 609247059
10242969993749, 601511791
10243571551151, 597947271
10244169543158, 579965378
10244749554591, 588316647
10245337916738, 600253417
10245938215582, 593590248
10246531851210, 885952909
10247417846760, 924151655
10248342043086, 597940489
10248940045846, 613728351
10249553819982, 596929545
10250150795530, 587939338
10250738780552, 591117951
10251329944412, 594886882
10251924875349, 599293007
10252524215276, 598523703
10253122784517, 858827172
10253981653924, 940242970
10254921941634, 602147087
10255524134071, 587280820
10256111459627, 592359603
10256703865529, 604446290
10257308358215, 610472589
10257918877486, 601498802
10258520421270, 617845506
10259138312547, 589015360
10259727393409, 885122402
10260612570050, 961004484
10261573653032, 612757710
10262186451824, 584728715
10262771222031, 605136839
10263376399672, 607136877
10263983576279, 600696386
10264584313940, 609758910
10265194114019, 589021464
10265783175332, 607848385
10266391063786, 871873402
10267262974259, 947568082
10268210582006, 606575736
10268817208941, 603353994
10269420620609, 608628856
10270029303681, 604047295
10270633388702, 600021062
10271233449831, 617565954
10271851055080, 590443976
10272441537323, 586903160
10273028481631, 881045598
10273909563789, 960313742
10274869915383, 602040727
10275471995861, 611887465
10276083923242, 606647519
10276690610704, 604079349
10277294727473, 606356534
10277901123784, 603627586
10278504789680, 605830107
10279110658679, 611830759
10279722528505, 884871906
10280607436611, 960391945
10281567870639, 604976967
10282172884963, 600971301
10282773895361, 613399475
10283387333250, 608622355
10283995994602, 606999943
10284603033731, 611909187
10285214981784, 634009798
10285849029839, 599570162
10286448638235, 889341394
10287338015561, 980570876
10288318625929, 594959559
10288913624410, 614612931
10289528275692, 587626022
10290115941292, 599896499
10290715881930, 615871421
10291331792785, 587612986
10291919443061, 596978280
10292516460472, 600370176
10293116869284, 881966679
10293998873848, 969001425
10294967911696, 599255215
10295567204751, 589790013
10296157033817, 594154697
10296751227197, 615239031
10297366505086, 621207763
10297987753106, 606495860
10298594292564, 599354273
10299193684350, 590627970
10299784351443, 875782819
10300660173986, 953887421
10301614099435, 602391904
10302216529751, 605628037
10302822195815, 602117428
10303424352064, 612092197
10304036488625, 602162052
10304638690369, 600640513
10305239370349, 601704885
10305841114008, 598503056
10306439655572, 901160489
10307340852838, 953907655
10308294798572, 604694674
10308899532020, 599292677
10309498865085, 614594630
10310113500664, 610496219
10310724051526, 604890429
10311328979925, 609689814
10311938706669, 607257456
10312546001426, 595583938
10313141624518, 895203508
10314036864003, 947396732
10314984298258, 611367758
10315595704159, 612284287
10316208037381, 625167349
10316833244293, 600190022
10317433472115, 612334510
10318045845853, 596575371
10318642459696, 585406675
10319227905064, 614643600
10319842587109, 904099462
10320746728127, 945657179
10321692423753, 610977484
10322303440411, 611281993
10322914760027, 599623084
10323514424294, 607609988
10324122072185, 598677359
10324720787262, 592553070
10325313381080, 605262714
10325918681952, 617995715
10326536715384, 886151277
10327422903326, 948356988
10328371298781, 604463078
10328975800558, 614704547
10329590543461, 601982398
10330192564370, 607413811
10330800026573, 600370996
10331400436251, 597404191
10331997878439, 595974029
10332593891226, 605606166
10333199536921, 897295048
10334096870629, 960110065
10335057018825, 624092034
10335681149884, 622682310
10336303870505, 606861396
10336910770537, 618631729
10337529440441, 601263998
10338130743125, 598773700
10338729554593, 616497931
10339346091514, 619658089
10339965788414, 887388356
10340853212574, 966311682
10341819564211, 628625087
10342448229754, 608781460
10343057050970, 600960510
10343658062932, 603092669
10344261203699, 596513241
10344857756297, 612236758
10345470031733, 616077411
10346086149071, 599444382
10346685633810, 894988166
10347580659033, 956434695
10348537131323, 603043668
10349140213133, 597716991
10349737968617, 610418933
10350348426972, 609491376
10350957956652, 591992351
10351549986474, 636085853
10352186112166, 608442232
10352794593652, 612284875
10353406916433, 893476361
10354300432033, 984852849
10355285323313, 618071416
10355903433731, 593931795
10356497403727, 600601603
10357098044013, 616190231
10357714271847, 626680813
10358340992268, 617901966
10358958932306, 606367516
10359565338141, 622918404
10360188294616, 899247190
10361087578413, 963107337
10362050724643, 608295201
10362659057382, 620568447
10363279664208, 616197979
10363895901517, 603149216
10364499089067, 621663203
10365120792538, 615702238
10365736533175, 621018721
10366357590788, 618356531
10366975986004, 911922210
10367887947307, 980970315
10368868957473, 620191403
10369489194978, 613514504
10370102748074, 626064681
10370728851526, 631585135
10371360475404, 639955633
10372000472638, 617858540
10372618373012, 625373232
10373243786589, 624207634
10373868051612, 933346067
10374801438638, 995402305
10375796882582, 621874648
10376418796097, 625522621
10377044357794, 641495446
10377685891316, 641586875
10378327516968, 612503972
10378940058640, 612880025
10379552979403, 611159496
10380164176966, 629192054
10380793409050, 920790083
10381714235329, 963176250
10382677451065, 627685231
10383305177010, 620608354
10383925823655, 632739702
10384558602621, 630810899
10385189451447, 613847794
10385803338775, 617413925
10386420791044, 621646547
10387042475970, 619462291
10387661977320, 928050980
10388590066490, 974552632
10389564658138, 621043926
10390185740755, 621889797
10390807668194, 641898830
10391449606256, 615999741
10392065645137, 621170715
10392686854746, 607813172
10393294707155, 634625385
10393929370651, 639540016
10394568949950, 950593876
10395519579288, 992998304
10396512617174, 632363568
10397145019743, 628327713
10397773384630, 648292501
10398421716418, 635745157
10399057500236, 634717630
10399692257394, 637265201
10400329561341, 617473525
10400947075904, 637492473
10401584609174, 915826349
10402500470874, 972739468
10403473249411, 633017397
10404106306246, 629807054
10404736151397, 633770283
10405369959691, 646299496
10406016297870, 620966928
10406637303301, 624925799
10407262269518, 646195212
10407908504087, 653794314
10408562335291, 931213537
10409493588496, 977522028
10410471148606, 618842975
10411090029313, 627438456
10411717512083, 636926184
10412354477709, 633088836
10412987606696, 639687869
10413627334220, 632917874
10414260289490, 627547369
10414887874766, 633838973
10415521753516, 930650659
10416452441313, 989492510
10417441971958, 635512746
10418077523665, 620731860
10418698294259, 621265278
10419319597642, 635531237
10419955168447, 630098520
10420585305518, 637089398
10421222434247, 621280794
10421843752589, 624672470
10422468463353, 942406777
10423410906689, 975785298
10424386730972, 635862763
10425022633408, 638516352
10425661189720, 637530159
10426298760141, 622234046
10426921033626, 637946578
10427559019745, 629610088
10428188669167, 631403021
10428820112471, 634279579
10429454431089, 940396439
10430394864617, 1007561680
10431402465664, 635667605
10432038173800, 644518447
10432682732800, 636665861
10433319435428, 630330269
10433949805878, 641994342
10434591840334, 616347499
10435208228459, 622012431
10435830279001, 628562695
10436458880606, 946859185
10437405779053, 983254650
10438389072334, 637121130
10439026232384, 634537228
10439660807622, 633367042
10440294215937, 643235436
10440937491100, 638470762
10441576016084, 617289025
10442193345021, 625984011
10442819368214, 636647633
10443456056144, 961579110
10444417690857, 972071079
10445389800308, 633438441
10446023276993, 634635147
10446657951827, 655726891
10447313716354, 634001274
10447947756896, 632741225
10448580537186, 635811433
10449216388990, 632679969
10449849108754, 647624796
10450496772430, 927919895
10451424731901, 981889381
10452406659644, 647575610
10453054274649, 635087486
10453689402109, 648643978
10454338084947, 644963031
10454983086384, 656671105
10455639796361, 640739073
10456280573426, 642049293
10456922662790, 662686180
10457585388321, 929413942
10458514839933, 983675036
10459498554334, 648732852
10460147327012, 652489969
10460799855177, 632020696
10461431913647, 625525135
10462057476700, 642120611
10462699636347, 639373507
10463339049140, 653800197
10463992888385, 636736895
10464629665096, 940969252
10465570671926, 992126709
10466562837494, 653383199
10467216258671, 640432952
10467856731311, 630532390
10468487302488, 638693358
10469126034959, 653339732
10469779414440, 647206249
10470426660899, 641736201
10471068436104, 633352520
10471701827426, 929487295
10472631352296, 995913957
10473627307091, 636986139
10474264333094, 648282346
10474912654655, 621039391
10475533733064, 637271112
10476171042556, 640136343
10476811217537, 660274773
10477471531248, 646553949
10478118123887, 635955083
10478754116707, 945245991
10479699400141, 989799846
10480689238685, 637617516
10481326895304, 622739613
10481949673984, 642444563
10482592157875, 630116030
10483222312050, 635522637
10483857879312, 630246080
10484488165718, 620203398
10485108408309, 642886072
10485751334325, 954390704
10486705762776, 1011964282
10487717764950, 643619722
10488361424707, 638601823
10489000064469, 642770613
10489642874060, 653722288
10490296635623, 656890210
10490953564689, 651847722
10491605452470, 628402008
10492233893281, 622667218
10492856598366, 952247078
10493808881536, 982738476
10494791658464, 618700958
10495410397193, 636057719
10496046492958, 648380096
10496694912875, 637001912
10497331953986, 644449065
10497976442146, 633577646
10498610058622, 632526055
10499242623083, 650240103
10499892901690, 979255165
10500872194012, 977791439
10501850025088, 634930789
10502484995355, 652782783
10503137819355, 639343832
10503777200848, 631542895
10504408785089, 629553478
10505038377278, 637799231
10505676214912, 634251402
10506310503802, 642921536
10506953463932, 938559556
-------------
--------->>>>0<<<<---------