---inserts---
28846101437586, 22696888455
28868810150690, 3580447348
28872390721281, 4115309040
28876506139612, 3396344246
28879902600623, 2725376337
28882628104981, 1260525463
28883888749510, 1774457701
28885663322993, 1007763378
28886671233630, 1733009800
28888404345009, 1583469685
28889987917892, 3682347663
28893670370833, 1762181103
28895432691212, 1107695483
28896540493523, 2032218483
28898572810887, 1021646543
28899594555213, 764280019
28900358937117, 1360802632
28901719834596, 954871526
28902674807422, 1319817893
28903994724306, 1562961176
28905557780815, 1445169452
28907003052199, 664530659
28907667685093, 702795925
28908370583888, 1130460600
28909501148727, 1498026832
28910999291166, 647278202
28911646681039, 1090201811
28912736978250, 704254717
28913441329712, 851577178
28914293003375, 1096778901
28915389875538, 1115331211
28916505303669, 641924882
28917147331579, 821277033
28917968705563, 644422956
28918613223518, 691115142
28919304436070, 678025191
28919982581254, 618919862
28920601608304, 1123025609
28921724747617, 662298476
28922387200040, 997467418
28923384750778, 1078325128
28924463165820, 606420049
28925069676272, 619405629
28925689170992, 688314424
28926377572574, 617609786
28926995272128, 582573544
28927577936156, 599851611
28928177874826, 622754211
28928800715654, 598190626
28929398994799, 1039856473
28930438933787, 1213864300
28931652887895, 609120998
28932262096772, 600374168
28932862557491, 649339717
28933511981759, 867194225
28934379263338, 617117880
28934996466998, 599522212
28935596090350, 615226128
28936211407787, 597599128
28936809095534, 876568619
28937685744241, 1002288347
28938688123386, 624633151
28939312842691, 604145040
28939917075877, 621144875
28940538312579, 777429876
28941315829747, 596038345
28941911959775, 575884757
28942487936607, 564548234
28943052577066, 597839289
28943650506581, 901281040
28944551870653, 1008571835
28945560535920, 593866387
28946154501933, 599318286
28946753911234, 584842705
28947338845702, 609649225
28947948583504, 579608131
28948528280834, 607966813
28949136340670, 574464319
28949710895880, 590899297
28950301885557, 951331931
28951253302886, 961445139
28952214835272, 606807069
28952821734194, 555649391
28953377479391, 585016944
28953962588586, 609193522
28954571875350, 594742888
28955166709635, 572421112
28955739218102, 616009907
28956355316541, 566885709
28956922292613, 958459169
28957880834406, 1001356626
28958882281040, 558553294
28959440928397, 596771203
28960037790819, 551047029
28960588933118, 590215293
28961179238947, 604482590
28961783847598, 575409642
28962359350618, 544267542
28962903713698, 558589640
28963462395201, 782318013
28964244800368, 967347170
28965212243350, 552814428
28965765154688, 580439323
28966345685920, 599009729
28966944785141, 571339929
28967516215507, 565526193
28968081833003, 592968279
28968674892655, 566543475
28969241526314, 566720535
28969808358027, 798392123
28970606907035, 928589743
28971535594027, 561641017
28972097335143, 557627387
28972655058849, 591530703
28973246685298, 567666855
28973814466813, 570641120
28974385202720, 582964365
28974968257101, 582788390
28975551138570, 581370831
28976132600361, 821312127
28976953997148, 924942301
28977879031794, 577011323
28978456135383, 551569216
28979007799138, 549115380
28979557020758, 549202793
28980106318378, 535419358
28980641833959, 553820052
28981195760587, 569619968
28981765545441, 558452944
28982324103011, 931110174
28983255299293, 941749421
28984197143292, 557207202
28984754444492, 576704102
28985331242356, 568091335
28985899425345, 551296411
28986450812150, 574464451
28987025370800, 540780257
28987566242578, 546355791
28988112690853, 549094373
28988661878615, 934987472
28989596950713, 921809858
28990518856939, 544920079
28991063867966, 563122833
28991627086338, 573347618
28992200524343, 565917862
28992766532926, 590937455
28993357562851, 560681828
28993918336181, 551985546
28994470413136, 563283207
28995033787641, 930888255
28995964766547, 899991083
28996864845964, 540987745
28997405924537, 562010610
28997968038262, 573038227
28998541167034, 556192562
28999097453882, 558893588
28999656439833, 568575607
29000225106355, 551811385
29000777009461, 572510996
29001349610247, 816297687
29002165994814, 918592986
29003084683345, 541959934
29003626734200, 560557736
29004187384863, 559040928
29004746522201, 558501824
29005305116645, 538181833
29005843391512, 560265479
29006403749390, 559137538
29006962981141, 548102658
29007511181373, 793125621
29008304401752, 967334851
29009271835468, 557562077
29009829490105, 553910729
29010383492149, 549709415
29010933294237, 562383345
29011495768419, 554266331
29012050127863, 540487175
29012590707025, 538625058
29013129423715, 550469141
29013679984366, 933457679
29014613527628, 924872861
29015538492898, 548212598
29016086796095, 539240169
29016626128073, 548872450
29017175091149, 571709590
29017746891816, 561791877
29018308776165, 553593689
29018862460400, 531406960
29019393965667, 550881522
29019944943043, 795407065
29020740438589, 909106895
29021649638589, 552153142
29022201887867, 551859740
29022753840139, 534277520
29023288210485, 541352529
29023829655138, 572104856
29024401859440, 579973665
29024981941917, 562385558
29025544427523, 563783310
29026108313344, 842426285
29026950835530, 938771022
29027889707195, 554138408
29028443944396, 566292137
29029010334689, 561031627
29029571473381, 564845607
29030136418053, 551042271
29030687558507, 559165430
29031246820922, 560564423
29031807483519, 552567591
29032360150310, 792776477
29033153023537, 932331243
29034085455629, 564462393
29034650017528, 551070299
29035201186899, 560058386
29035761342778, 548492233
29036309936119, 567916350
29036877955982, 554875963
29037432930363, 552552252
29037985582352, 556218996
29038541897692, 913311278
29039455303742, 915514346
29040370916409, 559983250
29040930997283, 540501758
29041471598511, 571843473
29042043540768, 540417461
29042584069139, 555372555
29043139540346, 573189225
29043712829342, 536532716
29044249459000, 544465272
29044794020523, 926601006
29045720718106, 913721030
29046634539682, 558076339
29047192715087, 545188405
29047738003792, 542228407
29048280333414, 553470801
29048833902858, 540890036
29049374892958, 560420168
29049935411540, 552081526
29050487591338, 555927066
29051043617412, 799412481
29051843122655, 917463808
29052760690031, 555400695
29053316188745, 548701785
29053864996233, 549354006
29054414452180, 558745433
29054973295587, 566171573
29055539570916, 562034067
29056101707488, 565631114
29056667440661, 548181023
29057215723895, 809674987
29058025495237, 926626809
29058952224753, 558401896
29059510727616, 565216754
29060076059362, 565995109
29060642162269, 552208386
29061194484797, 546198669
29061740806223, 540840915
29062281748879, 565373151
29062847223037, 554127451
29063401451606, 805571446
29064207118600, 907116025
29065114335183, 569481211
29065683918858, 552995715
29066237016707, 546167150
29066783284156, 568968386
29067352356005, 556390680
29067908849198, 544246886
29068453196984, 578455993
29069031753617, 558878178
29069590736187, 789368680
29070380198630, 934388370
29071314687379, 569856302
29071884644498, 561908322
29072446651201, 563481798
29073010231633, 561686676
29073572035484, 555435249
29074127567894, 547875764
29074675542633, 577780704
29075253423486, 562018016
29075815540981, 948777249
29076764412209, 920330417
29077684842685, 576875458
29078261818181, 551902971
29078813821770, 557858657
29079371780213, 563626705
29079935506132, 564240726
29080499845297, 557735864
29081057678708, 555082588
29081612860998, 543856243
29082156818606, 797267648
29082954195666, 920734836
29083875051394, 557588821
29084432738710, 557866093
29084990705772, 567064583
29085557872730, 561614951
29086119599367, 558290870
29086677991595, 563635740
29087241725421, 572217690
29087814043810, 564163594
29088378310023, 821643157
29089200060015, 911382994
29090111544363, 565795468
29090677442744, 548619003
29091226161390, 552962061
29091779229223, 563519751
29092342852554, 564678849
29092907632612, 543508544
29093451251617, 547891969
29093999246251, 575102328
29094574448590, 800989138
29095375531071, 917887523
29096293516931, 550631059
29096844248646, 580359905
29097424709244, 557554765
29097982366259, 549823138
29098532289210, 551844502
29099084223850, 549326344
29099633646262, 568211542
29100201962285, 571761413
29100773827151, 808844106
29101582868679, 908611357
29102491598253, 563188588
29103054886140, 562142118
29103617128321, 550173550
29104167401728, 549829205
29104717329630, 553361079
29105270790379, 545185431
29105816096499, 563627218
29106379823767, 571418698
29106951340898, 932397692
29107883831154, 905106915
29108789038710, 566408567
29109355547689, 560068585
29109915720214, 560931536
29110476749462, 551831242
29111028681681, 560736127
29111589517451, 574246761
29112163863060, 554814912
29112718777194, 589476069
29113308352299, 819093096
29114127537508, 906495266
29115034130325, 564701263
29115598933454, 573204339
29116172237084, 570988915
29116743325179, 573072144
29117316494993, 558173081
29117874772604, 573927299
29118448798763, 565998496
29119014895772, 566687808
29119581680561, 834509592
29120416282215, 924787402
29121341167928, 569582009
29121910847152, 580599875
29122491548659, 568047041
29123059696918, 583021227
29123642813731, 564493424
29124207409153, 562893956
29124770400978, 579825001
29125350324096, 560371259
29125910794568, 808175677
29126719061775, 924350646
29127643510213, 574701272
29128218314720, 571001142
29128789415182, 576855111
29129366370652, 559030945
29129925499886, 550480241
29130476093594, 550242558
29131026434907, 586822180
29131613357750, 561792494
29132175247308, 818260953
29132993602570, 915540962
29133909242854, 552198642
29134461543110, 559800398
29135021444849, 589371970
29135610918102, 563036722
29136174055386, 571646411
29136745800457, 554575450
29137300474971, 567410946
29137867989499, 569790746
29138437899483, 861071883
29139299089917, 915072112
29140214282790, 564374019
29140778818931, 570910749
29141349918289, 601042726
29141951278547, 565159033
29142516543913, 566632814
29143083248627, 563999263
29143647318489, 552799853
29144200190204, 562848042
29144763109766, 861085676
29145624259456, 937621036
29146561952405, 575811441
29147137831829, 575857750
29147713761396, 585280644
29148299114665, 560090655
29148859275354, 552549366
29149411897130, 562065615
29149974034197, 578376359
29150552482838, 571315002
29151123868950, 824100885
29151948046410, 917242267
29152865357544, 562451337
29153427880996, 558108204
29153986066152, 569828358
29154555965727, 573838758
29155129875773, 560257818
29155690211911, 557677595
29156247960062, 574296965
29156822329678, 553061325
29157375462841, 817833476
29158193363955, 918115324
29159111549376, 578571310
29159690193996, 575777592
29160266042236, 568730854
29160834845256, 572654458
29161407570577, 566725368
29161974366771, 581225977
29162555663621, 567263343
29163123003212, 564773614
29163687847742, 823149278
29164511065465, 913599641
29165424739660, 581578913
29166006390837, 556329466
29166562791505, 572034585
29167134898128, 571377562
29167706349461, 569720999
29168276142480, 556706119
29168832918178, 575760005
29169408749541, 578857988
29169987682643, 847159182
29170834910548, 918445515
29171753427087, 570184654
29172323683585, 565574148
29172889328580, 579360556
29173468761075, 570472261
29174039305107, 577451795
29174616833012, 565234500
29175182138618, 570901653
29175753113718, 575883753
29176329070299, 854276658
29177183415780, 925296232
29178108784401, 573411813
29178682270047, 578865995
29179261206801, 582272436
29179843550315, 572567442
29180416190017, 574690156
29180990952740, 567291297
29181558315746, 558970837
29182117363663, 570891354
29182688329361, 830092240
29183518489234, 943193494
29184461754983, 572269744
29185034097886, 572688822
29185606857858, 581452522
29186188381665, 564323897
29186752782929, 568825069
29187321679670, 566588015
29187888338274, 580164899
29188468574636, 563764113
29189032410118, 820796554
29189853275290, 920108386
29190773454305, 571478917
29191345005392, 571467217
29191916542027, 582498391
29192499111670, 557737492
29193056920607, 582697512
29193639690352, 572838715
29194212599608, 573084705
29194785758303, 568877744
29195354709003, 850716119
29196205495406, 929724919
29197135294616, 572640114
29197708020771, 580596858
29198288692074, 587082846
29198875849596, 580474246
29199456397803, 583248826
29200039720548, 569119087
29200608910981, 574411212
29201183398909, 559186613
29201742660410, 854147101
29202596878942, 930639309
29203527591327, 579394687
29204107061442, 582303043
29204689439184, 588024424
29205277537440, 578952580
29205856565168, 570632487
29206427271509, 586616120
29207013960646, 569866448
29207583904037, 588382774
29208172361789, 857702022
29209030134707, 923299017
29209953508281, 577577819
29210531160976, 588226641
29211119464348, 593730864
29211713270834, 563328012
29212276674469, 587262284
29212864030749, 586935887
29213451040590, 579747724
29214030864953, 585355604
29214616293496, 878994500
29215495360794, 944506718
29216439941640, 586017429
29217026033648, 591790340
29217617899574, 598964782
29218216938887, 576348630
29218793360726, 572177625
29219365615918, 569965601
29219935657937, 591233231
29220526969864, 592594629
29221119641914, 841353129
29221961062983, 924969203
29222886214156, 574568577
29223460987048, 591804532
29224052878831, 589649344
29224642589604, 585683487
29225228333678, 581743255
29225810138164, 566373629
29226376571610, 573316885
29226949949028, 577369196
29227527378381, 862974743
29228390410174, 934890503
29229325364530, 591968551
29229917396747, 585985222
29230503443852, 590874341
29231094379938, 581743638
29231676190325, 582882072
29232259134098, 578989403
29232838185384, 583431983
29233421687992, 572821034
29233994572488, 849613568
29234844245705, 928353047
29235772656684, 579741493
29236352457981, 573961837
29236926479241, 575601923
29237502141803, 573393008
29238075593452, 586802583
29238662453747, 582566964
29239245129713, 574572440
29239819784143, 580911934
29240400755938, 848324792
29241249133348, 919888475
29242169082863, 560951332
29242730092999, 569722054
29243299873312, 590839396
29243890771243, 575747840
29244466578839, 583660965
29245050298871, 578052084
29245628408954, 565730788
29246194198775, 585466405
29246779724778, 841576227
29247621401012, 926518025
29248548045000, 578571944
29249126670664, 579796332
29249706522394, 600635154
29250307217247, 585980227
29250893252029, 583885245
29251477192721, 586602410
29252063849750, 578637632
29252642543141, 602907947
29253245506891, 856178080
29254101737172, 929351910
29255031142607, 580734418
29255611932691, 570271478
29256182261495, 599335905
29256781652557, 586408935
29257368116549, 577600176
29257945772052, 613407632
29258559235119, 569178107
29259128466290, 588013688
29259716536191, 855506602
29260572092008, 931174798
29261503321218, 587384573
29262090760081, 578146855
29262668960682, 605781465
29263274796070, 562798207
29263837647075, 587418055
29264425117680, 580075261
29265005246482, 567546110
29265572848791, 595139020
29266168054502, 863768104
29267031871824, 934886959
29267966812838, 594794335
29268561661800, 598277935
29269159993753, 588837898
29269748885967, 598075362
29270347015571, 589107243
29270936176918, 577898751
29271514131952, 581795769
29272095981879, 579295057
29272675330444, 862475370
29273537858576, 930520012
29274468433114, 590733632
29275059220981, 598760760
29275658037510, 579882042
29276237972965, 600049106
29276838078612, 573013893
29277411148154, 581606937
29277992812435, 586553124
29278579420034, 612838893
29279192316435, 864171037
29280056536521, 923479982
29280980083683, 584647632
29281564786312, 588852906
29282153698431, 580750972
29282734503538, 586385447
29283320942292, 587709248
29283908707791, 584295659
29284493057247, 574979690
29285068094255, 606205813
29285674356268, 872848517
29286547255304, 930704670
29287478012433, 586370261
29288064435423, 616342146
29288680832668, 587053274
29289267944300, 601069043
29289869066185, 591007995
29290460128118, 578530365
29291038714575, 592133539
29291630908834, 577443092
29292208406102, 851515579
29293059971187, 925628911
29293985653236, 593801549
29294579507958, 617514412
29295197076799, 595580370
29295792711695, 575633938
29296368401432, 596374014
29296964830683, 598374316
29297563260595, 591822593
29298155139377, 592693071
29298747887198, 875806144
29299623742403, 924842032
29300548638686, 598130897
29301146824561, 579939981
29301726818741, 577115406
29302303990576, 594015895
29302898060927, 594277897
29303492392138, 593975643
29304086421519, 609116435
29304695594229, 598097954
29305293760344, 884086853
29306178283259, 945208951
29307123597255, 619928371
29307743566924, 593994773
29308337605263, 597961037
29308935609133, 593931735
29309529583829, 579202557
29310108829480, 588621830
29310697494522, 608972995
29311306509605, 589652420
29311896202526, 860149904
29312756391428, 934794744
29313691228136, 613712483
29314304981806, 604017175
29314909040362, 593042785
29315502125719, 595710020
29316097875486, 582371160
29316680288997, 596835698
29317277164901, 590807116
29317868023646, 593538843
29318461603954, 858229098
29319319869801, 934142246
29320254051507, 603962571
29320858053682, 600679190
29321458773186, 591093150
29322049908284, 592893704
29322642845197, 598006132
29323240894654, 608912671
29323849847904, 591002288
29324440890706, 595814830
29325036747059, 862984355
29325899770234, 944966468
29326844777952, 599049751
29327443870139, 604867487
29328048780032, 583623786
29328632446699, 597501099
29329229988598, 594918366
29329824948662, 605272293
29330430261738, 603673508
29331033977798, 587140217
29331621165903, 863716989
29332484920749, 946394444
29333431356987, 590468598
29334021866003, 598478425
29334620385801, 595136203
29335215562723, 602071317
29335817675238, 591462849
29336409178147, 612269319
29337021488044, 590036425
29337611564907, 597967971
29338209573458, 871365979
29339080975584, 943313476
29340024330096, 592817573
29340617188812, 593535432
29341210764975, 591136740
29341801942284, 585885363
29342387868469, 612192021
29343000102070, 604964725
29343605107398, 594801390
29344199951178, 588339182
29344788330958, 852768968
29345641139313, 967904118
29346609083798, 603346121
29347212470751, 600493575
29347813005105, 594964547
29348408021638, 587638742
29348995700756, 615533983
29349611276862, 584938306
29350196255788, 603471457
29350799767931, 581689003
29351381495757, 874125293
29352255657946, 970818260
29353226518146, 606485554
29353833046943, 600440723
29354433531755, 592836320
29355026409660, 608351225
29355634803829, 626003015
29356260847916, 595403072
29356856292069, 606544020
29357462877896, 608651938
29358071572303, 882277468
29358953886945, 967430806
29359921361338, 594626652
29360516047478, 611360905
29361127449321, 605687582
29361733179101, 611746059
29362344965553, 605833344
29362950840682, 608253865
29363559137467, 598760318
29364157942340, 595480610
29364753464061, 895258737
29365648761931, 945623679
29366594428649, 589062147
29367183533306, 610203603
29367793780353, 604454530
29368398277074, 613936069
29369012256187, 609890583
29369622188842, 600965159
29370223194339, 594189773
29370817426879, 607120887
29371424588084, 914516004
29372339141593, 950055194
29373289239734, 603135456
29373892416762, 592635572
29374485092745, 604651501
29375089787095, 621681486
29375711509780, 616361456
29376327914349, 615035128
29376942992265, 602163805
29377545200634, 603839802
29378149081879, 889366899
29379038485901, 962203276
29380000738899, 615028319
29380615810606, 604475587
29381220327632, 615215531
29381835584168, 607585030
29382443210979, 599578048
29383042829696, 608267167
29383651137163, 605082330
29384256261415, 594581479
29384850883773, 913276566
29385764199387, 971041677
29386735282382, 618803595
29387354127207, 605824557
29387959994134, 621196113
29388581231247, 610666463
29389191939256, 621320845
29389813303542, 612047758
29390425391407, 610174881
29391035611165, 627534512
29391663187443, 902874529
29392566101979, 953281508
29393519428669, 615334897
29394134806431, 622545254
29394757393687, 616053622
29395373489011, 617864417
29395991394627, 606395029
29396597831737, 607881582
29397205755820, 602557067
29397808356104, 631151031
29398439548639, 889341963
29399328927467, 976638458
29400305607281, 620148936
29400925797838, 634801602
29401560641754, 612354619
29402173036543, 610695187
29402783772489, 610810695
29403394625799, 617245348
29404011910806, 610649357
29404622600832, 630978183
29405253622481, 915103090
29406168764056, 951910348
29407120715834, 626180081
29407746938042, 615421911
29408362403134, 631363555
29408993808125, 619889409
29409613742114, 604132692
29410217916754, 630066390
29410848043354, 631066760
29411479152398, 623003409
29412102201961, 893613988
29412995854998, 947903699
29413943804215, 632473050
29414576321286, 668918548
29415245282082, 636063567
29415881388752, 620299929
29416501737370, 614652646
29417116434332, 607444422
29417723919339, 635789013
29418359751046, 625106533
29418984898881, 919262109
29419904197505, 973878379
29420878116514, 608283481
29421486441848, 617849396
29422104337783, 611116324
29422715494324, 609436183
29423324973959, 612701930
29423937718352, 645661983
29424583422483, 619927879
29425203390479, 609575132
29425813006618, 904364291
29426717408503, 955100831
29427672550518, 606571246
29428279164664, 619649180
29428898855718, 611507590
29429510404386, 610115778
29430120562466, 623577228
29430744182537, 613799747
29431358022789, 608729938
29431966793664, 604071397
29432570905407, 911341972
29433482283208, 972908261
29434455232989, 617998455
29435073272868, 618001412
29435691315080, 618961629
29436310318596, 620012789
29436930375597, 635984082
29437566401896, 623755234
29438190199032, 637400796
29438827642249, 616479966
29439444163302, 922229225
29440366428924, 981285282
29441347756178, 629977997
29441977776049, 621725589
29442599541614, 614344975
29443213927609, 619322195
29443833291528, 619542001
29444452876947, 608127026
29445061046024, 619905008
29445680991709, 623575862
29446304609773, 1080942124
29447385590211, 977624051
29448363256704, 617743341
29448981041298, 619583182
29449600667054, 638292437
29450239004087, 632307889
29450871354518, 613722515
29451485119449, 626070645
29452111233083, 615597154
29452726872936, 609715019
29453336630689, 916132084
29454252799049, 978468040
29455231308527, 637070358
29455868420075, 636336789
29456504800091, 636167274
29457141010554, 609204561
29457750257632, 618386237
29458368687669, 635373450
29459004104760, 615503589
29459619651264, 632914174
29460252607792, 952294150
29461204943217, 972210971
29462177196341, 637025241
29462814266755, 617106748
29463431416452, 650145857
29464081604993, 639970224
29464721617809, 621237357
29465342895870, 635114762
29465978051610, 633216622
29466611311134, 643113168
29467254464649, 939597989
29468194102428, 970779082
29469164923790, 632238981
29469797205710, 652023346
29470449270516, 618433423
29471067757184, 633215541
29471701016651, 638685148
29472339745381, 629416912
29472969203956, 643317700
29473612566685, 653672000
29474266281164, 971857195
29475238178090, 994579587
29476232802693, 636392233
29476869237341, 649808975
29477519088830, 636265356
29478155396530, 633206649
29478788646051, 637790663
29479426478104, 633671627
29480060190344, 636650590
29480696883241, 647410997
29481344336818, 972754399
29482317132401, 996539482
29483313713413, 648175057
29483961930612, 644179441
29484606151384, 667606224
29485273799892, 632964091
29485906806521, 641937219
29486548789178, 639747076
29487188579023, 636560475
29487825182789, 642743747
29488467967889, 952660278
29489420682694, 996849578
29490417574143, 645463773
29491063080446, 643940318
29491707062580, 643910011
29492351013355, 641528261
29492992583731, 649633783
29493642260248, 659882411
29494302186649, 642884966
29494945117158, 635677125
29495580837252, 938422842
29496519298500, 984156889
29497503498698, 638240390
29498141782461, 636240109
29498778063552, 645451271
29499423558657, 644472255
29500068077434, 649040767
29500717160954, 624561455
29501341765444, 629803397
29501971611847, 638743328
29502610398981, 949633943
29503560072808, 988920893
29504549038072, 639700647
29505188783220, 653658693
29505842488165, 649199825
29506491732485, 653020178
29507144795850, 659664118
29507804501737, 649147712
29508453691145, 645546970
29509099283240, 644402739
29509743730691, 951832304
29510695604560, 982838482
29511678485060, 632149530
29512310678987, 647698176
29512958422562, 649554432
29513608037684, 658813771
29514266892823, 646765722
29514913704442, 628063525
29515541810579, 630158295
29516172026094, 639133659
29516811205756, 946110765
29517757358110, 976115267
29518733515220, 647903123
29519381461714, 642999054
29520024502701, 651633574
29520676179019, 644730298
29521320950260, 633531349
29521954523443, 636403739
29522590969753, 644860232
29523235872576, 633587440
29523869503767, 947048058
29524816592440, 1012313778
29525828950231, 648340420
29526477332988, 629771480
29527107147025, 651762250
29527758950727, 644596407
29528403589534, 627761484
29529031394548, 639190605
29529670625610, 641505587
29530312178589, 654307242
29530966529087, 962704166
29531929273475, 1012175663
29532941490424, 660340513
29533601876267, 656957849
29534258876599, 652188038
29534911108948, 636343506
29535547493683, 654382011
29536201920271, 651099324
29536853062191, 652960922
29537506066080, 661102598
29538167213458, 971768042
29539139022092, 1013077139
29540152140623, 640903900
29540793088766, 633346486
29541426478126, 649553594
29542076075813, 641652152
29542717771237, 646755970
29543364569175, 631964326
29543996576570, 655824994
29544652445401, 657639588
29545310126622, 966103714
29546276270439, 998248503
29547274560342, 646954752
29547921558442, 649495258
29548571096359, 650921485
29549222064199, 647975720
29549870082825, 634324423
29550504450629, 646983608
29551151476819, 635120718
29551786639644, 640006287
29552426689112, 949358027
-------------
--------->>>>0<<<<---------