---inserts---
14502368839689, 9928930942474
24431311514417, 4368655054
24435680295322, 2875718577
24438556131289, 3577620208
24442133878868, 2737181096
24444871186395, 1867407645
24446738711221, 965260686
24447704102597, 1803467240
24449507691240, 939087834
24450446891710, 2124190230
24452571206964, 4026222743
24456597550091, 929295040
24457526988291, 1599833625
24459126949860, 1344234046
24460471288002, 1564405841
24462035800880, 1240796908
24463276701603, 1352331292
24464629137428, 1401145680
24466030396986, 1593331237
24467623864976, 1508614044
24469132580194, 1260227656
24470392911469, 933390106
24471326423579, 893392995
24472219924651, 864277018
24473084310381, 722065255
24473806648853, 963346061
24474770149546, 699083225
24475469327615, 1567358484
24477036778621, 700700709
24477737569665, 1026526143
24478764181711, 1158443631
24479922718434, 665388393
24480588204066, 636957972
24481225256063, 825367150
24482050715598, 624294484
24482675102655, 673277385
24483348492311, 713615104
24484062207846, 680177522
24484742490436, 609102530
24485351693544, 880018264
24486231794208, 1069238728
24487301121387, 619774631
24487920980285, 610789100
24488531859638, 635321519
24489167269314, 648972124
24489816333300, 1093350364
24490909779536, 622776960
24491532644120, 759447378
24492292178614, 599793736
24492892081596, 982079238
24493874246153, 1022634260
24494896968146, 832395252
24495729454701, 625266218
24496354809856, 1108892487
24497463791540, 639862865
24498103744394, 598390905
24498702226879, 620349642
24499322669451, 616083090
24499938843633, 614673594
24500553608283, 970390779
24501524094763, 1040167367
24502564355347, 604365627
24503168812223, 560705319
24503729611156, 620846303
24504350549642, 583600864
24504934241014, 596708444
24505531044459, 613521815
24506144661276, 591700049
24506736455715, 602983533
24507339532591, 1002780946
24508342403014, 1021070265
24509363566972, 607004878
24509970668214, 587795199
24510558557336, 617814960
24511176472987, 615696531
24511792262927, 595221505
24512387577984, 633109198
24513020779132, 600247953
24513621121248, 608835946
24514230049774, 958695197
24515188831286, 956698029
24516145620503, 616523156
24516762233637, 598635703
24517360960065, 569367043
24517930418405, 584101153
24518514614984, 568374271
24519083085152, 566126351
24519649300062, 564929157
24520214319725, 618404561
24520832813973, 964154099
24521797055140, 1041600228
24522838749825, 613522712
24523452366111, 583946624
24524036405112, 579918571
24524616412827, 582882883
24525199387125, 563076840
24525762687872, 582377517
24526345156701, 587546999
24526932796614, 545757092
24527478649137, 817995266
24528296730585, 964744028
24529261566518, 573061119
24529834725984, 581975619
24530416796580, 616516933
24531033405091, 570999116
24531604493320, 579155282
24532183740254, 556496609
24532740329052, 608626350
24533349047397, 579548367
24533928712723, 827056271
24534755920827, 964298065
24535720315011, 554739965
24536275150116, 567310201
24536842558167, 572641269
24537415301678, 599598352
24538015022202, 575879506
24538591001947, 593649143
24539184748866, 610919415
24539795763892, 581908356
24540377766316, 1066670729
24541444526610, 993527494
24542438149680, 918873902
24543357120513, 576781827
24543933997735, 603109315
24544537214811, 970578469
24545507893577, 556491983
24546064479976, 567617840
24546632203412, 566454696
24547198819901, 590589773
24547789505247, 960087233
24548749682768, 1142117341
24549891895201, 577711969
24550469701039, 573635947
24551043429819, 573709270
24551617230050, 581116177
24552198437934, 581844263
24552780378710, 593916477
24553374388084, 560708931
24553935194136, 572293820
24554507580887, 811287685
24555318957391, 949763754
24556268814713, 570604156
24556839512971, 607020730
24557446628196, 585365032
24558032099926, 569251888
24558601446881, 583019863
24559184561173, 583006587
24559767661538, 553621070
24560321378426, 575549989
24560897021900, 840485585
24561737598743, 931120159
24562668809426, 568160232
24563237064222, 542308696
24563779469397, 556492227
24564336067528, 574969560
24564911129786, 584197966
24565495424205, 586720128
24566082240059, 561609085
24566643943140, 559696235
24567203733345, 967645449
24568171471810, 951386960
24569122954127, 573437769
24569696488023, 565493122
24570262079256, 573654654
24570835827022, 582058925
24571417981083, 556168766
24571974245512, 556251316
24572530592083, 565193485
24573095882919, 559351306
24573655324564, 991926147
24574647341394, 952498991
24575599934434, 579126670
24576179154475, 570828070
24576750078500, 566649520
24577316821334, 550639047
24577867553023, 559270783
24578426915338, 559168290
24578986176521, 530155264
24579516427791, 535640393
24580052160733, 914679016
24580966930448, 915570281
24581882593011, 550074873
24582432766906, 568814125
24583001674852, 570784993
24583572552281, 532729548
24584105376316, 558382969
24584663853135, 552241090
24585216186294, 559839972
24585776122968, 532550760
24586308767390, 801348935
24587110203711, 906301923
24588016600414, 565750247
24588582446580, 559129384
24589141668243, 557489985
24589699250200, 561070726
24590260422755, 535860478
24590796376073, 554376903
24591350847269, 557690718
24591908632336, 558058852
24592466783160, 789884179
24593256758047, 907822713
24594164675365, 540457003
24594705225244, 556203747
24595261523135, 562785542
24595824406608, 552064522
24596376564976, 554496058
24596931153977, 557890782
24597489140702, 554766113
24598043997990, 533354000
24598577444961, 802191240
24599379725396, 920609817
24600300431111, 548296520
24600848820336, 565848191
24601414760465, 557539803
24601972395053, 560469677
24602532957079, 555300937
24603088354126, 557103083
24603645548749, 549934246
24604195576915, 554012088
24604749680497, 914079762
24605663850117, 910211948
24606574153699, 538754117
24607113000616, 546115271
24607659209065, 548559007
24608207860068, 563338693
24608771291048, 560290459
24609331671866, 554489175
24609886252813, 556218339
24610442564131, 571020372
24611013675891, 798643963
24611812416020, 909763669
24612722271704, 558970491
24613281333126, 558521733
24613839949266, 557365890
24614397408787, 562481442
24614959984361, 554072079
24615514149182, 560192289
24616074433187, 543878556
24616618408016, 548070816
24617166574885, 802285162
24617968951796, 920523447
24618889572324, 559442740
24619449111288, 557470161
24620006678082, 565277373
24620572062657, 563192856
24621135353075, 558904538
24621694353122, 557309436
24622251761685, 559124936
24622810983306, 592584973
24623403663092, 815901036
24624219658843, 929205280
24625148964591, 557038283
24625706100215, 573818118
24626280032900, 542913804
24626823044204, 544509778
24627367661208, 575249766
24627943025293, 574509475
24628517630895, 560090134
24629077818961, 562960377
24629640875479, 805233937
24630446200354, 920570784
24631366868415, 568637682
24631935604997, 558429033
24632494132505, 577698266
24633071932548, 563010328
24633635039866, 565107976
24634200245090, 542153206
24634742493278, 561595053
24635304188049, 549754869
24635854039320, 815102558
24636669235931, 924662331
24637593993667, 562427494
24638156516542, 565322495
24638721931828, 549227318
24639271254239, 554762092
24639826111192, 567581483
24640393789305, 569024979
24640962916273, 570812561
24641533825927, 575449387
24642109379321, 813750983
24642923226186, 937834813
24643861158361, 579663737
24644440919659, 555921135
24644996938535, 570410989
24645567447703, 556945209
24646124492562, 574879333
24646699470881, 559079160
24647258643989, 559714984
24647818452754, 547443669
24648365990029, 803852874
24649169953340, 912855471
24650082922023, 548068458
24650631084457, 556868195
24651188058182, 558877595
24651747028701, 560162164
24652307286785, 552199451
24652859581337, 540370236
24653400060440, 541800335
24653941955705, 571420359
24654513470583, 807214294
24655320776018, 912682327
24656233551608, 579702291
24656813345134, 556423173
24657369860732, 577359313
24657947313243, 556133634
24658503541611, 554948673
24659058582581, 568805997
24659627502862, 552492733
24660180292156, 546100072
24660726503198, 948713395
24661675291706, 917371714
24662592740981, 558815950
24663151635474, 547187174
24663698899926, 568587680
24664267565071, 548472919
24664816113457, 548591536
24665364782544, 554624260
24665919484955, 537636102
24666457199948, 563536473
24667020811637, 816881251
24667837848967, 916096599
24668754036783, 563690363
24669317804569, 564290481
24669882170541, 548673036
24670430932226, 544232240
24670975239779, 561856080
24671537170405, 558033173
24672095277518, 563821858
24672659175973, 571842175
24673231093952, 816138641
24674047305113, 924221467
24674971601149, 570713510
24675542391126, 578694013
24676121167092, 550850798
24676672093769, 573440616
24677245608770, 563077393
24677808764325, 551427676
24678360267442, 557281086
24678917622882, 562122601
24679479822935, 801923135
24680281821627, 930108498
24681212019154, 557530153
24681769624480, 547915963
24682317615987, 571004876
24682888699272, 549961555
24683438736613, 572674725
24684011485948, 562735712
24684574298752, 578483743
24685152859068, 567766119
24685720707225, 830106705
24686550890457, 923146262
24687474117670, 569368319
24688043568922, 561864147
24688605513228, 557525717
24689163119736, 597060870
24689760257919, 579908572
24690340246087, 573588188
24690913913886, 563921278
24691477917402, 566759891
24692044758606, 818891264
24692863725746, 926880743
24693790687591, 577641082
24694368407926, 553109024
24694921596079, 602445609
24695524119326, 563168864
24696087366419, 582749844
24696670193169, 552604876
24697222876348, 576323011
24697799274811, 557484345
24698356845408, 809396459
24699166314063, 903820842
24700070210096, 555680872
24700625968151, 591518363
24701217566205, 571505027
24701789145961, 579708406
24702368930409, 549661138
24702918665878, 568703152
24703487444220, 558480557
24704046000170, 589764743
24704635861340, 814192188
24705450157587, 917650375
24706367909486, 580018747
24706948074494, 566346780
24707514595170, 572106935
24708086822339, 758971641
24708845877613, 589962982
24709435911976, 565272679
24710001255206, 573963584
24710575289948, 559189835
24711134549635, 835236253
24711969850819, 1573839488
24713543768598, 566385172
24714110225763, 1035806071
24715146104046, 566469919
24715712646548, 578426510
24716291144216, 915220326
24717206436509, 577124006
24717783632576, 551877730
24718335581140, 860154774
24719195813042, 821350353
24720017231252, 1136897702
24721154201735, 578268431
24721732543322, 568127337
24722300742164, 966640213
24723267452568, 550145226
24723817669363, 586677822
24724404416911, 1036455923
24725440942343, 575332805
24726016345710, 559615567
24726576051112, 1314947823
24727891068160, 927058585
24728818198338, 684368203
24729502637667, 608073167
24730110783998, 561495010
24730672350973, 870342720
24731542763736, 562823364
24732105657247, 567110643
24732672838782, 567663302
24733240572609, 582523337
24733823166209, 944396577
24734767633190, 1273235978
24736040939908, 571556803
24736612567589, 575069600
24737187709329, 593526385
24737781307068, 558675340
24738340063464, 581465392
24738921600210, 573804079
24739495476113, 575509747
24740071056017, 559792445
24740630919915, 839097188
24741470085625, 926810955
24742396970698, 570300262
24742967340578, 604005270
24743571422396, 655905684
24744227397738, 587986663
24744815459620, 568760090
24745384291352, 581866273
24745966226793, 575418562
24746541715889, 558461580
24747100260889, 831659337
24747931988805, 912196848
24748844259233, 577514344
24749421844470, 570601930
24749992517101, 593091420
24750585678358, 570374664
24751156127421, 584361451
24751740562411, 581318206
24752321950973, 574764865
24752896785508, 566994244
24753463850733, 840885002
24754304805079, 913245735
24755218119951, 569392114
24755787581964, 608034608
24756395686381, 566466884
24756962223289, 582557161
24757544852657, 559737361
24758104662105, 572706738
24758677438419, 571389590
24759248898680, 583605876
24759832575183, 868632110
24760701274665, 907204452
24761608550205, 582246952
24762190866536, 551098480
24762742035918, 611960619
24763354066615, 577179781
24763931316957, 593699656
24764525086982, 566125386
24765091285794, 588603628
24765679963152, 581369535
24766261403396, 826181302
24767087651676, 928618850
24768016341608, 698753879
24768715166552, 588857354
24769304094965, 574013713
24769878180996, 591523345
24770469773094, 567126701
24771036972021, 602248684
24771639290181, 569289592
24772208650438, 591914011
24772800636455, 847133065
24773647839486, 934238755
24774582150288, 608960631
24775191193459, 571904713
24775763171293, 585544716
24776348789488, 565141458
24776914001279, 580723927
24777494797562, 574972600
24778069843767, 573756192
24778643671727, 578770183
24779222513884, 875447693
24780098032425, 945064107
24781043168116, 556933208
24781600173493, 799313490
24782399558490, 564056108
24782963684795, 580020290
24783543776764, 573159989
24784117011738, 578350555
24784695432862, 574070251
24785269575369, 581041057
24785850688790, 984154361
24786834913927, 909731394
24787744717541, 1177203049
24788921992433, 588113798
24789510178935, 589014515
24790099266092, 970920533
24791070258745, 585918357
24791656246406, 565047694
24792221363403, 1185284576
24793406720297, 590553579
24793997343873, 875057585
24794872469824, 962216350
24795834902334, 595539062
24796430617778, 580005692
24797010718168, 742351224
24797753144864, 581541314
24798334742686, 586291642
24798921091990, 589655877
24799510805781, 857428315
24800368292367, 601289092
24800969645956, 855053138
24801824754947, 1238910307
24803063723469, 584461779
24803648246749, 590042554
24804238345900, 970196289
24805208600602, 597142240
24805805801230, 584011643
24806389871002, 581869167
24806971806960, 776584592
24807748451722, 581407640
24808329916698, 866624224
24809196597311, 960191593
24810156846146, 581577315
24810738480149, 2011914987
24812750456868, 586407154
24813336925050, 590151346
24813927135749, 594554866
24814521748146, 584560678
24815106415793, 580524107
24815687014328, 580348088
24816267421622, 863138320
24817130616207, 933413999
24818064086302, 589987712
24818654131228, 586008663
24819240194976, 590025363
24819830276629, 586020521
24820416351461, 573616783
24820990025849, 583053870
24821573137322, 768476119
24822341671604, 565042851
24822906772482, 852652487
24823759479850, 1171683946
24824931220142, 585782542
24825517059506, 597587381
24826114704192, 580629736
24826695392891, 746330263
24827441779605, 587187419
24828029022823, 605488670
24828634568145, 1349033451
24829983658886, 594871446
24830578590648, 877669175
24831456318173, 1072086663
24832528463868, 623246831
24833151768864, 581944920
24833733771993, 1027007301
24834760838020, 596191280
24835357087200, 588011912
24835945155315, 581498422
24836526709609, 595823220
24837122590144, 580041640
24837702688448, 1167638094
24838870388235, 948798777
24839819245761, 589217024
24840408527252, 596046230
24841004629594, 648451004
24841653137225, 595513197
24842248707510, 585980136
24842834745397, 592436946
24843427238300, 625326140
24844052622187, 600002326
24844652683613, 864906385
24845517644344, 1333095176
24846850796466, 592610957
24847443466958, 598309967
24848041833736, 910420230
24848952312691, 595199432
24849547568659, 577797707
24850125425547, 596338338
24850721820620, 732721652
24851454599948, 596857178
24852051512995, 859871182
24852911439512, 1198182856
24854109682723, 581843711
24854691584538, 592391593
24855284050227, 1062630110
24856346740122, 577199014
24856923996498, 598557208
24857522611421, 1049362082
24858572054805, 599128484
24859171242326, 592377618
24859763678590, 1130015929
24860893749597, 935729697
24861829535913, 1079788254
24862909381052, 611012366
24863520451793, 579928771
24864100439011, 582802921
24864683301298, 584327283
24865267685008, 583399260
24865851142059, 607500623
24866458699978, 854086087
24867312845633, 910608485
24868223509970, 1294516399
24869518086849, 612136861
24870130282291, 590233757
24870720572708, 587637595
24871308269757, 604280994
24871912609523, 595301407
24872507967903, 615659412
24873123684260, 589044980
24873712788913, 623576152
24874336422762, 862957813
24875199437224, 1311407304
24876510903063, 606542265
24877117505943, 659884967
24877777448984, 593828518
24878371335530, 587509319
24878958902470, 612007189
24879570966335, 585699724
24880156725046, 1056866133
24881213649285, 583094933
24881796800341, 847458958
24882644317644, 952349799
24883596729326, 601754414
24884198541495, 584657064
24884783256709, 611472104
24885394787497, 592123553
24885986969432, 671285859
24886658317396, 586839391
24887245214965, 787789892
24888033061707, 582959085
24888616078851, 880627195
24889496853252, 1373394249
24890870358281, 610787596
24891481198562, 890647966
24892371888814, 595295792
24892967226592, 591612886
24893558880111, 589990349
24894148911757, 1055834291
24895204786133, 594334060
24895799160985, 621724313
24896420926830, 881350899
24897302314740, 969879012
24898272232958, 600413124
24898872684918, 1185583530
24900058309962, 591208634
24900649558610, 617850075
24901267450271, 1247330591
24902514820445, 648523677
24903163383667, 613952401
24903777375298, 614572803
24904391987024, 934130471
24905326157317, 978835999
24906305032071, 991617321
24907296691093, 611172130
24907907901466, 625450700
24908533391545, 616323374
24909149755426, 631275026
24909781071074, 624946811
24910406058186, 626512533
24911032609607, 600781989
24911633432213, 893144335
24912526614450, 969287561
24913495940962, 648973210
24914144958419, 630005263
24914775003734, 623117281
24915398161573, 620825496
24916019027399, 1071571534
24917090639066, 618303357
24917708983739, 625338821
24918334360283, 606477057
24918940875481, 911208125
24919852120127, 991273635
24920843436850, 618455777
24921461934101, 594132604
24922056105758, 610175338
24922666320723, 610471898
24923276832496, 1041153952
24924318025654, 611502402
24924929569478, 626187474
24925555797420, 1230038400
24926785896352, 905933570
24927691878157, 1151156226
24928843081462, 613530336
24929456651417, 632201918
24930088895642, 605554107
24930694489591, 616077522
24931310609982, 609082902
24931919732291, 621811135
24932541582361, 1188131075
24933729753525, 618243457
24934348048645, 915825193
24935263910135, 965704189
24936229654126, 611164162
24936840858092, 602977972
24937443874605, 611916874
24938055831920, 611456953
24938667327416, 606422783
24939273790107, 608795168
24939882625253, 1164658956
24941047323411, 625193217
24941672556944, 919669393
24942592263010, 976608114
24943568910788, 627242936
24944196193867, 625438016
24944821671823, 609235076
24945430947115, 610820346
24946041808434, 614078226
24946655929145, 617572332
24947273541221, 620649220
24947894229568, 607398907
24948501667941, 892797734
24949394504484, 980447138
24950374992514, 620332485
24950995365562, 606463769
24951601870183, 612159926
24952214070376, 730232611
24952944343335, 607192521
24953551575486, 611125449
24954162741210, 616705414
24954779487831, 620986929
24955400514237, 922380410
24956322930998, 1447505123
24957770478335, 621442340
24958391960878, 622729865
24959014731103, 621140428
24959635910867, 614764759
24960250714844, 625802781
24960876557367, 606698689
24961483294754, 1191575011
24962674911908, 602122463
24963277072621, 1514739910
24964791854591, 989827756
24965781722460, 619481161
24966401244052, 973968408
24967375252426, 609762209
24967985053828, 622762773
24968607855240, 970118805
24969578013452, 603470740
24970181523227, 616443974
24970798006088, 618907759
24971416953934, 993570581
24972410562517, 979888456
24973390488130, 623209252
24974013739692, 636713614
24974650492695, 620280943
24975270813901, 626217217
24975897070194, 613089445
24976510200425, 611677528
24977121917389, 625436491
24977747394735, 626636198
24978374070734, 1188014072
24979562121431, 976195148
24980538355909, 629809154
24981168204059, 622947128
24981791192724, 614760774
24982405993577, 616238325
24983022271967, 632013399
24983654324286, 625551851
24984279916712, 622673703
24984902633349, 628661688
24985531336680, 1310652200
24986842025137, 974831194
24987816895812, 622454185
24988439391995, 783433684
24989222864981, 620749034
24989843654310, 624962638
24990468659329, 609806846
24991078505310, 609612502
24991688156922, 625911000
24992314108806, 610773007
24992924921581, 1389169054
24994314128647, 969959022
24995284126374, 628248738
24995912416226, 620078396
24996532534431, 630925605
24997163501308, 610843293
24997774384584, 648399121
24998422825453, 621421156
24999044285894, 624297565
24999668622479, 960945677
25000629607938, 919874687
25001549524056, 984508199
25002534071227, 611846125
25003145957222, 618082942
25003764083948, 617940072
25004382064727, 973201235
25005355304461, 635835868
25005991182075, 2513921806
25008505144674, 643986977
25009149172594, 636191748
25009785404821, 922678920
25010708122443, 986360145
25011694521223, 620073061
25012314634778, 634129081
25012948803364, 624187626
25013573031732, 633329927
25014206403632, 624235571
25014830678396, 633868260
25015464586540, 622784528
25016087411951, 639644464
25016727096130, 984873416
25017712017003, 989645798
25018701702976, 630543305
25019332286495, 634968513
25019967294104, 621034842
25020588370203, 638907841
25021227317913, 633635166
25021860997132, 728172599
25022589209886, 621775066
25023211027021, 619955833
25023831023233, 936403722
25024767465506, 990753677
25025758259588, 636687639
25026394987581, 635464736
25027030492282, 623457304
25027653990819, 634662004
25028288693910, 645499183
25028934234722, 623147971
25029557421445, 635757703
25030193219617, 625581927
25030818841800, 1294344285
25032113223796, 990986481
25033104250789, 638256977
25033742548504, 627564568
25034370152081, 633390844
25035003583818, 638748779
25035642374191, 627658084
25036270074604, 683003471
25036953118350, 639911305
25037593070195, 673959853
25038267075551, 967892696
25039235008175, 999752386
25040234802224, 2420930022
25042655772344, 635420102
25043291234390, 1154780590
25044446054197, 634712925
25045080807498, 622387617
25045703232874, 615929652
25046319202497, 635219028
25046954461187, 641380168
25047595880717, 932256246
25048528173734, 978282146
25049506494042, 643415669
25050149949076, 633602037
25050783590631, 640440903
25051424070927, 636343081
25052060452866, 645154106
25052705646550, 634384808
25053340069900, 641348167
25053981458895, 620341289
25054601841241, 927957133
25055529836122, 994087261
25056523962114, 635643897
25057159645748, 631804999
25057791490849, 641323650
25058432854632, 642396786
25059075290732, 645493797
25059720824040, 616379984
25060337242700, 643332661
25060980614563, 645347134
25061626001155, 937699644
25062563737713, 994806414
25063558582831, 641716683
25064200338074, 633085858
25064833472144, 619930553
25065453442155, 644618193
25066098099781, 626202692
25066724342122, 629811912
25067354191609, 622357610
25067976587646, 632254853
25068608881533, 931258302
25069540175735, 993868028
25070534083105, 648488428
25071182611435, 635881472
25071818531385, 636099768
25072454673833, 647474807
25073102188763, 639699012
25073741928561, 638913694
25074380881825, 628658568
25075009579836, 637848302
25075647468190, 936983663
25076584488597, 992020415
25077576548135, 648572434
25078225159160, 712837597
25078938040377, 645111311
25079583190560, 661196228
25080244426652, 650688638
25080895155719, 621635286
25081516830194, 632778196
25082149648121, 651637773
25082801324827, 939813788
25083741180101, 1003603037
25084744826951, 651108540
25085395976661, 635803712
25086031820066, 649148472
25086681008698, 649866964
25087330917287, 637391166
25087968347455, 640418204
25088608804875, 641393686
25089250243576, 681082219
25089931365336, 965753670
25090897172054, 997112054
25091894323622, 642399821
25092536763753, 635841428
25093172645835, 653257461
25093825944043, 659171632
25094485155569, 649261581
25095134456965, 649445721
25095783941373, 649649620
25096433631617, 651037832
25097084709157, 945911266
25098030658151, 1025077199
25099055776263, 651153678
25099706973315, 677582263
25100384596510, 665554784
25101050193520, 645999296
25101696231564, 634637993
25102330909993, 661210785
25102992158634, 649735425
25103641934074, 640124238
25104282098085, 963330203
25105245465085, 1011383782
25106256888843, 661172697
25106918101263, 654507445
25107572649361, 651221293
25108223909418, 651162146
25108875111414, 653165815
25109528317172, 655923127
25110184278721, 653947849
25110838266330, 632068830
25111470373498, 984526907
25112454935364, 1016083703
25113471057288, 639330139
25114110425477, 656951789
25114767417557, 645039866
25115412497466, 660785518
25116073323214, 633180416
25116706544943, 661578149
25117368160866, 635671387
25118003871611, 647079200
25118650989958, 971115919
25119622143437, 1001076375
25120623258974, 648675097
25121271975095, 661302104
25121933315022, 653963774
25122587318266, 652886747
25123240244170, 653806981
25123894090760, 662199520
25124556328152, 634649803
25125191018644, 661074288
25125852136149, 963090893
25126815264068, 1012236219
25127827539630, 655713256
25128483291899, 648021901
25129131354110, 641417766
25129772811392, 692390953
25130465245422, 661244714
25131126530897, 667576392
25131794146715, 656774576
25132450962621, 654335660
25133105338328, 971631267
25134077008169, 1016782437
25135093830586, 654930325
25135748801621, 652181923
25136401023290, 650211336
25137051274538, 655954234
25137707269432, 673563687
25138380875115, 653121579
25139034036334, 649291844
25139683367288, 664880076
25140348287745, 964431353
25141312756506, 1010687946
25142323483652, 651345460
25142974870885, 653189083
25143628099661, 655926853
25144284066989, 662956993
25144947065070, 652651212
25145599758640, 653283005
25146253082763, 648688781
25146901814361, 662617665
25147564471587, 968896682
25148533407551, 1007865597
25149541312874, 656794673
25150198146842, 652062455
25150850248672, 652572761
25151502861553, 657171976
25152160072100, 636314238
25152796426191, 655599378
25153452064323, 674724092
25154126828696, 664577510
25154791446297, 977503214
-------------
--------->>>>0<<<<---------