---inserts---
14502161170286, 4257826690976
18759998005134, 4315279536
18764314149806, 2162011050
18766476309511, 2642530453
18769118957368, 1744295454
18770863380911, 1842572516
18772706077517, 1717489416
18774423694374, 962623391
18775386436689, 1598533000
18776985087829, 2737011579
18779722209814, 3436468293
18783158799827, 2059998568
18785218933241, 1062299326
18786281359435, 1260890933
18787542368346, 1637728572
18789180225528, 1669113328
18790849454987, 1222160060
18792071725646, 855754920
18792927594448, 1411721068
18794339437000, 1333116093
18795672660103, 1306368348
18796979138266, 835111477
18797814374619, 872027995
18798686519547, 869837828
18799556470611, 1242479295
18800799079299, 689801441
18801489044505, 943475970
18802432627882, 648804671
18803081542310, 641484893
18803723133810, 1197315623
18804920548245, 2108349989
18807029001756, 663929555
18807693034740, 683369749
18808376505627, 690013870
18809066623196, 902592510
18809969319585, 626000176
18810595452460, 783252681
18811378816614, 1091573174
18812470511180, 701382444
18813172037992, 905319741
18814077445900, 1078884865
18815156427284, 621309568
18815777831919, 635472763
18816413397812, 610793879
18817024289979, 610646428
18817635032081, 636401349
18818271528463, 631695745
18818903317776, 666756060
18819570168275, 614530931
18820184793775, 1005460311
18821190345260, 1037036088
18822227476788, 609894521
18822837467612, 625421018
18823462988830, 608535660
18824071622636, 821666156
18824893387351, 662902504
18825556389923, 618230507
18826174722225, 617233599
18826792065871, 644906812
18827437069571, 900802602
18828337961156, 1001008147
18829339068916, 642872593
18829982037674, 625278552
18830607417832, 612620941
18831220136121, 604694398
18831824929289, 598234532
18832423272565, 571071573
18832994440995, 629418555
18833623953519, 638809096
18834262861459, 845049261
18835108013111, 1043646879
18836151755518, 603371587
18836755223890, 606252039
18837361568545, 604497864
18837966163742, 617702232
18838583962168, 647047650
18839231106201, 594432767
18839825633854, 604094842
18840429830726, 605337773
18841035262928, 873154746
18841908512266, 1023106573
18842931712607, 588486992
18843520293949, 591387356
18844111774158, 631722964
18844743587916, 616523503
18845360207529, 599348823
18845959651572, 599251789
18846559000459, 613522724
18847172621524, 612895751
18847785612127, 876486369
18848662186092, 1021002404
18849683288110, 626226268
18850309614458, 599377253
18850909089088, 615659125
18851524847613, 592637628
18852117585026, 593424381
18852711324882, 609486231
18853320909959, 596188683
18853917196552, 607879626
18854525171805, 980527145
18855505788704, 1041482166
18856547368458, 605230401
18857152702684, 583225578
18857736032472, 595871829
18858331996309, 587897492
18858919986853, 580828230
18859500910323, 615300220
18860116309537, 574057598
18860690465296, 607319312
18861297902653, 957035331
18862255101249, 1006489920
18863261693217, 591786240
18863853579918, 576926773
18864430606356, 584331981
18865015037817, 590098956
18865605288827, 591852438
18866197237199, 594747747
18866792096695, 570158059
18867362351649, 582420292
18867944868822, 982680366
18868927637008, 972319936
18869900061584, 571564295
18870471716688, 578718325
18871050537999, 582092889
18871632725039, 609022198
18872241882221, 593385062
18872835364212, 594968957
18873430431937, 596409509
18874027027661, 577898096
18874605022839, 953960207
18875559071632, 967352278
18876526516751, 584678929
18877111288750, 565215818
18877676601089, 589584477
18878266279492, 572071463
18878838446789, 585250751
18879423793165, 568054183
18879991940451, 561124470
18880553160447, 600345940
18881153600616, 944700721
18882098390067, 964853893
18883063349508, 571163804
18883634604266, 579960775
18884214656010, 562062964
18884776810467, 576093062
18885352996630, 572595395
18885925686572, 566728039
18886492507570, 568443129
18887061045167, 559787668
18887620929025, 830318408
18888451335261, 961846549
18889413284548, 581178667
18889994556897, 568070708
18890562720394, 563773991
18891126588887, 576948541
18891703634908, 558445846
18892262183858, 584998384
18892847279372, 551548669
18893398926830, 587024741
18893986045740, 945861048
18894931996102, 952241048
18895884332272, 556597965
18896441023530, 575606449
18897016727357, 575604774
18897592427011, 573645101
18898166172671, 562055855
18898728321105, 582582920
18899310998827, 569727739
18899880819283, 573888733
18900454800587, 939330802
18901394219563, 941662536
18902335975978, 566738535
18902902806548, 552961573
18903455862610, 553018150
18904008974179, 581573297
18904590638080, 554485007
18905145219057, 576472814
18905721786010, 549928822
18906271811106, 560705898
18906832610361, 807455845
18907640155901, 940310089
18908580561568, 576796045
18909157451839, 558577097
18909716122124, 564071969
18910280286921, 570739836
18910851120367, 553124247
18911404340428, 567179539
18911971613318, 572166442
18912543871254, 553899465
18913097865272, 802366283
18913900320208, 934391069
18914834801245, 573758033
18915408654641, 568463551
18915977209191, 573177858
18916550480407, 555848580
18917106424411, 554944218
18917661462078, 561642555
18918223202715, 568381022
18918791680345, 565607554
18919357383066, 832751239
18920190221962, 942811810
18921133127526, 558802890
18921692037285, 579815083
18922271948898, 561474795
18922833524938, 576308396
18923409926797, 567852373
18923977872873, 556095150
18924534063117, 559465262
18925093637133, 570767241
18925664496758, 795102454
18926459685535, 921317195
18927381097464, 555178444
18927936368242, 567732877
18928504190246, 552985960
18929057271320, 598206458
18929655571213, 571763986
18930227427859, 558505121
18930786024871, 546700171
18931332819641, 565463393
18931898377278, 803275439
18932701743004, 919785226
18933621619569, 570605489
18934192318257, 543720890
18934736134539, 568436728
18935304664914, 543598205
18935848362725, 566329928
18936414782939, 551767125
18936966642123, 558398003
18937525134031, 572484927
18938097712831, 961762169
18939059565469, 921895490
18939981555291, 562433033
18940544095445, 564611428
18941108797719, 560662867
18941669555379, 561500213
18942231147583, 556189550
18942787430515, 556385448
18943343908200, 555412503
18943899412836, 564398765
18944463900635, 833425514
18945297413894, 928746858
18946226249533, 555123954
18946781465301, 568959423
18947350521633, 548043754
18947898660195, 582243925
18948480997256, 559888673
18949040978899, 563923908
18949604996346, 553071038
18950158160354, 568353275
18950726603813, 802267850
18951528961679, 915852955
18952444912509, 574768048
18953019774821, 557521283
18953577390905, 562897908
18954140391082, 549929623
18954690423749, 552236986
18955242771705, 566158425
18955809032470, 565198070
18956374322606, 574108590
18956948529079, 826412044
18957775030078, 919241133
18958694365888, 569466027
18959263928230, 550611043
18959814631911, 580231477
18960394962706, 563625713
18960958682704, 573048937
18961531826275, 561159392
18962093080733, 555258437
18962648433096, 571376324
18963219904982, 829330540
18964049325012, 940946419
18964990363013, 559838410
18965550293728, 594134705
18966144523496, 548771758
18966693384977, 588086892
18967281567526, 574295497
18967855956867, 565459957
18968421513036, 565830624
18968987436442, 592077594
18969579609865, 811981090
18970391684123, 915485965
18971307272009, 560002661
18971867373656, 559715604
18972427185555, 556163188
18972983448966, 591571593
18973575121413, 553408265
18974128628052, 574671002
18974703395780, 565059756
18975268557088, 561769273
18975830424754, 823786484
18976654325198, 927268926
18977581718874, 565702369
18978147520763, 561346024
18978708967746, 564952144
18979274020433, 554052100
18979828170537, 564284117
18980392552524, 561416454
18980954073222, 562517046
18981516689570, 550510064
18982067300972, 818569270
18982885967132, 925335654
18983811400235, 570515714
18984382015482, 569057403
18984951174577, 568404035
18985519678352, 560699670
18986080475093, 548338058
18986628914652, 578681014
18987207718401, 564943719
18987772943017, 548548326
18988321604361, 826101057
18989147781989, 943272928
18990091133131, 564226252
18990655438666, 572527870
18991228056405, 566287343
18991794420203, 593289697
18992387788169, 572432756
18992960299859, 581907973
18993542288252, 575297223
18994117663976, 577666731
18994695406964, 948418246
18995643912312, 928452037
18996572457950, 603807596
18997176344313, 576375206
18997752798533, 581618081
18998334495375, 571321933
18998905895500, 571200232
18999477174027, 562210815
19000039464128, 601860312
19000641401803, 566534153
19001208031291, 965075359
19002173181019, 933477334
19003106756125, 568097375
19003674942467, 589498540
19004264532350, 572714148
19004837324662, 557115345
19005394518775, 591516710
19005986114303, 571794809
19006557988089, 572535265
19007130602225, 555174958
19007685857049, 985508503
19008671440062, 937847947
19009609363432, 565967311
19010175409803, 561550032
19010737040732, 571331287
19011308451119, 574507137
19011883034938, 554135620
19012437253554, 568357716
19013005688891, 566286552
19013572062287, 568366980
19014140507114, 835266515
19014975849829, 935279747
19015911209531, 568891964
19016480180311, 567318325
19017047576667, 566791724
19017614447733, 572783536
19018187310555, 567412519
19018754802031, 554514419
19019309403411, 563791255
19019873273074, 578781242
19020452131186, 839602332
19021291808139, 942838959
19022234725328, 571067519
19022805873127, 570281377
19023376233794, 568479818
19023944792234, 555593869
19024500465408, 579235664
19025079779280, 571950232
19025651809752, 569099245
19026220989446, 560401962
19026781475585, 862268868
19027643822712, 950015886
19028593919304, 570384636
19029164417700, 575792241
19029740289335, 572557666
19030312925726, 595102980
19030908109540, 569565731
19031477753975, 586367511
19032064202082, 566405228
19032630685649, 565244696
19033196095822, 818932328
19034015127562, 940847890
19034956082690, 585932453
19035542150647, 575318876
19036117586834, 611646741
19036729382665, 563477370
19037292971015, 586015097
19037879063600, 552025046
19038431151964, 572823367
19039004050408, 572675128
19039576788672, 848651151
19040425500880, 930463114
19041356039645, 553840189
19041909943870, 568304525
19042478313641, 563918846
19043042297257, 599902285
19043642263613, 564314754
19044206643770, 556575833
19044763283284, 589775687
19045353127566, 581775781
19045934967732, 973786975
19046908815007, 933520331
19047842401267, 566282289
19048408750274, 595197624
19049004027400, 578303626
19049582396512, 584912751
19050167372460, 590093429
19050757531791, 582224631
19051339821640, 573498255
19051913385771, 580903851
19052494355385, 831632114
19053326048058, 932136449
19054258251244, 607198068
19054865515645, 558730642
19055424309020, 591932834
19056016307552, 585398789
19056601769399, 585051678
19057186886080, 571606319
19057758556892, 602304221
19058360923760, 579006205
19058939992914, 847407998
19059787461373, 930894729
19060718418756, 572539791
19061291022893, 600568681
19061891655791, 601319931
19062493040128, 584107080
19063077212555, 607293562
19063684582167, 581210837
19064265860917, 601065707
19064866993942, 576670021
19065443729114, 871007933
19066314797964, 978569863
19067293432035, 606756314
19067900256335, 619539016
19068519861709, 586837707
19069106765386, 608551877
19069715390812, 598297367
19070313751859, 614073780
19070927891545, 573458012
19071501416392, 600235791
19072101718227, 854427850
19072956207404, 938696981
19073894968357, 595994926
19074491027561, 582792593
19075073885120, 620679977
19075694639493, 590030998
19076284734801, 584917208
19076869717746, 596500027
19077466280819, 594049153
19078060399616, 569994173
19078630458415, 888208895
19079518734140, 971965335
19080490764594, 586295833
19081077128714, 593011366
19081670204097, 581171271
19082251439539, 611268099
19082862769076, 595301556
19083458135120, 586341588
19084044570213, 595899112
19084640532268, 587415676
19085228046707, 871597888
19086099707040, 958863945
19087058636830, 586335863
19087645036349, 607082854
19088252185375, 599249290
19088851505098, 613991445
19089465565435, 622970318
19090088601742, 600000882
19090688670749, 571943878
19091260681364, 577099640
19091837846315, 830730987
19092668639979, 937952968
19093606657180, 598166940
19094204890349, 589600261
19094794555825, 582483633
19095377105074, 585244477
19095962417411, 588232418
19096550715334, 578454373
19097129237071, 591079476
19097720383761, 578010707
19098298462247, 847098436
19099145623017, 942317106
19100088018544, 587209702
19100675293171, 645044128
19101320403402, 585143658
19101905612670, 587228060
19102492908710, 589571623
19103082547340, 579756189
19103662371527, 575391303
19104237826465, 575837710
19104813730935, 846393974
19105660187206, 926115243
19106586366959, 611457395
19107197889274, 593820521
19107791777004, 599593079
19108391435932, 584266262
19108975768037, 579409454
19109555243323, 588663724
19110143974022, 618851085
19110762890685, 586412678
19111349370098, 857574130
19112207004582, 929503725
19113136574175, 580847640
19113717488540, 622019695
19114339572297, 608704511
19114948344054, 595169511
19115543580017, 601361104
19116145007324, 593749672
19116738822830, 600540983
19117339430343, 579190964
19117918689531, 845737952
19118764488985, 941261617
19119705864775, 595978167
19120301961732, 615379702
19120917461447, 583371076
19121500890743, 589766955
19122090713717, 585106764
19122675877226, 598036130
19123273969209, 595807370
19123869832733, 601162217
19124471050441, 864134464
19125335239414, 971725194
19126307020679, 614570178
19126921648943, 589608604
19127511314429, 615968123
19128127337592, 583869281
19128711264113, 595661120
19129306980922, 571330543
19129878368378, 592254326
19130470678621, 583898497
19131054634152, 851060784
19131905749090, 979889913
19132885697030, 590038567
19133475793475, 592721448
19134068571212, 589287877
19134657917851, 612384872
19135270361120, 605916212
19135876337378, 625734116
19136502209473, 599582484
19137101895954, 612943536
19137714895315, 901747376
19138616694695, 981803270
19139598553020, 608680834
19140207288640, 613695066
19140821044056, 613160220
19141434258245, 584879415
19142019192057, 613174653
19142632423042, 590017610
19143222497369, 620049174
19143842602561, 602585187
19144445241709, 880251145
19145325565791, 982791540
19146308440449, 613648390
19146922143170, 603476882
19147525673090, 600600310
19148126329292, 634764905
19148761147746, 606039919
19149367243336, 607548687
19149974846481, 600191643
19150575097427, 611837983
19151186987149, 869173748
19152056211389, 964996264
19153021261527, 603866371
19153625181394, 611629555
19154236862949, 621625243
19154858541691, 599287275
19155457882597, 601373503
19156059312335, 591586688
19156650952278, 599753520
19157250757403, 609026537
19157859836856, 891316693
19158751205023, 961805371
19159713063643, 612545910
19160325663745, 607868836
19160933586238, 616456097
19161550095942, 625919422
19162176072836, 598603438
19162774733798, 624030790
19163398820532, 605267724
19164004140689, 591690438
19164595885639, 878052454
19165473989184, 961630256
19166435675456, 625908703
19167061642532, 599449805
19167661148354, 627717372
19168288922082, 608287911
19168897265116, 614642576
19169511959635, 614151990
19170126165667, 606675574
19170732896477, 607807122
19171340759133, 880003802
19172220819622, 977975177
19173198850285, 609236103
19173808143453, 651847860
19174460062992, 600879415
19175060996965, 626996352
19175688060217, 608742817
19176296858262, 667125350
19176964063938, 603323971
19177567444311, 622731783
19178190230618, 885028408
19179075314156, 979297766
19180054667101, 638112352
19180692834729, 606959441
19181299849580, 629135723
19181929042768, 603592884
19182532693073, 620149451
19183152895597, 610178347
19183763128463, 621511004
19184384692756, 597383139
19184982134876, 909996885
19185892181944, 994977194
19186887213147, 609026316
19187496295214, 624461279
19188120809097, 620998088
19188741861282, 613626290
19189355540759, 599581094
19189955177678, 635900912
19190591130791, 603857794
19191195043659, 600629394
19191795725596, 918796348
19192714575133, 985438447
19193700067059, 618545640
19194318665122, 605898202
19194924619021, 627708291
19195552379539, 622781243
19196175216730, 624640537
19196799909624, 614491654
19197414455783, 618502301
19198033013045, 609826498
19198642895603, 900708099
19199543654399, 989212479
19200532922179, 609110301
19201142088245, 629499567
19201771643654, 606432877
19202378132890, 622697958
19203000886105, 618048372
19203618989564, 621035423
19204240080105, 633821757
19204873958355, 622882781
19205496903392, 910847158
19206407836522, 1007548906
19207415505609, 630171767
19208045719270, 625069411
19208670832263, 618581995
19209289454766, 621045910
19209910543621, 638469211
19210549054646, 615430099
19211164528122, 637613924
19211802185489, 628541974
19212430769760, 915201346
19213346011880, 1006443061
19214352497141, 635591759
19214988131532, 633616319
19215621790158, 620577884
19216242411360, 627811149
19216870265105, 623759179
19217494064272, 630448235
19218124555445, 624440781
19218749038749, 629496892
19219378576283, 912054564
19220290674007, 987275047
19221277989293, 631902635
19221909934348, 627393578
19222537370622, 666592572
19223204038022, 627239571
19223831320211, 637758656
19224469122115, 611642672
19225080806789, 634775090
19225715623919, 612025467
19226327691388, 935206807
19227262938431, 1005214419
19228268197418, 632136104
19228900379959, 659412352
19229559837365, 635131729
19230195012935, 714758476
19230909814621, 631693662
19231541551744, 655326675
19232196921256, 612285153
19232809250436, 621475966
19233430769294, 939411237
19234370221319, 1002105970
19235372369087, 635876031
19236008287533, 632573699
19236640902347, 642243267
19237283187719, 628370478
19237911600093, 632287953
19238543929878, 625273562
19239169243666, 610032092
19239779320475, 620321241
19240399687190, 918981575
19241318710261, 1000277444
19242319031820, 631315919
19242950389454, 625376525
19243575809705, 632555579
19244208409415, 634790713
19244843244462, 636013468
19245479302317, 649488930
19246128835171, 615642957
19246744520984, 641474914
19247386039493, 922047958
19248308129801, 990211607
19249298384283, 641987245
19249940414038, 622802403
19250563258256, 632468649
19251195783409, 636072903
19251831900213, 622079060
19252454020809, 623404403
19253077467200, 633965542
19253711474669, 621243319
19254332762046, 928208667
19255261012773, 1015484726
19256276544415, 630598799
19256907188042, 620085018
19257527316201, 652794636
19258180156500, 639191534
19258819391583, 647261207
19259466697038, 631716542
19260098458590, 644777378
19260743279589, 612511244
19261355837761, 915940830
19262271819505, 999196087
19263271057368, 630892051
19263901992675, 635628367
19264537666171, 632196628
19265169906598, 644360726
19265814311702, 626105202
19266440459442, 620049923
19267060552793, 617633131
19267678227717, 653308476
19268331577931, 931605768
19269263225176, 990853900
19270254120795, 671234085
19270925395873, 625859297
19271551296511, 658600031
19272209939175, 644806344
19272854785753, 650297974
19273505125575, 637280758
19274142449111, 632994899
19274775485771, 633147858
19275408675569, 922229450
19276330944120, 1001718730
19277332703757, 635127381
19277967876974, 633455689
19278601375417, 643490712
19279244911807, 631792225
19279876747620, 623160536
19280499951607, 642359301
19281142351453, 626048187
19281768442417, 644360084
19282412844080, 914352398
19283327238031, 993885034
19284321164390, 636570378
19284957778214, 634658394
19285592477969, 631938358
19286224460298, 628273377
19286852774929, 635357224
19287488175054, 635944377
19288124162450, 621330226
19288745535690, 629381251
19289374959210, 918058598
19290293060096, 995246477
19291288348842, 639960229
19291928350226, 627337065
19292555728983, 611092119
19293166861315, 626030561
19293792932037, 635162744
19294428137229, 619831683
19295048023669, 642128884
19295690194181, 630147639
19296320382063, 948696110
19297269115503, 1006268862
19298275425053, 633129274
19298908596918, 626190530
19299534827829, 627636266
19300162505989, 627495713
19300790044659, 616548108
19301406634295, 609789965
19302016465850, 624792574
19302641299927, 623220210
19303264560101, 945897695
19304210498802, 967999330
19305178538260, 623207535
19305801788283, 641250409
19306443078929, 611591271
19307054711795, 636124048
19307690877186, 636779484
19308327697186, 628820169
19308956557784, 609496168
19309566099073, 629846276
19310195985249, 940055031
19311136079786, 982749584
19312118870347, 627002702
19312745914645, 626194434
19313372153972, 640127600
19314012321437, 610360346
19314622727175, 625989237
19315248759135, 638519469
19315887318902, 641051680
19316528411998, 640439883
19317168892610, 929918071
19318098849436, 998818557
19319097713213, 632700192
19319730452971, 627088254
19320357582001, 620885977
19320978509073, 618055256
19321596605555, 633957655
19322230603293, 627034501
19322857679180, 620551402
19323478271549, 629526550
19324107838437, 911538195
19325019416529, 976273955
19325995731173, 630145926
19326625919749, 640777788
19327266739678, 623767940
19327890551604, 628871744
19328519464453, 610818522
19329130324359, 645446148
19329775812424, 628006291
19330403859624, 646707281
19331050606950, 940329828
19331990976709, 975052724
19332966069879, 626981965
19333593092804, 630683744
19334223816798, 624048971
19334847908957, 630404620
19335478355464, 631833772
19336110232381, 622295944
19336732568316, 620557162
19337353166704, 632479920
19337985687874, 920429775
19338906157618, 981795853
19339887992963, 707730672
19340595766483, 623871695
19341219679134, 662526014
19341882246726, 619739101
19342502027706, 622621510
19343124690282, 625671445
19343750402294, 635564322
19344386007891, 633286271
19345019334034, 918192617
19345937566601, 992864146
19346930471659, 615189142
19347545702022, 641314527
19348187057160, 633624931
19348820723457, 639340650
19349460106313, 636721277
19350096869077, 648426419
19350745337478, 636786688
19351386768540, 632619546
19352019427587, 925253951
19352944720545, 979269635
19353924043791, 612878530
19354536963660, 638054282
19355175059222, 626391412
19355801489500, 648886416
19356450417626, 618852650
19357069311455, 622856868
19357692210682, 650022681
19358342276708, 635720884
19358978040571, 955131977
19359933215749, 993927729
19360927187618, 647502474
19361574733379, 638776602
19362213550689, 624714707
19362838308554, 634666946
19363473018895, 637014067
19364110075072, 643001603
19364753119701, 640393650
19365393557488, 656193391
19366049795621, 955448827
19367005285179, 984625391
19367989951085, 650453001
19368640445677, 649774338
19369290263330, 634447150
19369924751614, 638327792
19370563123069, 645895418
19371209059528, 629006015
19371838107334, 644486640
19372482634282, 635987459
19373118662955, 968464213
19374087166719, 979022265
19375066232601, 649572742
19375715847921, 636118568
19376352023611, 649224811
19377001287751, 645681941
19377647010250, 643501361
19378290552268, 657037216
19378947640686, 657051547
19379604731897, 617341175
19380222115452, 931677508
19381153831737, 989405332
19382143278244, 631432217
19382774751149, 642378119
19383417169195, 633165575
19384050376351, 624452462
19384674876686, 635572090
19385310489898, 639729624
19385950260698, 628903113
19386579207193, 629963412
19387209212378, 949950297
19388159202102, 995590872
19389154834773, 641382471
19389796259936, 650991633
19390447295192, 637037644
19391084377216, 652759360
19391737180682, 645345212
19392382569482, 649629085
19393032239286, 639913385
19393672195632, 643206514
19394315446132, 950522922
19395266026547, 978389407
19396244458427, 682738617
19396927239572, 657980547
19397585266102, 685335333
19398270641683, 642669584
19398913351980, 651732479
19399565126508, 639857843
19400205024234, 647826871
19400852893862, 638196181
19401491131884, 958901803
19402450073731, 1004951306
19403455065649, 666757192
19404121865167, 649511056
19404771416758, 655976058
19405427431235, 649312945
19406076785812, 635534360
19406712360578, 640103169
19407352505105, 652691563
19408005236565, 640091173
19408645368694, 940636946
19409586043285, 992406858
19410578490704, 644166847
19411222698289, 653576964
19411876316413, 647389423
19412523746274, 643860479
19413167646803, 637342207
19413805029356, 651597412
19414456670042, 629845514
19415086557023, 634135690
19415720732832, 945545470
19416666316398, 1003905058
19417670260944, 644428206
19418314729545, 644302644
19418959072285, 643623063
19419602735827, 652003299
19420254778636, 648611452
19420903432400, 653275483
19421556748039, 650634552
19422207423971, 643524245
19422850988486, 952854342
19423803881969, 993469687
19424797392002, 651635286
19425449070082, 661050803
19426110163110, 656410246
19426766613712, 638476049
19427405129574, 653026157
19428058196747, 648724220
19428706966448, 639090116
19429346098677, 647808980
19429993948924, 933761429
19430927750622, 1006344460
19431934136935, 652883206
19432587061888, 651806907
19433238911465, 674991504
19433913945165, 656216073
19434570203390, 665625329
19435235871652, 654954033
19435890867249, 680312123
19436571220343, 656632656
19437227893075, 980790335
19438208723987, 1014560591
19439223325326, 652390699
19439875758376, 653323176
19440529123351, 665986007
19441195159953, 671574022
19441866776331, 677519959
19442544338688, 664496741
19443208877810, 676730815
19443885650872, 655599289
19444541292858, 984209174
19445525542310, 1044167314
19446569753285, 719542389
19447289350970, 685170890
19447974563696, 689612807
19448664218802, 648283724
19449312545951, 653674729
19449966263132, 669125367
19450635432660, 665444431
19451300921749, 671281799
19451972246231, 985449057
19452957738107, 1025960118
19453983738512, 663744466
19454647527393, 674166915
19455321736067, 662223776
19455984014620, 673974312
19456658032159, 664251911
19457322327103, 681138687
19458003509677, 733219525
19458737673778, 663980641
19459401695774, 1006702253
-------------
--------->>>>0<<<<---------