---inserts---
28846451078900, 10802416700853
39648879638678, 4422262338
39653302737440, 2741644613
39656044499862, 2877874900
39658922492184, 2645867418
39661568478573, 2666505352
39664235099017, 1705168376
39665940392513, 1781280431
39667721786514, 769664756
39668491571685, 2899785101
39671391465190, 2758969072
39674150554660, 2437281239
39676587976181, 1090607920
39677678695277, 1701966231
39679380778022, 1963212375
39681344105673, 1513449357
39682857659106, 885207554
39683742970238, 766136310
39684509209962, 896577324
39685405891884, 1140713249
39686546701321, 1682310744
39688229119862, 732543354
39688961774079, 716671148
39689678558694, 647901814
39690326574244, 1473820730
39691800629715, 685824910
39692486605906, 812059676
39693298760033, 829126635
39694127983824, 818183925
39694946263714, 1192223478
39696138581296, 1303367515
39697442047675, 653922507
39698096087578, 689387136
39698785570274, 649093547
39699434759776, 659886257
39700094741582, 860953107
39700955810120, 648094958
39701604023698, 667875983
39702272023190, 622467507
39702894612167, 1078807330
39703973508524, 1112380590
39705085982970, 783992385
39705870070485, 669893466
39706540070201, 1027719051
39707567888199, 601241883
39708169230432, 910701778
39709080035188, 624621191
39709704748957, 618989342
39710323831357, 622791865
39710946716921, 1018159562
39711964963664, 1049010095
39713014067387, 623273545
39713637433900, 646812366
39714284339258, 630168387
39714914602302, 613280178
39715527976342, 596675143
39716124748256, 599582391
39716724425891, 601495074
39717326016717, 617057729
39717943171869, 1031011686
39718974274655, 1008168261
39719982539943, 578933483
39720561571350, 594029548
39721155694391, 583626995
39721739418906, 596159046
39722335673729, 635012685
39722970781522, 623480854
39723594356427, 594325879
39724188778132, 615654235
39724804526588, 961975573
39725766594190, 1030235233
39726796919224, 583356095
39727380365360, 614313578
39727994769287, 587969635
39728582831628, 609073035
39729191996371, 577948104
39729770039267, 609270101
39730379400065, 599990710
39730979480513, 606259129
39731585834782, 975173315
39732561095401, 956051910
39733517238102, 581565124
39734098895021, 602843484
39734701827663, 601405224
39735303321229, 589904934
39735893322274, 597989258
39736491404179, 619801095
39737111295843, 577353482
39737688745093, 562067542
39738250907357, 814298741
39739065291632, 997800298
39740063183426, 607453324
39740670729845, 597022786
39741267845256, 594910217
39741862847727, 601568096
39742464505976, 575407325
39743040017622, 592184980
39743632294663, 587430537
39744219818556, 612126748
39744832049866, 990139328
39745822279677, 934633041
39746757003517, 584602670
39747341704824, 574767880
39747916564213, 577244562
39748493901706, 576212239
39749070205062, 573375727
39749643672711, 561197580
39750204966665, 589410593
39750794470978, 579728220
39751374311887, 951071921
39752325546865, 943095331
39753268748444, 582214215
39753851062175, 582107193
39754433269224, 568608259
39755001977047, 548547998
39755550648264, 591622020
39756142368136, 565050335
39756707511529, 551810830
39757259414694, 566087385
39757825599538, 952701456
39758778387988, 964026655
39759742507380, 597505255
39760340105724, 571568819
39760911772802, 554934468
39761466798307, 584200688
39762051107523, 559968328
39762611172553, 571378066
39763182653758, 579200980
39763761974414, 560036023
39764322106570, 817852737
39765140057729, 947993028
39766088147343, 589477253
39766677720173, 554364406
39767232179914, 591859140
39767824133194, 564715255
39768388945945, 559697698
39768948735623, 564899166
39769513724118, 577576697
39770091393001, 561001109
39770652491958, 926758463
39771579336184, 939428697
39772518858107, 543792853
39773062745828, 556142053
39773618979549, 555621028
39774174693157, 552567717
39774727350124, 544830065
39775272270098, 576106343
39775848470228, 547832188
39776396392004, 563248640
39776959730351, 914400948
39777874221959, 937415345
39778811727202, 552261264
39779364090243, 561798082
39779925976772, 542411360
39780468483485, 574660860
39781043236810, 536373271
39781579704114, 574577427
39782154372805, 531333536
39782685801818, 560449798
39783246344195, 908848601
39784155280590, 931958324
39785087329048, 547159626
39785634579369, 563560717
39786198230939, 557294764
39786755615290, 534160013
39787289867248, 544346970
39787834306146, 577975679
39788412374843, 564104336
39788976570045, 547349072
39789524021748, 935767144
39790459879411, 931301243
39791391280987, 560542931
39791951918154, 569952188
39792521964976, 548660254
39793070717685, 571530155
39793642339938, 551464829
39794193898257, 543746506
39794737737910, 566974954
39795304806282, 556885183
39795861791197, 824130729
39796686012558, 911965529
39797598070908, 566020914
39798164185585, 545899204
39798710176187, 565939836
39799276210007, 546510072
39799822813171, 557362472
39800380273623, 556667985
39800937032689, 558115473
39801495240639, 542586283
39802037918031, 778906334
39802816911112, 932942941
39803749947546, 541492016
39804291532024, 561139512
39804852764494, 531652014
39805384507941, 562455551
39805947055583, 547875746
39806495022561, 564238862
39807059353917, 541043046
39807600487485, 563571801
39808164154765, 777638335
39808941882108, 927505053
39809869491252, 557445710
39810427029034, 551093132
39810978218627, 544997957
39811523316654, 550621901
39812074030681, 560562936
39812634685979, 554456249
39813189233826, 547909359
39813737235621, 544569832
39814281894988, 796853287
39815078837336, 920997039
39815999928157, 542897962
39816542916267, 555757463
39817098765351, 548331047
39817647188011, 561130611
39818208412077, 532875629
39818741380918, 560315659
39819301792940, 546845416
39819848730682, 553233019
39820402055202, 798529944
39821200674978, 901188277
39822101954531, 559230061
39822661274528, 547882495
39823209250121, 540114796
39823749461788, 535445265
39824285003667, 559583408
39824844681675, 549178132
39825393955680, 564995615
39825959049292, 543182915
39826502329126, 818729851
39827321159364, 924709028
39828245961920, 552132525
39828798186606, 566038015
39829364315400, 550773549
39829915180398, 552632389
39830467905778, 542258848
39831010258005, 541052201
39831551402546, 530789845
39832082287775, 541289550
39832623667969, 797024522
39833420783853, 898356115
39834319233011, 550988263
39834870313086, 534667872
39835405074418, 568301710
39835973475072, 541674533
39836515241266, 551077486
39837066411170, 545992898
39837612495822, 545788864
39838158378859, 535233220
39838693703857, 778714378
39839472504700, 913415910
39840386019314, 554300172
39840940413935, 553838043
39841494350334, 549826101
39842044275759, 561504107
39842605884439, 548842414
39843154834907, 537762786
39843692694471, 540704980
39844233494930, 558132269
39844791720633, 796063123
39845587871459, 907143324
39846495109847, 549713116
39847044919146, 547213563
39847592226970, 561453380
39848153776426, 562077482
39848715950939, 565090268
39849281135463, 547049528
39849828278221, 570668618
39850399046641, 566500343
39850965642898, 800715602
39851766447839, 913332767
39852679874502, 554471896
39853234441397, 554430855
39853788968035, 555940869
39854345004566, 563504807
39854908605431, 557406819
39855466107789, 595635843
39856061849293, 572376869
39856634323914, 562630570
39857197054451, 818230162
39858015379835, 922128192
39858937606355, 565266412
39859502970933, 561888963
39860064956234, 593178381
39860658233369, 549124009
39861207455977, 556706204
39861764255250, 559214714
39862323568113, 543220875
39862866885715, 535732975
39863402715444, 818455783
39864221292267, 921805762
39865143211364, 553840292
39865697145852, 562099886
39866259339849, 557266167
39866816703387, 566693642
39867383491746, 545460607
39867929045108, 573777351
39868502914686, 550377424
39869053388569, 544582430
39869598067061, 800858891
39870399015592, 910469289
39871309579614, 577073355
39871886746272, 551911408
39872438751685, 576144714
39873014991456, 563219917
39873578304075, 594942180
39874173344737, 570836754
39874744314106, 578453706
39875323040372, 554302060
39875877452595, 837429057
39876714958492, 922999682
39877638037713, 565225806
39878203347362, 597501084
39878800928482, 563853568
39879364861793, 573688848
39879938630425, 557140960
39880495850442, 565411950
39881061342119, 552060303
39881613482839, 571617578
39882185180340, 802050543
39882987494479, 916456080
39883904048831, 550316226
39884454443702, 551804922
39885006325767, 559339916
39885565743796, 547697058
39886113518482, 594782327
39886708380919, 578587412
39887287045815, 571815002
39887858937868, 536549819
39888395564361, 810002130
39889205643422, 918260158
39890123982501, 551488030
39890675548611, 583154905
39891258785521, 551975799
39891810837798, 568095821
39892379022983, 554558387
39892933658494, 562966182
39893496702496, 555644782
39894052427940, 581712631
39894634218270, 797926129
39895432219469, 940542911
39896372840863, 562153428
39896935072572, 550175507
39897485325944, 544575292
39898029984042, 556497720
39898586561606, 594691946
39899181331062, 566304803
39899747719358, 558583212
39900306386524, 551573355
39900858042589, 828516883
39901686638951, 915961050
39902602683547, 561553574
39903164320614, 573840624
39903738246797, 569558298
39904307888702, 586357656
39904894329250, 561750461
39905456163049, 566499146
39906022746829, 559555917
39906582388883, 567255746
39907149727595, 800185672
39907949992944, 924218143
39908874289636, 609396353
39909483768135, 572865462
39910056715401, 563560900
39910620356452, 569584446
39911190023348, 565380011
39911755484989, 571318643
39912326883818, 602846384
39912929817285, 566410693
39913496313105, 837625272
39914334020756, 949928832
39915284059849, 587545303
39915871687393, 579873382
39916451645712, 572902575
39917024625910, 562695589
39917587403558, 557330970
39918144812873, 587561861
39918732454849, 548301384
39919280835440, 572356636
39919853293784, 810508837
39920663905128, 901601303
39921565602216, 601194586
39922166932702, 557961172
39922725013719, 562780606
39923287930471, 556091136
39923844116708, 553824861
39924398016036, 583819147
39924981898862, 597330055
39925579291445, 560235886
39926139594592, 981298911
39927120954773, 923881000
39928044897912, 565588857
39928610550293, 572378806
39929182991894, 564133116
39929747187915, 601967744
39930349217600, 564580399
39930913861820, 569944079
39931483869618, 556832360
39932040764055, 549816521
39932590643201, 809652850
39933400355409, 912226332
39934312646052, 570189600
39934882900098, 557609283
39935440571869, 608178673
39936048816763, 551039764
39936599919690, 564740590
39937164724462, 573709403
39937738497269, 570742236
39938309300973, 579419395
39938888784335, 815255143
39939704100544, 906121823
39940610286521, 561692886
39941172065204, 600705332
39941772834964, 566304466
39942339203550, 567597793
39942906866088, 560769675
39943467699186, 568649854
39944036410975, 547048236
39944583522557, 590412240
39945173997241, 829192689
39946003251280, 923039188
39946926355509, 563233994
39947489654710, 559165533
39948048885372, 561869406
39948610817637, 563333414
39949174213094, 596070637
39949770350825, 566091226
39950336504667, 574036761
39950910606107, 569000297
39951479673389, 825544288
39952305278220, 919070702
39953224415958, 561062710
39953785542178, 552842725
39954338448910, 565690775
39954904202216, 570370787
39955474642516, 562704291
39956037410511, 588676675
39956626149084, 559545812
39957185756897, 567734134
39957753556900, 800009420
39958553627282, 926565692
39959480257885, 576342114
39960056664610, 562799915
39960619528606, 575061016
39961194653654, 567628100
39961762344349, 614213006
39962376623504, 573056972
39962949745265, 592461499
39963542270738, 1052829054
39964595163809, 831558408
39965426783598, 924523701
39966351371619, 575701204
39966927137202, 613215131
39967540420371, 573566341
39968114060760, 587077310
39968701204813, 554192704
39969255464655, 579660549
39969835191554, 567375162
39970402632656, 615194694
39971017893623, 998939592
39972016895199, 926225246
39972943186305, 588250086
39973531502092, 579622226
39974111188707, 581073365
39974692327678, 584927450
39975277320437, 585582576
39975862970483, 564572471
39976427609958, 590003632
39977017680606, 574902344
39977592650238, 863216552
39978455932196, 945726683
39979401727211, 581503065
39979983297124, 588243493
39980571607387, 558428254
39981130102436, 573564691
39981703733471, 581642729
39982285443195, 570208416
39982855719119, 572961884
39983428748064, 588019162
39984016833233, 855483564
39984872380167, 923040402
39985795486930, 603219194
39986398773745, 586240428
39986985081526, 611468698
39987596619019, 576482927
39988173171313, 590347184
39988763588240, 574393616
39989338050921, 605576613
39989943694668, 588621083
39990532383171, 860523121
39991392970898, 926667239
39992319705284, 577122084
39992896893023, 570066293
39993467025508, 586411070
39994053502507, 572852057
39994626420494, 564256484
39995190745592, 626257460
39995817067170, 579654354
39996396790060, 595854487
39996992714195, 851958253
39997844735176, 944717722
39998789520157, 574087858
39999363675337, 585430317
39999949173045, 588505301
40000537745544, 583347683
40001121161312, 595311845
40001716538709, 589382535
40002305987190, 599802598
40002905857554, 589618017
40003495542877, 850121740
40004345726537, 956009615
40005301858319, 613227534
40005915228764, 604628739
40006519991924, 588724635
40007108770887, 600156650
40007708981720, 628021469
40008337055012, 597391532
40008934499283, 589554026
40009524119002, 595732469
40010119904621, 858259182
40010978213956, 937073540
40011915341545, 594077933
40012509474504, 577713236
40013087242092, 577773693
40013665069898, 586332486
40014251455580, 586039480
40014837551762, 590427831
40015428044913, 569043318
40015997147595, 594005621
40016591206692, 866087650
40017457347462, 940276569
40018397680296, 596053915
40018993789082, 584657230
40019578503046, 607456740
40020186012455, 580219515
40020766285594, 584695926
40021351036278, 573266481
40021924403368, 595077155
40022519555319, 576086876
40023095699096, 841246792
40023936996564, 947215212
40024884265084, 586077265
40025470398239, 593777087
40026064227230, 607182760
40026671466373, 607725066
40027279249651, 602202514
40027881513802, 609443933
40028491018648, 616160977
40029107239452, 587365348
40029694658580, 874980895
40030569702114, 969396433
40031539161120, 612423298
40032151646800, 609797428
40032761500127, 593822983
40033355384179, 596531147
40033951972917, 608669766
40034560704141, 610100090
40035170859942, 602413155
40035773329615, 591388587
40036364773185, 848036846
40037212863750, 956275920
40038169192960, 592978347
40038762227122, 597292121
40039359575427, 603861965
40039963493729, 596745897
40040560292865, 600025533
40041160376704, 573627224
40041734062362, 604957203
40042339075562, 586097680
40042925231063, 851360639
40043776644272, 943323218
40044720034606, 599839749
40045319931643, 600151872
40045920137997, 573298885
40046493493057, 596384107
40047089931146, 588270219
40047678259293, 598921320
40048277235130, 591571335
40048868861097, 604797108
40049473712991, 866750352
40050340516427, 947705234
40051288278039, 592606597
40051880943873, 633075797
40052514074206, 598575201
40053112704717, 594001052
40053706760598, 596491438
40054303306936, 590635298
40054893994822, 584149087
40055478198122, 596296643
40056074549356, 874543129
40056949147538, 945990446
40057895191268, 594993145
40058490240326, 578098430
40059068393650, 607548825
40059675997872, 577210073
40060253263840, 592287561
40060845604878, 597849728
40061443511210, 610380488
40062053947323, 587844436
40062641847483, 874323319
40063516224824, 951144535
40064467428231, 572537474
40065040042596, 590997965
40065631099555, 592410565
40066223565188, 600106684
40066823724451, 581886042
40067405666870, 590656981
40067996376797, 588755917
40068585187790, 596070477
40069181314611, 890398341
40070071768471, 946755121
40071018577213, 598407140
40071617040536, 597599548
40072214693803, 597320941
40072812071639, 606994424
40073419121001, 602664916
40074021840655, 610120029
40074632031821, 584685328
40075216772867, 592989798
40075809819259, 881165944
40076691039137, 964116438
40077655208433, 599159807
40078254420712, 592123273
40078846595008, 597184352
40079443830671, 566577475
40080010460824, 590242092
40080600756617, 591695584
40081192505984, 601784738
40081794342212, 592651802
40082387045165, 888548368
40083275647172, 937575592
40084213275285, 649944422
40084863286718, 619386245
40085482723975, 586297085
40086069071010, 604954206
40086674076558, 589776296
40087263905467, 592721267
40087856678148, 582624541
40088439353656, 579894593
40089019316295, 886052796
40089905488246, 947221166
40090852811638, 597066943
40091449935477, 580438534
40092030413496, 582620926
40092613074484, 595517235
40093208630350, 577946110
40093786615213, 599079392
40094385734438, 595505855
40094981296007, 603643218
40095584979402, 860450537
40096445470823, 942948019
40097388458513, 653097735
40098041598422, 603076979
40098644715373, 615454507
40099260211614, 596963018
40099857214618, 606266153
40100463520610, 597404509
40101060965796, 587807497
40101648812496, 599978344
40102248831609, 871584848
40103120453980, 943856163
40104064349570, 607108211
40104671496370, 602043691
40105273578788, 599264754
40105872881674, 600674898
40106473596138, 586797464
40107060432780, 596651350
40107657123385, 599450080
40108256612000, 594104005
40108850755478, 871952226
40109722746596, 943915721
40110666701424, 599675165
40111266415098, 596947893
40111863401892, 608158052
40112471598667, 600164808
40113071801998, 594041715
40113665884600, 604790180
40114270715423, 611503407
40114882257871, 591259899
40115473556278, 863017870
40116336613297, 953088650
40117289740415, 604626515
40117894408525, 603734936
40118498184662, 612117697
40119110341882, 590348105
40119700728563, 598111064
40120298879213, 609640742
40120908559847, 597673359
40121506273439, 594198730
40122100510570, 885121500
40122985668462, 941661575
40123927368647, 613372456
40124540783774, 607295877
40125148119813, 599721628
40125747882808, 623882556
40126371808884, 621670207
40126993521270, 596972285
40127590531948, 589404704
40128179982222, 607762309
40128787783048, 877405592
40129665226624, 934244777
40130599510855, 601713839
40131201263279, 603745755
40131805047722, 592734217
40132397821103, 609208787
40133007068414, 608237334
40133615346140, 673268427
40134288657221, 588800377
40134877496636, 607065072
40135484600390, 876804172
40136361445583, 955981123
40137317465545, 604184609
40137921690765, 607400238
40138529129983, 604426735
40139133596081, 609341207
40139742977049, 602082193
40140345099248, 610255881
40140955394477, 610348881
40141565782820, 620515769
40142186337755, 891976199
40143078352710, 956560477
40144034951818, 647850708
40144682841948, 602569757
40145285450671, 625227504
40145910717804, 599355558
40146510112347, 609627890
40147119778808, 614153656
40147733972989, 606125295
40148340137491, 612664331
40148952842072, 910757244
40149863637092, 947688446
40150811365891, 617658366
40151429066160, 608407014
40152037512104, 606902388
40152644452577, 614204530
40153258696070, 620391912
40153879126532, 621179707
40154500347028, 626951908
40155127337459, 604947419
40155732324817, 907930246
40156640294460, 952165919
40157592500406, 612833439
40158205372476, 618644191
40158824057181, 623103599
40159447200903, 617361089
40160064601832, 612819842
40160677462183, 618068080
40161295569417, 608169411
40161903777815, 599521521
40162503338361, 898333662
40163401718017, 954068005
40164355825871, 605999979
40164961865168, 602303344
40165564207952, 602825716
40166167072600, 621632171
40166788743046, 610686403
40167399468864, 615068936
40168014576500, 613019096
40168627634328, 646221555
40169273894697, 904831049
40170178764779, 952747407
40171131549548, 611036080
40171742625177, 607647109
40172350310645, 613751297
40172964100852, 621814457
40173585953888, 592458310
40174178453216, 603383545
40174781874480, 602033586
40175383947769, 603134856
40175987121721, 902856844
40176890017870, 960269943
40177850329567, 644538816
40178494907971, 606873539
40179101821514, 619591061
40179721449849, 587955537
40180309444700, 611741468
40180921226355, 616046918
40181537311963, 611364539
40182148715058, 607821755
40182756575706, 894219659
40183650833581, 957616505
40184608489182, 621833811
40185230363156, 611601093
40185842004773, 628366265
40186470410652, 612021007
40187082469930, 601390944
40187683900660, 617000135
40188300940474, 616742797
40188917722970, 609313888
40189527075880, 913819403
40190440934273, 954845017
40191395821902, 615099867
40192010961588, 616337516
40192627336425, 629448750
40193256825511, 611232645
40193868097546, 611008883
40194479146645, 605897163
40195085084825, 620895410
40195706020707, 614991636
40196321050866, 890218601
40197211307374, 959825486
40198171172061, 611959529
40198783171534, 688968135
40199472180289, 616643353
40200088864087, 635374075
40200724277321, 612561862
40201336879834, 625148405
40201962067229, 604393652
40202566500667, 609457463
40203176017005, 909957700
40204086012843, 972701410
40205058754003, 611707416
40205670500652, 624516224
40206295056014, 617179486
40206912276559, 615881204
40207528195586, 621020280
40208149256439, 632163416
40208781459373, 601766494
40209383265225, 622245871
40210005551072, 902783686
40210908373839, 952862868
40211861274732, 625350775
40212486664298, 609777570
40213096480115, 614109549
40213710630001, 625100188
40214335768248, 620068885
40214955876580, 632457981
40215588371713, 620312445
40216208723120, 624337224
40216833101225, 908103992
40217741244065, 964915076
40218706197557, 646045341
40219352283006, 615185132
40219967507741, 638387880
40220605935791, 624185886
40221230161587, 614146052
40221844347586, 631636769
40222476039389, 616890004
40223092969269, 630302025
40223723310217, 920269204
40224643618972, 974541009
40225618199768, 620434833
40226238679652, 623779356
40226862497432, 623149706
40227485684545, 617547077
40228103270636, 626928874
40228730237819, 619811754
40229350088045, 616371141
40229966497905, 614913089
40230581448530, 949818982
40231531309402, 976707827
40232508057556, 621243241
40233129339418, 609481370
40233738859680, 625509711
40234364407786, 621426362
40234985872906, 622578315
40235608489212, 622184321
40236230712378, 619188758
40236849940424, 621585840
40237471564818, 908232141
40238379836761, 967330489
40239347205999, 616058466
40239963303885, 627640962
40240590989169, 633076843
40241224105737, 619720341
40241843867756, 664370143
40242508279152, 640700938
40243149020601, 638896578
40243787954835, 607315895
40244395310362, 914524696
40245309871649, 976428938
40246286339660, 645837751
40246932216557, 630370715
40247562626028, 623094976
40248185759541, 617597749
40248803397234, 628651655
40249432087947, 613208037
40250045333862, 624543463
40250669915917, 627874259
40251297828799, 917913818
40252215780559, 964752271
40253180572596, 640644393
40253821256224, 628542672
40254449838410, 626555617
40255076433725, 626623962
40255703095930, 630608093
40256333747298, 642862984
40256976655756, 622566715
40257599266151, 639945782
40258239253129, 932050982
40259171345715, 987389663
40260158777525, 636682467
40260795498714, 620725156
40261416263366, 615771785
40262032075104, 642069758
40262674183783, 622659343
40263296882574, 626553543
40263923475350, 628545037
40264552061312, 638143423
40265190245156, 953654899
40266143939826, 982856986
40267126836247, 617343607
40267744219606, 641913704
40268386172652, 619497500
40269005709696, 649863600
40269655614823, 616069526
40270271724068, 641021100
40270912785857, 646131674
40271558957569, 631597181
40272190593830, 960688408
40273151338923, 976631691
40274128042974, 637693363
40274765775840, 641109676
40275406923401, 620411862
40276027375403, 648504157
40276675919943, 637917138
40277313877840, 653292722
40277967210838, 642765624
40278610016694, 648672229
40279258728295, 942101885
40280200869209, 970231350
40281171139086, 628716206
40281799901619, 636736526
40282436677657, 642209787
40283078925599, 646518309
40283725482850, 645439685
40284370964089, 681490200
40285052502992, 643398064
40285695940094, 644464470
40286340444621, 945280770
40287285763557, 984358775
40288270161809, 646954039
40288917154980, 621050316
40289538244208, 638212060
40290176497377, 647801496
40290824337530, 623936469
40291448313714, 633558321
40292081911433, 622121129
40292704073325, 648804026
40293352916613, 919639494
40294272597962, 973154340
40295245790492, 644306643
40295890136214, 634578998
40296524754957, 653893566
40297178703368, 643893996
40297822639796, 635272001
40298457950940, 626793306
40299084783580, 640824848
40299725649536, 638044996
40300363734376, 929465540
40301293239095, 981386255
40302274664779, 702684217
40302977388280, 629037801
40303606465686, 642144337
40304248650053, 630176703
40304878876389, 642490291
40305521406451, 647278056
40306168724728, 643892364
40306812671093, 643928641
40307456639490, 956735626
40308413414102, 979102687
40309392555873, 689174238
40310081771495, 637801270
40310719611486, 650215278
40311369865601, 630851874
40312000756805, 640687743
40312641484808, 632586583
40313274111268, 644600480
40313918751903, 634215404
40314553007410, 951772488
40315504816716, 991165651
40316496035459, 654877613
40317150951564, 631539429
40317782532316, 650350931
40318432923567, 635407684
40319068370560, 647457642
40319715869557, 631331961
40320347240929, 652266877
40320999548479, 621304740
40321620893167, 962423258
40322583355569, 994248636
40323577642973, 643240658
40324220930433, 645016968
40324865987790, 639453179
40325505480374, 625356520
40326130877041, 650706171
40326781622037, 639185486
40327420846673, 651800763
40328072686973, 626254352
40328698980375, 952390333
40329651412159, 986526608
40330637979195, 649270936
40331287290628, 645671917
40331933003435, 671240302
40332604286322, 632989358
40333237317098, 657606475
40333894964298, 655922975
40334550929314, 635762793
40335186735727, 645402147
40335832178146, 949769710
-------------
--------->>>>0<<<<---------