---inserts---
28846102751364, 1434889736138
30281004884358, 3769888742
30284774898820, 3727483685
30288502492736, 2835777567
30291338388397, 3552577975
30294891072737, 1883929110
30296775111696, 1817750924
30298592977173, 1072221039
30299665312710, 1646411630
30301311839884, 2895183052
30304207127926, 2614700061
30306821937141, 1662696698
30308484762907, 1090820235
30309575700978, 909848148
30310485656537, 1145684776
30311631446995, 1255666879
30312887219965, 1963568437
30314850891273, 998348815
30315849351971, 1920442335
30317769905923, 1219123963
30318989124837, 1411278510
30320400506040, 831609876
30321232225322, 895852989
30322128277358, 732161402
30322860543107, 709623400
30323570303585, 662271881
30324232726147, 693340099
30324926159565, 691993621
30325618245860, 840205032
30326458542006, 1365934855
30327824572293, 1226503615
30329051185794, 1318266239
30330369556952, 660507461
30331030170176, 644486833
30331674762603, 647351086
30332322211413, 648761416
30332971096441, 652000150
30333623205523, 625870907
30334249194330, 788222865
30335037537211, 1037704079
30336075333879, 1107842570
30337183277923, 631639442
30337815014863, 637503794
30338452614318, 610267522
30339062983294, 679673380
30339742753492, 1167443875
30340910294055, 613885194
30341524275240, 633870427
30342158237270, 592704136
30342751033242, 977873025
30343728988814, 1048164917
30344777247476, 630394316
30345407734178, 613324816
30346021152326, 642314407
30346663559798, 611983165
30347275633484, 632078689
30347907805487, 592132040
30348500041213, 614308410
30349114438510, 629904837
30349744433271, 822801433
30350567316970, 1281408014
30351848816957, 634474000
30352483387844, 605344862
30353088823101, 608642770
30353697555718, 631489623
30354329134066, 629102173
30354958325598, 637485957
30355595907534, 619260860
30356215259087, 594451930
30356809801555, 929517220
30357739400849, 1028921554
30358768411480, 569298828
30359337805526, 588080257
30359925978793, 617298243
30360543367675, 595363503
30361138822591, 558725729
30361697641590, 589078260
30362286812574, 594726103
30362881627334, 615685730
30363497405788, 944507229
30364442006245, 980592333
30365422696090, 596621447
30366019415089, 591848178
30366611360742, 606074620
30367217530831, 596578436
30367814205985, 564508760
30368378813473, 585796099
30368964705538, 581200836
30369546001513, 602053975
30370148152201, 825942817
30370974188065, 1018691678
30371992976214, 588010830
30372581085324, 601871487
30373183052474, 560782994
30373743931404, 564534970
30374308562709, 596554297
30374905213617, 601103800
30375506414864, 573187366
30376079701975, 582158524
30376661956307, 814073803
30377476125406, 986028073
30378462250496, 590224549
30379052580206, 564598657
30379617277494, 588628921
30380206004469, 580710834
30380786814617, 602144015
30381389057908, 558439305
30381947598847, 575197914
30382522892329, 575395710
30383098407653, 781830136
30383880399355, 983883977
30384864387776, 541663366
30385406160523, 612138670
30386018400803, 599156605
30386617657926, 556095268
30387173880757, 563958565
30387737940729, 583911069
30388321949091, 566733139
30388888779127, 575716644
30389464589194, 936150003
30390400825120, 982927153
30391383846552, 574657015
30391958596555, 594530635
30392553223193, 548847329
30393102173504, 560410942
30393662681532, 600037075
30394262815970, 551183260
30394814102002, 581079312
30395395293504, 543091309
30395938475733, 908979287
30396847540995, 969580375
30397817217543, 547513066
30398364821546, 548298993
30398913212811, 548181797
30399461488077, 537238888
30399998823474, 558914015
30400557827193, 612059559
30401169979454, 545467456
30401715540824, 597962540
30402313603300, 817724442
30403131423131, 956931169
30404088458085, 547130995
30404635689355, 559202323
30405194990782, 570751690
30405765843860, 577646701
30406343590845, 586078233
30406929770805, 568215025
30407498085668, 547912402
30408046099438, 581135089
30408627332281, 989517289
30409616945270, 937578572
30410554618334, 580266004
30411134979741, 572105064
30411707181481, 596849592
30412304126988, 548650795
30412852873028, 533234515
30413386207389, 544592207
30413930895610, 547222050
30414478216492, 578542474
30415056857281, 830148720
30415887100718, 935587593
30416822782991, 556810230
30417379689740, 552131334
30417931914325, 549145809
30418481153810, 571477961
30419052723518, 544096436
30419596913537, 566217572
30420163225226, 548920122
30420712237387, 553553306
30421265886800, 941476656
30422207454395, 923188593
30423130769592, 570465232
30423701329903, 552866691
30424254289649, 552560090
30424806946969, 545909821
30425352948668, 528953602
30425881997073, 537208376
30426419300461, 550085053
30426969479993, 544883865
30427514458968, 934420366
30428448971215, 918475075
30429367539567, 546575544
30429914212361, 556004169
30430470310419, 572706028
30431043114596, 558551775
30431601764913, 579431974
30432181295143, 569379242
30432750779389, 563894689
30433314777092, 552931615
30433867808928, 804628948
30434672528467, 931179082
30435603805465, 585791052
30436189695184, 562368042
30436752161031, 554076649
30437306333844, 550254104
30437856688748, 560168889
30438416956015, 560083170
30438977136566, 553580640
30439530818736, 569853691
30440100768137, 931812777
30441032670777, 919076512
30441951844360, 558694649
30442510637460, 553163749
30443063896874, 538150291
30443602145829, 570338092
30444172579281, 554437408
30444727112914, 564932747
30445292155820, 557063524
30445849314771, 560721805
30446410132610, 812912546
30447223134751, 934972437
30448158204101, 559302912
30448717599061, 558303667
30449275996966, 559141214
30449835233619, 553807197
30450389135378, 553262680
30450942496277, 545456077
30451488065275, 540613992
30452028776151, 565274289
30452594146181, 795276942
30453389516856, 892374635
30454281988175, 537855307
30454819938367, 569361132
30455389396831, 557567250
30455947060235, 549564309
30456496723263, 558736299
30457055555195, 552505846
30457608158079, 578998705
30458187253012, 561464555
30458748814935, 779562149
30459528470058, 907492568
30460436073423, 584232467
30461020403384, 560125198
30461580625968, 563470131
30462144194808, 553599540
30462697892695, 553136779
30463251130536, 585967480
30463837196369, 551299728
30464388600134, 552453942
30464941154885, 794173028
30465735418031, 946364912
30466681878096, 560965138
30467242939642, 550164672
30467793202674, 557028097
30468350330419, 550629615
30468901056823, 558377822
30469459531946, 538844723
30469998474509, 539604321
30470538176631, 545425735
30471083698085, 917248273
30472001037614, 933573734
30472934722031, 555879731
30473490699828, 565629316
30474056434205, 553599276
30474610135767, 553892804
30475164141925, 549680818
30475713945100, 571823268
30476285868792, 575247924
30476861216258, 554934615
30477416251054, 829609222
30478245952986, 918355160
30479164406900, 535303634
30479699810354, 554319608
30480254232322, 552962347
30480807294715, 562368917
30481369764856, 565568468
30481935433965, 550271666
30482485807138, 554972072
30483040880042, 566010585
30483606991260, 802996063
30484410077940, 920161802
30485330336948, 564375434
30485894811703, 583958814
30486478867238, 556380735
30487035345231, 567329108
30487602772294, 571876140
30488174747915, 549863670
30488724708613, 566361879
30489291166046, 548910679
30489840182521, 824663215
30490664942915, 934571351
30491599614944, 558111778
30492157828210, 563855256
30492721783860, 575870265
30493297755107, 564227278
30493862080490, 555415487
30494417595892, 555826757
30494973525744, 562527083
30495536151557, 564469001
30496100720032, 794558190
30496895395847, 931741905
30497827256769, 568139545
30498395497268, 559256136
30498954856338, 564534967
30499519492640, 562270772
30500081863964, 572775683
30500654742344, 550955459
30501205798793, 541866534
30501747767341, 549190093
30502297058031, 796920803
30503094074295, 920927086
30504015100802, 554933304
30504570133001, 554256069
30505124490889, 564029798
30505688623449, 577556367
30506266279930, 541858509
30506808242158, 557075616
30507365427572, 563328600
30507928882860, 569091842
30508498073999, 805954051
30509304124010, 921942601
30510226166286, 556664210
30510782930943, 559843300
30511342875906, 568528321
30511911505603, 546290166
30512457896403, 553575972
30513011573828, 546187872
30513557862888, 566264726
30514124231257, 580563945
30514704899056, 965768508
30515670948114, 927878031
30516598949355, 561700766
30517160754393, 569994707
30517730848847, 557079468
30518288046581, 565222531
30518853372002, 561700808
30519415175021, 560571245
30519975846936, 555555658
30520531500943, 551363958
30521082966269, 795589935
30521878651169, 882798604
30522761548681, 543318594
30523304967266, 553641196
30523858717317, 571567123
30524430385711, 543811585
30524974300386, 563861609
30525538262239, 589666463
30526128039109, 561027674
30526689166198, 556983585
30527246252332, 792981015
30528039329712, 912114350
30528951544271, 557332077
30529508979354, 555169293
30530064248794, 557896094
30530622244322, 568961820
30531191306032, 546756537
30531738162557, 568071680
30532306333729, 555048391
30532861481989, 567234457
30533428817322, 811581974
30534240499065, 911541071
30535152142262, 558850666
30535711095362, 562020645
30536273220624, 557903310
30536831225045, 565932974
30537397260449, 559618133
30537956978724, 559729289
30538516805862, 544152178
30539061058817, 547582604
30539608740271, 843445717
30540452282286, 917008517
30541369390187, 558563022
30541928074949, 561986580
30542490163213, 564595191
30543054858528, 541649169
30543596606743, 562406038
30544159120014, 567914433
30544727136194, 546249996
30545273486448, 554437522
30545828035670, 818072954
30546646204732, 914628775
30547560932528, 568420987
30548129454639, 557209628
30548686764328, 545636240
30549232500545, 551523724
30549784123350, 556787473
30550341011146, 567742758
30550908853324, 568521478
30551477474738, 568631486
30552046223981, 823906479
30552870245941, 933283909
30553803662881, 563300547
30554367122904, 569397997
30554936766275, 550165835
30555487230152, 571095745
30556058423646, 565693423
30556624195050, 560805883
30557185077340, 561944796
30557747099436, 580605588
30558327782353, 951755321
30559279610304, 915874006
30560195557957, 567719590
30560763353262, 560666815
30561324094245, 581962123
30561906132077, 591383477
30562497590795, 591240227
30563088907537, 575792281
30563664777193, 568483872
30564233336315, 567281181
30564800693799, 844565522
30565645331363, 932649508
30566578056051, 589143047
30567167277159, 576615949
30567743969384, 583699549
30568327741666, 570653962
30568898470440, 583221502
30569481767406, 570971873
30570052817073, 595112134
30570648016225, 568300209
30571216395098, 822129620
30572038599771, 933284665
30572971960660, 582634739
30573554671902, 590034991
30574144785864, 600526591
30574745387465, 566180676
30575311645911, 570456790
30575882189026, 558354401
30576440619709, 585677741
30577026378848, 568270494
30577594724889, 840496285
30578435292678, 950752130
30579386120021, 588111398
30579974309866, 568663378
30580543050661, 580421529
30581123547751, 553831958
30581677455541, 583557504
30582261089016, 563703620
30582824867835, 577001503
30583401945968, 573474700
30583975503639, 834759876
30584810339846, 939203935
30585749621559, 570849980
30586320548282, 572253613
30586892876103, 577796269
30587470749991, 579891027
30588050723195, 578723799
30588629525468, 572334982
30589201940815, 588139527
30589790157433, 599480232
30590389714349, 889155912
30591278943783, 930667549
30592209686850, 560790416
30592770553271, 572087056
30593342714473, 593201626
30593935993506, 579042064
30594515112200, 552346565
30595067532794, 563042300
30595630650609, 567764547
30596198490158, 568938883
30596767504074, 837961903
30597605536385, 916055186
30598521669984, 572323681
30599094069255, 563137222
30599657282934, 563760065
30600221119551, 562406990
30600783602312, 563147513
30601346823032, 564415631
30601911314526, 592060711
30602503452810, 576704937
30603080233547, 824406212
30603904710584, 918790560
30604823579381, 591096556
30605414754822, 566250495
30605981083700, 582147760
30606563311228, 568197941
30607131585290, 579154048
30607710812527, 577740360
30608288629308, 570357464
30608859063030, 579678430
30609438818099, 830995183
30610269886470, 938464528
30611208428495, 580281038
30611788784806, 573554800
30612362413410, 578959648
30612941449536, 579969632
30613521493876, 575134379
30614096704568, 555807482
30614652587065, 573605338
30615226267286, 560331794
30615786673916, 866000805
30616652747228, 905793384
30617558619255, 572720116
30618131415780, 585137414
30618716628710, 607688267
30619324393138, 581692192
30619906160628, 570650243
30620476886014, 570537700
30621047500495, 577512084
30621625089181, 574743318
30622199907098, 821016927
30623020995828, 917403901
30623938476676, 576974209
30624515526983, 588197261
30625103801448, 559392373
30625663270070, 583438250
30626246784588, 557667936
30626804529714, 561555397
30627366160511, 586866531
30627953103692, 583009944
30628536188135, 835363320
30629371623248, 928935623
30630300635440, 574616429
30630875327388, 568182596
30631443587527, 579271956
30632022936437, 555490034
30632578501824, 580514209
30633159096788, 593251484
30633752427549, 574258744
30634326765222, 583340031
30634910181115, 851159716
30635761413327, 939424388
30636701046527, 588854422
30637290098173, 577296815
30637867487829, 589924761
30638457473079, 577276510
30639034807629, 572022684
30639606887709, 572412166
30640179358465, 568714335
30640748130997, 586009744
30641334197164, 876966123
30642211220821, 919812401
30643131091608, 576349693
30643707500478, 590233610
30644297790658, 580921940
30644878771026, 595415882
30645474246495, 974685632
30646449007715, 685626292
30647134703152, 616676877
30647751440212, 599113826
30648350612017, 858731336
30649209401378, 929824608
30650139285220, 583745428
30650723088606, 587524094
30651310668568, 578745813
30651889473523, 583260440
30652472793345, 595610778
30653068462273, 572214561
30653640771125, 575045205
30654215894961, 590991706
30654806947211, 843155410
30655650161134, 939577544
30656589797206, 598140157
30657187995668, 588264422
30657776319291, 574321311
30658350699323, 592602366
30658943359703, 594431810
30659537852141, 571150169
30660109061787, 572763530
30660681883252, 586217639
30661268156966, 859561911
30662127773589, 936031097
30663063870392, 579082158
30663643008432, 575218832
30664218285225, 588159274
30664806503749, 577764218
30665384324383, 587864090
30665972249827, 578280443
30666550587449, 584186006
30667134829740, 585114520
30667720023316, 842812273
30668562895460, 923260744
30669486211981, 588312069
30670074582567, 592871034
30670667510362, 578450835
30671246018701, 574566556
30671820639926, 592998926
30672413695874, 586053895
30672999806382, 582313528
30673582178436, 572527387
30674154762945, 852820692
30675007640897, 940252220
30675947950927, 602154577
30676550163614, 583032146
30677133255692, 590687965
30677724023155, 585053497
30678309134748, 591055703
30678900247700, 599559383
30679499864734, 590902504
30680090825688, 593919257
30680684805566, 863103796
30681547963745, 945295013
30682493319759, 600441043
30683093820408, 588180314
30683682058824, 597395765
30684279512961, 588974041
30684868546630, 585132824
30685453739166, 584797497
30686038594437, 587784317
30686626438667, 587372234
30687213870099, 878669548
30688092593979, 940188776
30689032840876, 587111213
30689620037671, 596145136
30690216242799, 573257369
30690789561245, 594492877
30691384114047, 575063446
30691959239522, 593563098
30692552861732, 596776467
30693149698447, 582674883
30693732429660, 855880913
30694588366326, 937763261
30695526191215, 605544670
30696131794656, 589661586
30696721517056, 599121744
30697320699852, 603792735
30697924551289, 592141665
30698516752609, 594005466
30699110816507, 572900378
30699683781519, 601318555
30700285159158, 867231925
30701152447013, 936382789
30702088888121, 583691074
30702672639084, 594321243
30703267019491, 586395058
30703853472946, 597246005
30704450775902, 610067876
30705060901626, 588037653
30705648997606, 586852470
30706235907194, 587977683
30706823943228, 863449062
30707687447746, 945919056
30708633422991, 595933365
30709229414008, 597246662
30709826720091, 584548226
30710411328615, 598241738
30711009629191, 589918922
30711599608298, 591013717
30712190675975, 594532778
30712785269620, 587985389
30713373311548, 878351899
30714251719833, 941793889
30715193571243, 596769159
30715790397874, 588633693
30716379090959, 599679876
30716978831323, 603218985
30717582108306, 608960043
30718191127937, 585560666
30718776748719, 599504388
30719376312008, 575244381
30719951617179, 876551236
30720828406352, 943983696
30721772533244, 593441981
30722366014908, 575887043
30722941941034, 588194472
30723530174433, 597952846
30724128167246, 597689392
30724725897412, 596806262
30725322743772, 595853869
30725918641702, 586183626
30726504867104, 859647153
30727364551268, 950977255
30728315572598, 589876535
30728905488312, 598132818
30729503660775, 590592506
30730094293730, 588948700
30730683281270, 591122507
30731274442451, 607615499
30731882098882, 598086179
30732480224701, 593342661
30733073607716, 876570389
30733950215769, 958428720
30734908682932, 603571388
30735512294876, 612743021
30736125078164, 598639916
30736723758458, 606361065
30737330159265, 602338475
30737932538380, 614412110
30738546991135, 595659444
30739142690639, 604806459
30739747537455, 897252046
30740644826452, 946447382
30741591313729, 597822304
30742189176334, 612438470
30742801654639, 597720622
30743399415431, 590812416
30743990268576, 607649255
30744597957561, 610288866
30745208285555, 598127210
30745806457152, 597122346
30746403619822, 903956640
30747307614479, 959176773
30748266831980, 602198655
30748869070182, 611020276
30749480130840, 596007711
30750076180055, 615422800
30750691643113, 597436797
30751289120022, 626385320
30751915545860, 613321113
30752528910065, 620598842
30753149551601, 908066701
30754057657750, 950544010
30755008240650, 591544072
30755599823682, 607347593
30756207212929, 598601418
30756805854656, 584006173
30757389900307, 608008974
30757997950013, 603337421
30758601330040, 605294044
30759206664177, 600461195
30759807163308, 891194313
30760698397824, 950746840
30761649184964, 603655826
30762252881841, 590092134
30762843013046, 597661513
30763440716805, 610051569
30764050813255, 618525030
30764669378177, 608317117
30765277734718, 599911802
30765877688966, 610908550
30766488638069, 877807531
30767366483345, 962981945
30768329507266, 599794940
30768929343326, 604781491
30769534166874, 602561909
30770136768907, 613261103
30770750070044, 604357920
30771354470720, 590983387
30771945492934, 605828757
30772551362909, 605781285
30773157185893, 895748768
30774052971747, 959436202
30775012449360, 603239121
30775615728096, 616943151
30776232712804, 602797111
30776835550553, 615832411
30777451423588, 603164025
30778054627713, 611372276
30778666042601, 595861747
30779261943285, 596203767
30779858185787, 883053857
30780741277459, 952165940
30781693487983, 607173295
30782300702208, 609596489
30782910338313, 617984146
30783528362646, 607340518
30784135742755, 596661748
30784732444933, 611047131
30785343537753, 604272193
30785947850117, 594733131
30786542620875, 883906857
30787426564484, 958920624
30788385524248, 610885437
30788996448718, 607522956
30789604030458, 610631127
30790214700756, 595439394
30790810179687, 610440224
30791420669607, 608050882
30792028761695, 591147035
30792619948643, 610431805
30793230420493, 884416722
30794114874581, 949403220
30795064318368, 610691657
30795675051870, 611758586
30796286851909, 633562336
30796920452887, 600954497
30797521450712, 605316272
30798126809365, 616780512
30798743631038, 606285876
30799349958715, 616595611
30799966593974, 892667458
30800859301889, 948345251
30801807687975, 603018180
30802410753122, 611283640
30803022076863, 586824435
30803608941502, 616220854
30804225201732, 614373830
30804839613651, 627711221
30805467365514, 616302985
30806083709495, 616263919
30806700039326, 905721811
30807605801286, 974315585
30808580157880, 630840165
30809211042007, 619405530
30809830490830, 627568085
30810458109203, 620336597
30811078488220, 620327604
30811698857225, 611626641
30812310525521, 624696542
30812935263754, 616113509
30813551419104, 900556954
30814452044393, 964004356
30815416104870, 620960012
30816037123246, 622849100
30816660035694, 602574195
30817262650346, 632089908
30817894781354, 608196513
30818503019980, 626947720
30819130010753, 602507445
30819732558542, 604929873
30820337529865, 898231575
30821235801843, 958404949
30822194248843, 615302851
30822809593079, 617149292
30823426781869, 629402410
30824056223316, 618171787
30824674434230, 610912081
30825285387831, 626810939
30825912240003, 627193207
30826539479494, 634426999
30827173947116, 917144807
30828091130314, 971602973
30829062774825, 619994283
30829682810212, 617348822
30830300199100, 620755469
30830920994137, 621389909
30831542423106, 620190160
30832162653695, 606516287
30832769209403, 614679668
30833383929673, 623287087
30834007257228, 918692027
30834925987300, 968576899
30835894604457, 622175415
30836516820110, 626816614
30837143679057, 620544875
30837764265214, 629469378
30838393775397, 607676909
30839001493835, 610911651
30839612445069, 622311760
30840234797589, 617174880
30840852031581, 923185028
30841775253836, 965582709
30842740877877, 626920922
30843367840119, 622993879
30843990877268, 620351978
30844611269463, 623620124
30845234931062, 624826020
30845859796164, 628657565
30846488493697, 625779110
30847114314814, 622034409
30847736388605, 919633514
30848656059459, 963371944
30849619471647, 626896634
30850246409064, 605111893
30850851559259, 622753592
30851474354402, 611373596
30852085770580, 620434704
30852706245582, 627542545
30853333830721, 617055382
30853950927674, 630626861
30854581594600, 930691732
30855512323689, 972883391
30856485247484, 662263601
30857147550222, 616203133
30857763797198, 650588727
30858414425119, 623892616
30859038359554, 646199784
30859684599487, 618259862
30860302901301, 621712650
30860924658186, 637773169
30861562471255, 946054915
30862508565044, 994573185
30863503179431, 631019728
30864134238287, 622723952
30864757001662, 621747291
30865378788580, 621739751
30866000568993, 637132593
30866637741979, 617219736
30867255003418, 632699951
30867887744009, 622433805
30868510216661, 934992118
30869445244653, 972700966
30870417989733, 631979170
30871050008676, 630972706
30871681021944, 640148409
30872321212993, 618771116
30872940039004, 614123369
30873554202793, 632907916
30874187150609, 621343498
30874808533252, 640335970
30875448909442, 937918462
30876386865848, 968291591
30877355198131, 622427199
30877977667397, 636877360
30878614585756, 623420243
30879238044821, 632769509
30879870855739, 627033805
30880497928679, 625766942
30881123737258, 636850043
30881760628415, 633597363
30882394270239, 934893786
30883329202035, 982152395
30884311395567, 621217531
30884932653870, 635937849
30885568632031, 619842132
30886188514562, 618549732
30886807109072, 624199033
30887431348722, 615928520
30888047317388, 631690248
30888679048566, 633562694
30889312653042, 918447442
30890231140210, 975417048
30891206596994, 625632055
30891832269518, 629079046
30892461388069, 627298406
30893088729347, 641887890
30893730658652, 630049585
30894360747871, 615269512
30894976058238, 626424494
30895602525156, 613212437
30896215783786, 929893546
30897145715429, 987686733
30898133443181, 627887464
30898761376007, 656134232
30899417549255, 629493747
30900047084011, 630873966
30900677997977, 641569577
30901319606930, 628231276
30901947877510, 643549685
30902591467034, 638538998
30903230047422, 933639056
30904163740854, 975220718
30905139001409, 627667095
30905766709833, 638340184
30906405089978, 636986056
30907042114748, 630551123
30907672706219, 652922120
30908325668169, 641163298
30908966872603, 650181467
30909617094858, 626889710
30910244037286, 948378417
30911192453099, 977689115
30912170180006, 622906072
30912793127445, 641193005
30913434362368, 638226915
30914072630556, 654205105
30914726876641, 648414463
30915375331798, 632026572
30916007399316, 650957894
30916658397050, 635083403
30917293521682, 947928017
30918241499657, 986114572
30919227654840, 632248863
30919859943765, 636143518
30920496128298, 636905095
30921133074508, 632465745
30921765580710, 635931929
30922401554016, 629250330
30923030846221, 641217202
30923672103337, 616195980
30924288338504, 934122866
30925222497754, 987700887
30926210240022, 636355039
30926846634221, 704727690
30927551403280, 645690296
30928197134017, 636925134
30928834099424, 628733877
30929462873633, 630827152
30930093741626, 641536545
30930735318536, 623809722
30931359168142, 959130631
30932318336815, 982755804
30933301134627, 642003556
30933943179793, 635870508
30934579090925, 660477599
30935239610433, 639371057
30935879022940, 644408154
30936528923223, 632287521
30937161252501, 639408357
30937800703292, 655313636
30938456057218, 931891708
30939387985342, 983466408
30940371491579, 651491273
30941023024265, 633410299
30941656474949, 644184215
30942300701355, 643274799
30942944038265, 627542962
30943571622931, 637566917
30944209231500, 640332349
30944849606386, 642828710
30945492479842, 945807630
30946438326604, 1002926625
30947441293637, 635331649
30948076666560, 643320120
30948720048911, 639489263
30949359577936, 649164449
30950008784260, 645463682
30950654288005, 629450807
30951283778167, 656745995
30951940565528, 631469203
30952572075999, 972110035
30953544223333, 1007433924
30954551702954, 628436483
30955180180982, 632335888
30955812557380, 644135494
30956456736538, 662610449
30957119387390, 639846496
30957759274988, 624659256
30958383974849, 652406034
30959036421246, 644618341
30959681080081, 963642854
30960644761629, 982833120
30961627635792, 645255355
30962272932608, 635369362
30962908344636, 646595906
30963554981343, 625382993
30964180403417, 642562818
30964823007110, 632605952
30965455652742, 628377091
30966084071728, 639540864
30966723652270, 931473622
-------------
--------->>>>0<<<<---------