---inserts---
28846105549489, 724862530593
29570979708399, 3583702054
29574563539290, 2841629563
29577405284537, 3468595447
29580873996665, 1902698106
29582776805547, 2629730698
29585406662055, 1145770587
29586552554653, 1019758567
29587572422969, 933794943
29588506325509, 1917672058
29590424111882, 3410354646
29593834572013, 1789133499
29595623834620, 1391169100
29597015111542, 2130167000
29599145384261, 1057326591
29600202819695, 1706991445
29601909914709, 1552213678
29603462229322, 1255741550
29604718074850, 889112415
29605607299516, 1882499240
29607489895772, 1608909552
29609098912999, 714161879
29609813180624, 1320735379
29611134021555, 1409780545
29612543910093, 814188606
29613358226142, 675591972
29614033989495, 1222290194
29615256373148, 674206243
29615930674830, 642431160
29616573198569, 1172996518
29617746285021, 1618224279
29619364609160, 661666612
29620026386718, 675339318
29620701824519, 666004829
29621367928601, 769683531
29622137715679, 695640901
29622833471166, 698030297
29623531610517, 621080915
29624152818972, 628953051
29624781875363, 1091793751
29625873760219, 1159792405
29627033643665, 636158831
29627669893723, 635957909
29628305941822, 629850717
29628935878879, 626489671
29629562456004, 632312939
29630194858639, 622893577
29630817845445, 605027986
29631422963333, 643882342
29632066943510, 1044219611
29633111253153, 1027328959
29634138677363, 616311129
29634755085384, 826982341
29635582164874, 593060980
29636175326367, 637825010
29636813250383, 617745249
29637431092434, 586412958
29638017607158, 633350245
29638651055695, 611661655
29639262815024, 976692685
29640239597737, 1024951850
29641264649403, 617872198
29641882616871, 603158272
29642485873827, 594054841
29643080041649, 616590609
29643696727404, 613699856
29644310527060, 600782484
29644911413210, 770947732
29645682463056, 627829184
29646310391084, 965562606
29647276056730, 993084663
29648269236037, 619734128
29648889067299, 592496727
29649481661306, 583051249
29650064812937, 598213605
29650663121130, 636297948
29651299516078, 606028373
29651905649115, 599280692
29652505025848, 623173315
29653128296500, 826896975
29653955285085, 971852268
29654927230805, 581481389
29655508812253, 594633975
29656103545628, 592075202
29656695719733, 591803607
29657287626130, 577553477
29657865285275, 606517870
29658471901235, 624130930
29659096130709, 603382540
29659699613570, 831215964
29660530920603, 1203477317
29661734495734, 625186387
29662359779510, 580721493
29662940597859, 610179287
29663550873907, 562628516
29664113603790, 574195755
29664688104317, 590778862
29665278980158, 573555828
29665852636166, 587220483
29666439956467, 842617032
29667282664686, 990555693
29668273315407, 606380029
29668879800402, 586401471
29669466299924, 577849577
29670044246690, 581101067
29670625441660, 586155702
29671211696048, 553501496
29671765300719, 582653457
29672348065442, 594093743
29672942276348, 937666587
29673880121619, 1014973452
29674895197254, 599877600
29675495180866, 576202477
29676071488004, 573097669
29676644692673, 616827116
29677261649337, 593984402
29677855739699, 596025434
29678451865824, 583019147
29679034981941, 581740197
29679616819453, 940165048
29680557079348, 990149199
29681547327487, 558228902
29682105654605, 574865363
29682680620538, 563969537
29683244706023, 554413823
29683799224055, 582505490
29684381830760, 568492084
29684950436375, 586131569
29685536729415, 563793028
29686100621615, 960492869
29687061209824, 994091716
29688055404390, 571368395
29688626870866, 558358938
29689185328939, 566652483
29689752093479, 550239777
29690302431241, 573148320
29690875681280, 568001382
29691443777593, 556400567
29692000277719, 581367544
29692581741600, 923369712
29693505203796, 998476188
29694503771404, 578581835
29695082446462, 555585222
29695638120669, 590986965
29696229210556, 556196621
29696785497442, 588337172
29697373928267, 577442993
29697951462871, 559686165
29698511245815, 549867576
29699061206569, 913347280
29699974642523, 959155917
29700933890290, 553882235
29701487864171, 572275971
29702060232790, 559085653
29702619410156, 563741545
29703183241784, 567196461
29703750530499, 580363934
29704330986784, 574565126
29704905641985, 546311877
29705452063914, 928977096
29706381133106, 949405805
29707330637237, 579508022
29707910239339, 558177966
29708468511538, 567108250
29709035716494, 612560346
29709648369421, 566589662
29710215049952, 565147841
29710780288533, 586714519
29711367094075, 544387823
29711911574552, 848218671
29712759883386, 960179959
29713720154993, 568720218
29714288968596, 561101636
29714850161344, 569145222
29715419398367, 572307725
29715991799650, 557037640
29716548927983, 566541741
29717115560837, 556013655
29717671667562, 557706920
29718229464635, 837600755
29719067152382, 956646496
29720023888711, 567475589
29720591455004, 565618614
29721157166329, 570325781
29721727581967, 561730600
29722289407885, 551834767
29722841335480, 568361439
29723409790186, 560290532
29723970174039, 543900250
29724514166820, 818923396
29725333178552, 919560759
29726252830517, 566429115
29726819354871, 561927503
29727381373581, 556895296
29727938360899, 564340520
29728502795642, 568282403
29729071170050, 576903736
29729648166358, 554980088
29730203242679, 555433450
29730758768778, 811290389
29731570148009, 924765896
29732495004213, 552583860
29733047680959, 552834307
29733600603670, 556374268
29734157074817, 558789197
29734715955959, 572155409
29735288203817, 561452212
29735849747700, 548206512
29736398047208, 568036761
29736966175088, 805415775
29737771678655, 921425500
29738693196524, 550898693
29739244188246, 574598773
29739818878264, 568115196
29740387086870, 561694150
29740948874770, 565685533
29741514652905, 558915389
29742073659327, 568506230
29742642258184, 563240692
29743205589008, 799016634
29744004704937, 958913509
29744963719906, 602661867
29745566482291, 567357734
29746133945793, 564393445
29746698441746, 572441846
29747270986061, 570787768
29747841880085, 560784798
29748402767545, 557373506
29748960242804, 542895592
29749503240018, 787023727
29750290361573, 927302351
29751217765775, 561682121
29751779554711, 562276705
29752341934036, 565121869
29752907160372, 545969199
29753453233084, 572345106
29754025677954, 576542034
29754602323263, 542068717
29755144499141, 557383481
29755701985227, 793184359
29756495270018, 914249559
29757409624068, 560886136
29757970615027, 557027772
29758527745616, 558337226
29759086185431, 560977012
29759647264929, 551088390
29760198454882, 576100554
29760774652799, 559412765
29761334165807, 533954031
29761868226801, 803195002
29762671518569, 946042817
29763617668043, 557622082
29764175390943, 558612413
29764734108401, 559386493
29765293601523, 542782009
29765836494173, 559739037
29766396358044, 571106600
29766967564905, 547807773
29767515472679, 546046743
29768061615034, 804989558
29768866704453, 926603165
29769793409898, 557669059
29770351178174, 558933630
29770910212903, 547816733
29771458132478, 572383257
29772030616890, 558255256
29772588973406, 560306659
29773149382108, 547848678
29773697333180, 558025406
29774255458397, 822575546
29775078129301, 936518937
29776014750448, 573600406
29776588460633, 573400299
29777161964540, 570565615
29777732637860, 583919650
29778316664266, 565909528
29778882680916, 579570411
29779462362445, 560904949
29780023370136, 560205976
29780583679860, 950772695
29781534550980, 921052744
29782455706619, 555392852
29783011203084, 547661825
29783558965712, 555605900
29784114673399, 559174943
29784673949406, 561942191
29785235994423, 554515117
29785790613579, 550287301
29786341000619, 588033285
29786929170549, 817367272
29787746647754, 931890840
29788678661789, 566310068
29789245074952, 579961484
29789825139324, 573939414
29790399178953, 561781948
29790961063618, 555290503
29791516455496, 560395719
29792076950919, 551546801
29792628601182, 574944559
29793203644822, 814728352
29794018468758, 900113791
29794918682504, 568331912
29795487115726, 579969184
29796067192383, 564691449
29796631987688, 558008858
29797190098711, 578493110
29797768698264, 544815320
29798313649921, 560833219
29798874783283, 552190279
29799427090594, 802467540
29800229639730, 930978540
29801160701131, 566401588
29801727183037, 564353807
29802291617484, 560162944
29802851862882, 562521484
29803414465830, 568146503
29803982697694, 552932575
29804535712321, 559385855
29805095183166, 549155555
29805644418413, 799487076
29806443993125, 940880157
29807384965166, 541871728
29807926918474, 562293779
29808489293500, 553489400
29809042867579, 552733289
29809595679185, 562694212
29810158453385, 575523896
29810734059434, 557851127
29811291992623, 541686179
29811833757972, 792842702
29812626679463, 920568979
29813547330989, 556952405
29814104379322, 548215050
29814652681817, 545549283
29815198313246, 556094541
29815754489355, 575707900
29816330283927, 567296770
29816897662483, 545838685
29817443582293, 561898984
29818005564318, 929972300
29818935616419, 920569106
29819856266740, 565718391
29820422066070, 556158567
29820978304024, 563357637
29821541744660, 572866300
29822114692717, 569610336
29822684390499, 553702397
29823238173822, 549135751
29823787392152, 573741547
29824361214263, 834224549
29825195518242, 912861743
29826108463621, 562327571
29826670871082, 582112400
29827253063961, 555818211
29827808964964, 585191823
29828394237352, 556934737
29828951254929, 554403376
29829505739703, 577018678
29830082843667, 548518805
29830631442816, 830548572
29831462069984, 909358354
29832371510759, 566922973
29832938519855, 577593490
29833516197092, 571491138
29834087770591, 568594516
29834656445642, 568414441
29835224956108, 548534641
29835773572392, 567720026
29836341372540, 565077382
29836906530266, 851145813
29837757754293, 918749250
29838676582247, 579804368
29839256467672, 587896370
29839844444703, 582997738
29840427527666, 576808488
29841004418802, 593656630
29841598159948, 564704438
29842162952011, 575271973
29842738309749, 570303077
29843308713776, 822178059
29844130993283, 935661966
29845066757606, 590439544
29845657345397, 565592631
29846223059330, 569111319
29846792319525, 565083359
29847357482081, 585382070
29847942933906, 581787718
29848524788417, 581606621
29849106462794, 578255310
29849684785328, 867015574
29850551865381, 921248491
29851473181225, 587456614
29852060706083, 587894172
29852648671286, 590498490
29853239240107, 571272682
29853810582683, 583134841
29854393794391, 595600795
29854989466061, 576673963
29855566208791, 563180949
29856129458554, 831795635
29856961318147, 945751688
29857907136706, 567594322
29858474803149, 572234652
29859047104528, 599062353
29859646233970, 589217730
29860235521830, 590881545
29860826471300, 578158479
29861404698613, 587339437
29861992120261, 587404301
29862579592865, 858939014
29863438594672, 956120241
29864394783640, 589390918
29864984242180, 582290940
29865566601200, 595792450
29866162465363, 589937645
29866752474089, 577815118
29867330359543, 570443665
29867900871751, 597501792
29868498448870, 590128502
29869088646504, 845454493
29869934164555, 926853043
29870861082821, 569514490
29871430662539, 574574986
29872005302336, 574516885
29872579886129, 579161680
29873159114107, 571699320
29873730877797, 580084175
29874311028102, 582139152
29874893232918, 563514387
29875456814086, 832322967
29876289201591, 920898205
29877210165256, 581323285
29877791552850, 566941256
29878358557285, 583478027
29878942104172, 567428957
29879509603048, 565353603
29880075022576, 555109879
29880630197312, 559697177
29881189961420, 569638791
29881759664991, 809278620
29882569007384, 930096717
29883499170901, 569747890
29884068984536, 584097917
29884653148127, 580423056
29885233635550, 565140590
29885798842522, 578065732
29886376973688, 583381706
29886960423041, 573122732
29887533619035, 578057777
29888111743784, 959641385
29889071448827, 945213816
29890016728789, 575614220
29890592409224, 573536293
29891166011577, 554388317
29891720468915, 576465264
29892297000398, 574478439
29892871547961, 581847928
29893453462079, 581570097
29894035103422, 574191580
29894609360560, 834549182
29895443972142, 935454103
29896379494665, 571142548
29896950705050, 575297133
29897526067973, 574898518
29898101036697, 580612202
29898681713921, 601574359
29899283357709, 587645579
29899871069867, 563735768
29900434880882, 571029253
29901005975325, 840972186
29901847012333, 933317569
29902780394539, 571394240
29903351855531, 565935393
29903917858970, 585685253
29904503610170, 587791635
29905091467530, 571424438
29905662965225, 578411998
29906241443654, 557780794
29906799293830, 568661585
29907368034693, 854362052
29908222462376, 929018564
29909151550684, 571978406
29909723598133, 579427032
29910303090210, 582253230
29910885410485, 582951562
29911468426237, 587867363
29912056360933, 570067580
29912626493350, 578489774
29913205049504, 581490146
29913786603722, 864103348
29914650771179, 918185869
29915569022985, 579365232
29916148456400, 576923708
29916725444954, 600719557
29917326229253, 584402895
29917910698532, 589003992
29918499768487, 587190184
29919087024952, 571836759
29919658929330, 589603991
29920248598780, 838483575
29921087148562, 936690297
29922023908074, 577829193
29922601804095, 598898721
29923200769436, 575901105
29923776739432, 577796965
29924354601746, 584175232
29924938846742, 581018952
29925519931990, 591648453
29926111650208, 587051192
29926698769300, 829220553
29927528064713, 951948746
29928480129874, 606954826
29929087417475, 579521377
29929667079265, 568271012
29930235403066, 569483695
29930804937851, 577219764
29931382210271, 593228590
29931975492076, 597191192
29932572735503, 585323661
29933158110372, 853445994
29934011606586, 957684356
29934969346087, 592603993
29935562002939, 567244770
29936129299499, 571012880
29936700365159, 573892970
29937274310126, 593280646
29937867644818, 582398194
29938450095125, 580607813
29939030896253, 581116119
29939612065222, 852420359
29940464535147, 960475259
29941425063298, 588675066
29942013795120, 595343203
29942609191700, 592585432
29943201827955, 595256343
29943797136710, 587895924
29944385088584, 579372139
29944964564083, 575450220
29945540085230, 602043266
29946142181261, 858248655
29947000481385, 918920209
29947919453657, 581462237
29948500969559, 586282419
29949087304243, 575748416
29949663103973, 586179955
29950249336046, 570133911
29950819519895, 588128089
29951407699306, 573776550
29951981528801, 580762015
29952562342412, 853877550
29953416286293, 939999910
29954356354881, 607922759
29954964329658, 613555280
29955577936305, 598738085
29956176727685, 597010201
29956773788193, 574279481
29957348121196, 582315761
29957930492618, 604419603
29958534966445, 590525033
29959125545214, 847801337
29959973397007, 939393535
29960912847328, 585129739
29961498029142, 578827630
29962076909488, 586017081
29962662977447, 596745154
29963259772641, 584195506
29963844037688, 596895826
29964440989167, 597231000
29965038272236, 588370635
29965626696020, 845330402
29966472075894, 960149310
29967432277731, 588993199
29968021325112, 569427095
29968590802360, 579695512
29969170549985, 592455880
29969763058498, 591634764
29970354746836, 568975531
29970923775674, 589087624
29971512913453, 589347983
29972102312428, 851077652
29972953440677, 946392659
29973899887005, 589318275
29974489255868, 594293437
29975083602107, 574584687
29975658239010, 599703716
29976257995755, 588927824
29976846978209, 588214944
29977435246320, 594194745
29978029497555, 598476447
29978628039021, 895641076
29979523730161, 942433510
29980466215921, 594290314
29981060563337, 594353678
29981654970207, 597967081
29982252989855, 585982029
29982839024814, 590198163
29983429275840, 592162145
29984021490986, 599805096
29984621348801, 597005265
29985218407114, 879072956
29986097532285, 942734778
29987040320891, 608630476
29987649004554, 594297692
29988243354686, 585017452
29988828424993, 595931213
29989424408969, 607721627
29990032183386, 594033241
29990626268485, 599604556
29991225925365, 605534565
29991831513108, 863198134
29992694762642, 932769890
29993627584711, 618333844
29994245971481, 593096510
29994839124444, 589288997
29995428468343, 600709679
29996029232843, 607475331
29996636762485, 623531538
29997260374916, 605618681
29997866049713, 594879422
29998460995831, 879980831
29999341031232, 989505424
30000330591598, 606293675
30000936942808, 604726061
30001541722302, 593666605
30002135443736, 602192325
30002737689549, 609392717
30003347140308, 611425276
30003958622883, 589908602
30004548585245, 592314702
30005140954886, 881048239
30006022056138, 966452369
30006988563855, 597976597
30007586596074, 601978719
30008188628251, 596509013
30008785190887, 608399326
30009393643345, 609172450
30010002868619, 587216846
30010590145661, 601569963
30011191769247, 610156594
30011801988601, 896615018
30012698699258, 949238663
30013648066628, 605006606
30014253116635, 635568329
30014888725649, 629414323
30015518180893, 606519047
30016124739935, 604057459
30016728839187, 597202171
30017326082822, 605769809
30017931893698, 606920404
30018538854042, 880027668
30019418920326, 948794493
30020367754097, 608551123
30020976344966, 629393420
30021605782126, 587642142
30022193465209, 605151226
30022798655578, 616166735
30023414864818, 613667788
30024028574618, 617517844
30024646133719, 611362874
30025257538736, 868952847
30026126531191, 980729343
30027107301667, 619199539
30027726541265, 617132938
30028343715650, 612950532
30028956706184, 597409401
30029554154644, 611827327
30030166024101, 612354478
30030778420318, 595259952
30031373720552, 616260909
30031990022414, 882076510
30032872137733, 962835794
30033835013586, 587227831
30034422281649, 608342705
30035030667082, 604529542
30035635236584, 606025591
30036241302660, 610082160
30036851426123, 593788641
30037445256556, 593233500
30038038530412, 602707571
30038641277006, 884410259
30039525727231, 975707723
30040501474515, 615341883
30041116860283, 609019097
30041725921140, 600271589
30042326234941, 609166911
30042935441913, 592707631
30043528191457, 593251876
30044121484731, 600958830
30044722484202, 615345937
30045337872986, 900508623
30046238419918, 956134429
30047194596165, 619917930
30047814559171, 617086529
30048431685981, 634775339
30049066504243, 596015319
30049662560055, 616395644
30050278998147, 630957224
30050909995640, 607670719
30051517707884, 631095776
30052148844947, 902733969
30053051618994, 960780082
30054012441061, 622405138
30054634890909, 628866337
30055263798058, 629712165
30055893551567, 604801314
30056498395971, 595641610
30057094078873, 606657259
30057700778599, 619609800
30058320441315, 591809712
30058912294338, 892874388
30059805208253, 950899929
30060756149558, 608228491
30061364419625, 600399200
30061964861676, 609389002
30062574292109, 600726102
30063175058878, 608417581
30063783518350, 605972525
30064389532999, 610222360
30064999801114, 612990107
30065612832797, 869485399
30066482357843, 967416886
30067449817908, 616660885
30068066521985, 598585228
30068665148389, 618486986
30069283678132, 616653623
30069900374967, 615274554
30070515690244, 614948860
30071130678946, 610271013
30071740992624, 626025955
30072367060866, 898878399
30073265984446, 964657587
30074230682935, 624385804
30074855109950, 610320383
30075465472513, 646704745
30076112218959, 616793026
30076729051655, 597831953
30077326925110, 615863918
30077942831762, 621519805
30078564393143, 656865006
30079221299842, 904296588
30080125637070, 971262626
30081096942009, 611162706
30081708147598, 640544323
30082348735518, 632413345
30082981194190, 634279670
30083615517916, 621746037
30084237307748, 629396548
30084866747823, 619454118
30085486245510, 626480952
30086112772135, 895433713
30087008245899, 979445288
30087987733613, 606996972
30088594773993, 632043288
30089226855523, 615373748
30089842268603, 627241564
30090469549913, 624502970
30091094092221, 624288342
30091718421429, 624889252
30092343350252, 626325049
30092969715574, 917119750
30093886872871, 975284443
30094862198465, 605565461
30095467804456, 634160549
30096102003849, 633245628
30096735291119, 627313643
30097362645899, 641909455
30098004596300, 617852064
30098622487083, 634509371
30099257037651, 627194556
30099884275193, 951341269
30100835657203, 995582875
30101831280927, 633078069
30102464400169, 617834820
30103082276624, 637146369
30103719464087, 620428886
30104339937142, 624837403
30104964815523, 639932486
30105604790169, 614367610
30106219198720, 634077471
30106853318382, 900533714
30107753892498, 986619135
30108740552732, 616896127
30109357489751, 625359292
30109982891636, 621404407
30110604335833, 601061145
30111205437928, 611481141
30111816962224, 616342578
30112433344310, 642226346
30113075615333, 621905576
30113697562737, 896550743
30114594152026, 963127850
30115557320468, 643873039
30116201235659, 630741726
30116832029497, 624308203
30117456379274, 648193044
30118104614069, 625080940
30118729736911, 638407930
30119368188131, 614133211
30119982362139, 614280796
30120596684542, 937930965
30121534652854, 1002414758
30122537110684, 613586008
30123150738637, 609194626
30123759973809, 629348484
30124389362731, 629030354
30125018436764, 621083906
30125639562560, 613029254
30126252635756, 613858100
30126866537109, 628246798
30127494824641, 955259839
30128450124096, 981837899
30129432015941, 642392807
30130074450432, 633445025
30130707938492, 661751629
30131369735412, 643170097
30132012946820, 620239614
30132633227730, 629376201
30133262642382, 610337730
30133873020368, 650947169
30134524022000, 933139817
30135457199361, 972350248
30136429591869, 628804798
30137058435781, 649005252
30137707484105, 626332437
30138333858303, 618485458
30138952384800, 623150218
30139575575722, 621242502
30140196860602, 631119054
30140828038257, 623062903
30141451140334, 920704508
30142371884486, 993543434
30143365467964, 639886171
30144005395832, 621763792
30144627201555, 612565557
30145239808661, 629704634
30145869555565, 633720801
30146503316972, 645986622
30147149344409, 637059592
30147786445607, 611970991
30148398458040, 930138231
30149328634577, 993399713
30150322077159, 623668163
30150945786024, 624268280
30151570096844, 628057100
30152198196020, 622262569
30152820498656, 621122598
30153441661716, 642796395
30154084498430, 627870575
30154712411054, 617912385
30155330364490, 932237135
30156262638565, 973146204
30157235825101, 638048003
30157873914479, 636105319
30158510059546, 654645302
30159164746839, 620960757
30159785750407, 625755173
30160411548507, 627217840
30161038808578, 635415701
30161674264724, 638270764
30162312576710, 928266683
30163240881958, 983146067
30164224068542, 636495220
30164860611589, 641039926
30165501691512, 621649691
30166123382324, 632922343
30166756344516, 644991590
30167401377721, 651557939
30168052976394, 647460000
30168700478874, 640340149
30169340859391, 937497183
30170278394838, 1006664351
30171285100639, 646506883
30171931648837, 643262605
30172574953538, 632979365
30173207973871, 634661375
30173842677025, 648310909
30174491028873, 633176053
30175124245550, 642522048
30175766808353, 641396009
30176408245049, 949343829
30177357628429, 997460032
30178355139324, 615215159
30178970395080, 640817642
30179611253417, 627220877
30180238516482, 653626712
30180892183974, 633187152
30181525410423, 623825974
30182149277202, 620387007
30182769706157, 627796244
30183397542891, 971281804
30184368863889, 981297707
30185350203300, 637477483
30185987722692, 642382472
30186630148752, 649105741
30187279295071, 631119448
30187910455939, 640451815
30188550948779, 637746724
30189188737027, 651303019
30189840081978, 621262748
30190461384317, 951965190
30191413388014, 987854107
30192401282839, 648045870
30193049369562, 640095903
30193689507572, 630714212
30194320265052, 658566448
30194978870391, 643422011
30195622333835, 644581210
30196266956705, 648266649
30196915264664, 633786579
30197549092399, 952176423
30198501323217, 1007677391
30199509040937, 643475124
30200152558252, 635584320
30200788181989, 643458666
30201431682395, 636615733
30202068341533, 646466758
30202714849960, 643771430
30203358663328, 646738049
30204005440298, 630011441
30204635491080, 960794326
30205596343930, 1013740032
30206610140487, 649418455
30207259618785, 645831293
30207905491462, 657929804
30208563464687, 642362057
30209205869676, 630619459
30209836530332, 653846940
30210490419756, 642995884
30211133456635, 638851625
30211772348499, 942696934
30212715083640, 1000240666
30213715364892, 648370027
30214363775875, 647034931
30215010851787, 644809474
30215655703616, 641281163
30216297027190, 660506134
30216957572440, 644664193
30217602276068, 640769443
30218243085725, 653761065
30218896887139, 956698698
30219853622907, 1011803980
30220865467705, 640069426
30221505578664, 649161122
30222154786932, 659273889
30222814102718, 651661569
30223465805370, 659480546
30224125326436, 630697408
30224756064285, 642825233
30225398930340, 645786473
30226044758637, 947609731
30226992405634, 997036250
30227989483164, 643199221
30228632724882, 653666491
30229286431805, 652474247
30229938948439, 661797991
30230600787164, 650221636
30231251050341, 641079931
30231892171043, 652698914
30232544910525, 650158981
30233195110298, 962058077
30234157208335, 1002195633
30235159442622, 656104877
30235815592801, 653928678
30236469563531, 655743256
30237125348365, 630692565
30237756082258, 660058603
30238416183904, 666198410
30239082423654, 666694928
30239749159296, 656474560
30240405676234, 960583423
30241366301419, 1008091563
30242374436084, 643390610
30243017867816, 647446172
30243665356634, 638001564
30244303398818, 658963471
30244962401551, 643761881
30245606202696, 643718204
30246249961918, 634780836
30246884782304, 644803027
30247529624579, 951296009
30248480960199, 1000892112
30249481893187, 642605649
30250124537737, 636236060
30250760815719, 657374656
30251418230424, 654186560
30252072457817, 654313764
30252726814074, 651648204
30253378502690, 637063971
30254015610106, 649055800
30254664705517, 980102333
30255644846651, 996444303
30256641332535, 673269080
30257314641221, 668927447
30257983610126, 662735241
30258646384848, 642037367
30259288462494, 656136530
30259944639202, 644427988
30260589107629, 644527964
30261233675895, 669221519
30261902937581, 947140037
-------------
--------->>>>0<<<<---------