---updates---
44637205666646, 5279316759
44663619802352, 1938881608
44681575569603, 1908457775
44683484177503, 2015761290
44685500068851, 1797199713
44699349580672, 1726142257
44705025349443, 1775157544
44706800649725, 1875560766
44708676335195, 1706594238
44726460086352, 2534342310
44728994556246, 2572264464
44735457662668, 1679817555
44740908026159, 1677655135
44746483532890, 1905887881
44748389578490, 1825651219
44758009174639, 1925238045
44759934562899, 1795424698
44765876649488, 1566623714
44767443654923, 1679396952
44769123199422, 2717966323
44776220803213, 1913004025
44778133930683, 1896243918
44780030325446, 1804513392
44781834980677, 1815405357
44783650519548, 1725917263
44789500666531, 1698007952
44791198784090, 1843856266
44797160819115, 1719403126
44798880360593, 1943403992
44800823899616, 2455230070
44803279240589, 2379021697
44813661657000, 1683391356
44823707022556, 1599489454
44829344920170, 1627781751
44834784973149, 1618100235
44852537504163, 1680836869
44858143831546, 1693103121
44859837066014, 1756625158
44861593822106, 2156072955
44868101575221, 2378247622
44870479930423, 2319422281
44876843864594, 1710006484
44882562340709, 1668423286
44892514518097, 1765313480
44894279964782, 1851820003
44896131916145, 1596676630
44905790612067, 1847740183
44923713000864, 1736178661
44925449307580, 1855813153
44927305233517, 2456889848
44929762267083, 2443805864
44932206186026, 1648658508
44941554013972, 1572535448
44947277037354, 1584423608
44948861573606, 1813790636
44950675502207, 1748373585
44956591234492, 1546907102
44966579290452, 1720767779
44976481578502, 1706415814
44978188154589, 2639478901
44980827792809, 2530623530
44983358545934, 1848151455
44989372196534, 1733881631
44991106192298, 1760401742
44996738675383, 1913933418
45023001471782, 1679982829
45024681587186, 1654531959
45039032540448, 1759109262
45040791786218, 1774608037
45042566503977, 2366017003
45044932630574, 2475641818
45047408382176, 1975344838
45049383845692, 1800148120
45051184152468, 1736516182
45052920808704, 1629256073
45058810388970, 1564968705
45060375493478, 1703877280
45062079503684, 1780663224
45063860305020, 1740997866
45069792297201, 2605922865
45072398354772, 2526939322
45091843620488, 1730152609
45093573884086, 1872532394
45107568484008, 1727463383
45117918097228, 1595976876
45127977164776, 1743020109
45129720298162, 2059662431
45135920120790, 1916555098
45137836824588, 1824172872
45139661128272, 2367103850
45142028367129, 2445732551
45144474221652, 1878372146
45154406404861, 1882847094
45156289386633, 1708166330
45157997660467, 1764313376
45163837870842, 1744004288
45165582015035, 1896815741
45167478939132, 1898384405
45173394164617, 1616981237
45191430357903, 2562980754
45193993454191, 2624113589
45196617701228, 2050965070
45206839572453, 1806500333
45217015953946, 2089805586
45219105870036, 1891544760
45224991315378, 1862002678
45226853426836, 1932549036
45228786085039, 1819755137
45230605971110, 1949297194
45232555407198, 2376660309
45234932213406, 2466611690
45237398959017, 1889520886
45239288592372, 1655526847
45249524661558, 1772706703
45260053059056, 1606475366
45261659665847, 1686059926
45276255537236, 1881163001
45278136843857, 1693729687
45288611545585, 1619442092
45290231126959, 2428939202
45301311578231, 1912856742
45311726432042, 1744788166
45322004393767, 1892793417
45323897330745, 1823799484
45330091169206, 1904354928
45331995660199, 2083914728
45334079686480, 1966958752
45336046759639, 1965554735
45342183353747, 1650879720
45343834375612, 2636833333
45359438479826, 1812422085
45361251050867, 1736738114
45362987926483, 2033449630
45369522270266, 1920212156
45380111915583, 1607384096
45381719453056, 1654763982
45387627322373, 1838773648
45389466264357, 1838528555
45391304906302, 1688450799
45401768176071, 2518100266
45408968056842, 2087077692
45411055247707, 1632903077
45412688261940, 1805393874
45423452044967, 1614161582
45429475191851, 1756842288
45435558098680, 1714533630
45437272748227, 1957006445
45460449160979, 1930770491
45466492192120, 1864962267
45472815091869, 2447316732
45484247806786, 2098375694
45486346348075, 1749446204
45497276459077, 1798188873
45503696945573, 1770848190
45514288948930, 1746805281
45516035902510, 1996295821
45518032306065, 1960543624
45533659432513, 1679427901
45543816618092, 1719476246
45554521603141, 2605460412
45562115197333, 1990176181
45573554645088, 1895553817
45580185633681, 1978804172
45582164577556, 1665570322
45583830257728, 1924226470
45585754622655, 1854701548
45596004457673, 1895592326
45597900163270, 1960658965
45604174666183, 1816004160
45610802041517, 2294212208
45618208191753, 2170262598
45625044048253, 1847520778
45626891685460, 1970274652
45642718390457, 1949530582
45662907814698, 1922561350
45700644645664, 1933930308
45702578718201, 1811713751
45704390579155, 1845900099
45706236594008, 1795756756
45726096415266, 2386157223
45728482699374, 2683626813
45736071127220, 1704802543
45746766429417, 1917951755
45748684516622, 2024948718
45750709607997, 1878015950
45757255864174, 1697845345
45758953845828, 1888542042
45760842526449, 1925317813
45762767956887, 1793437863
45773831650816, 2476371090
45776308138170, 2652405614
45778960681618, 1778463874
45780739259381, 1744827856
45782484199635, 2068222130
45789246779657, 1783181496
45791030091286, 1949316935
45792979541884, 1870813763
45794850554990, 1859191546
45814720934565, 1543283217
45820944773168, 2520834285
45823465711896, 2471419457
45825937217801, 2155128092
45828092439555, 1810616694
45829903151008, 1817330751
45836162289754, 1780661592
45856129208897, 1576000072
45857705304677, 2076749249
45864416794053, 1809732430
45866226610975, 2051180098
45868277873757, 2608995812
45880609057524, 2077616381
45882686767081, 1790412388
45889391625113, 1943244545
45905062899703, 1896580179
45911778389501, 1751470821
45913529941818, 1844775104
45915374802138, 2034612222
45917409513282, 1973850337
45924029285891, 1991248355
45930867749155, 2568446459
45933436296997, 2554101603
45940751175200, 1757216145
45961033386858, 1640618052
45962674101512, 1913238385
45964587428078, 1799070964
45990029844405, 1830561586
45991860493277, 2239165158
46012978608976, 1833681384
46019185731927, 1916468902
46025698874925, 2517512532
46033581443784, 2205134395
46040561907207, 1961779330
46042523780261, 1661655181
46044185519402, 1672613393
46045858227429, 1930244684
46047788558973, 1801663339
46054202149713, 1947762686
46056150004322, 2008875277
46067306420535, 1960197342
46078663862157, 2605275491
46086630900688, 1934647896
46108241808862, 1847543217
46110089454284, 1740109258
46126060585494, 1754701695
46142254513202, 2060271022
46144314877083, 1960156317
46146275116786, 1733903254
46152712132386, 2267044082
46154979261041, 1906658772
46161543572662, 2839250228
46164382924624, 2429103993
46166812134964, 1840001506
46173560353810, 1966004352
46180439442689, 1786329454
46182225865208, 1855862706
46188836828378, 1860354998
46190697338444, 2184897748
46192882334687, 1986620927
46194869049007, 1980282000
46196849414726, 2634620485
46199484127138, 2782566722
46207256680471, 1723126914
46208979896514, 2010255957
46215784011132, 1906292101
46222584698255, 1838422660
46233807380085, 1943746627
46254658066464, 1871997178
46256530153613, 2067230799
46272802788594, 2009299003
46274812169629, 2577563287
46277389826646, 2827245354
46280217155299, 1909151062
46282126391869, 1807622741
46283934098520, 2153512653
46286087700310, 2179812839
46293187532037, 1990796000
46305079433169, 2074937934
46307154455425, 1997891366
46314197192345, 1694512315
46315891780926, 2529064215
46328468322216, 2328444227
46336162079417, 1826330078
46347577567771, 2304013018
46349881661979, 2139560969
46352021309978, 2179029703
46364435431399, 1908927214
46391297335697, 1753677478
46393051091517, 2146867417
46400314853455, 1860602774
46431732338832, 2438502822
46434170932638, 2654994318
46436826011276, 1949733149
46443427487038, 2156256703
46445583833379, 1976722902
46452487310423, 2099522454
46459552448998, 1776734395
46476197748604, 1815571378
46482852361529, 2006562400
46505009938079, 1835127291
46506845146026, 2709441921
46515622437516, 2150226874
46542366680513, 2004261656
46544371025745, 2151969015
46551386238615, 1902235685
46553288554205, 1977128405
46560213706391, 1844784583
46567124872425, 2196084195
46584668525649, 1914695349
46586583299320, 2091923407
46588675306867, 2689091278
46591364478321, 2609660452
46599003739662, 2117585601
46606312294627, 1929057018
46608241440660, 1886605449
46610128125218, 2027158031
46617123550058, 1730975704
46618854614222, 1965235699
46630295697228, 1916242272
46632212030640, 2106095619
46634318214828, 2739303900
46637057612437, 2777478939
46639835175314, 2222358374
46642057607959, 1983687992
46653685473549, 1968042977
46655653589988, 1980236548
46668050795010, 1834341489
46669885228991, 1945567435
46671830898287, 2044429295
46678884268978, 1765553499
46690263686923, 2781962650
46698652305390, 1954632241
46715705739466, 2053184887
46722603007746, 1887579236
46724490673262, 1805968583
46736238208921, 2119719915
46738358015604, 2092967075
46755826150565, 2101363023
46757927588857, 2176275016
46780726780686, 2051004836
46782777864167, 2778971834
46785556923840, 2739579168
46793562395350, 2082755078
46795645224156, 2167415891
46803312740132, 1953798371
46805266615972, 2208600479
46807475298083, 2134129043
46809609501521, 2114224733
46811723802621, 2061858486
46813785742913, 2281739575
46816067563951, 3150093656
46829833893154, 2206417404
46832040388671, 2089928836
46834130398516, 2026299933
46836156784409, 1869504147
46838026377064, 1923891119
46850312938263, 1873952498
46867877608465, 1899117258
46869776811838, 2051589697
46877234047239, 2110759148
46879344887169, 2943285311
46887682673705, 2148190814
46889830943011, 1811540420
46891642561125, 2009422238
46893652074607, 1906486511
46895558648159, 1851524326
46902953567442, 1903245533
46904856889965, 2053078154
46917191846623, 2270675057
46919462600038, 2318092713
46927381889428, 2761663786
46930143643398, 2768340809
46938060097764, 2233006125
46940293179349, 2168401970
46973891898657, 2288252266
46976180227657, 2114998812
46983521862962, 2068769320
46985590713233, 2065072062
46998207074572, 1967272696
47005341274159, 1957208077
47007298554067, 3001245311
47036600420554, 2299266184
47054333972976, 2175866542
47062205747643, 1882389868
47064088322465, 2181945264
47066270607530, 2105779436
47068376460471, 2053517424
47070430029371, 2059714914
47072489795213, 2097461958
47074587306968, 2079901006
47087312667632, 2863629710
47095608911160, 2171255154
47102960913894, 1950139794
47104911103495, 2007916178
47106919069234, 1996920418
47108916053484, 2126869035
47111042973816, 1855289490
47112898313432, 2288923703
47115187285664, 2013385718
47117200721437, 2197290490
47125314688700, 2950280819
47139082172754, 2197822199
47141280056437, 1956392880
47143236501975, 2000687516
47150798524201, 1931501862
47152730079021, 2402278694
47160471685822, 1938008610
47162409742503, 2206840838
47169810491139, 2114336866
47177708651457, 1844234325
47179552940568, 2788722785
47188194329229, 2071887814
47190266266540, 1982590615
47192248908902, 2129851166
47194378807919, 2096736111
47196475592633, 2252564529
47215296520719, 1765728886
47222404507638, 2254571426
47229686678445, 2040182327
47231726910799, 1848208712
47233575169403, 2668767555
47236243992152, 2873760283
47239117802565, 1941640404
47241059493365, 2130955841
47243190500768, 1995843031
47250689085957, 1914540309
47252603678746, 2040990325
47254644717894, 2124755347
47256769524968, 2039595349
47258809168813, 2456450962
47271993341779, 3014074600
47275007472572, 2560853174
47282834028365, 2168210701
47285002287162, 2263909503
47309809400193, 2081368888
47317320236767, 2051616530
47340766624652, 1707020608
47347642207867, 2190660378
47355647391024, 2133474529
47357780916675, 2116342091
47365536512425, 3019776336
47368556342454, 2821729204
47371378123888, 2325750643
47373703922713, 1809001840
47375512973710, 2015951198
47377528975882, 2084641467
47379613667835, 2091809960
47387192674574, 1947239472
47394699967696, 2018871710
47396718886846, 2230470995
47409867842986, 2995277901
47412863174636, 2877679104
47421352112943, 1918309808
47428403293145, 2018731039
47430422075216, 2503709600
47432925831975, 2423503974
47441064716331, 1908569416
47448550451333, 1857161099
47450407661824, 2102053456
47452509765729, 2185282736
47454695097841, 3127461824
47463688502581, 2278034930
47465966587132, 2061308532
47473425572937, 2070752666
47475496374196, 2307785450
47477804209316, 2097335109
47485559561971, 2217761449
47487777374309, 2031767547
47511492355693, 2046382423
47518928795058, 2159520189
47526650475202, 2713544845
47529364074248, 2739679207
47537511220548, 2366664933
47545172102578, 2153546774
47557592691341, 1886187695
47559478930199, 2330497526
47561809480164, 2143076831
47563952611004, 2307572598
47571827588202, 2053569564
47573881205878, 1906937455
47598013436711, 2932739240
47606961009118, 2507560236
47626253954151, 1830767766
47628084769901, 2443506054
47641453084606, 2046786253
47649460759795, 2189878361
47685615864305, 2144406646
47687760322433, 2525512353
47695617461868, 2310100262
47703868542221, 1929231405
47705797823948, 3030484848
47708828361812, 2737802604
47733733052464, 2353579553
47742047027357, 2088922425
47744135999044, 2152352372
47752074689080, 2061243867
47754136021043, 2380610944
47767699479588, 2005369917
47769704898538, 2244520918
47778146472935, 1855214322
47780001736772, 3194834513
47789600739494, 2203810124
47797239804452, 2101606317
47821992650041, 2217380264
47824210077614, 2369007698
47826579134179, 2143347441
47840573150169, 1949627223
47842522827707, 2169398926
47861509421264, 1906532630
47869628437980, 2116958461
47877282382942, 3507947885
47892132664210, 2721119804
47933756612984, 2039761122
47941561546329, 1853179376
47943414775974, 2103426210
47957242556042, 2418801796
47965567394474, 2040688692
47967608132596, 2126531751
47969734715504, 2371920243
47972106684453, 2417443011
47974524175260, 3369695791
47990101477905, 2495308806
47992596834894, 2288427845
48000606613678, 2115180593
48008949651483, 2145950058
48011095653663, 2035489042
-------------
---reads---
44611944132403, 11293696181
44642485481063, 105480890
44647001089037, 75374640
44651150875510, 143586461
44655457661312, 188455356
44659634496859, 153931843
44665558757054, 145568644
44669530249157, 90985234
44673448963720, 123578790
44677539040874, 112167516
44687297344979, 184109925
44691483592495, 80405434
44695394762370, 104089502
44701075814162, 163707731
44710383004832, 136761428
44714526756228, 128143699
44718522143554, 61433489
44722404514151, 121017669
44731566890483, 92243326
44737137576319, 192639913
44742585756864, 154551987
44750215322174, 117010402
44754207001796, 107451731
44761730060170, 122850416
44771841258258, 238414721
44785376521418, 123846249
44793042712381, 101516952
44805658360456, 106593373
44809641352946, 204260853
44815345122580, 222122415
44819397192106, 182069240
44825306599614, 160681915
44830972770254, 252267635
44836403157562, 269907058
44840472797943, 165057491
44844598475405, 175397537
44848603754625, 197964174
44854218431593, 165512163
44863749966750, 175323396
44872799425084, 183656762
44878553958470, 155595490
44884230854312, 200307001
44888325136413, 162410508
44897728663588, 148274629
44901727945122, 126457301
44907638420957, 93265155
44911623301192, 171143645
44915631932002, 246941040
44919786928713, 87252367
44933854930900, 146230819
44937714932267, 98215136
44943126686077, 169206742
44952423945844, 173350371
44958138231928, 129240626
44962261676315, 229414355
44968300132184, 114760007
44972611402280, 152048391
44985206765093, 224983620
44992866685321, 148845030
44998652696602, 176552720
45003040267865, 228031958
45007050080539, 213741687
45011174930698, 195267853
45015280366720, 81955003
45019037519749, 129714196
45026336209067, 137161449
45030747336331, 79952998
45034862379795, 66426684
45054550153825, 178855507
45065601371915, 162577800
45074925366345, 220215047
45079347534526, 151813851
45083632499282, 206280465
45087762828631, 175785106
45095446484277, 99066547
45099592499471, 237552461
45103669507337, 61207837
45109296046036, 106043261
45113551997066, 224343679
45119514167053, 87121083
45123870159456, 176815722
45131780061448, 167405848
45146352684737, 191239656
45150568847502, 151643276
45159762060658, 173633822
45169377405192, 156069383
45175011237415, 109056295
45179131194883, 185892222
45183132433278, 196379676
45187263588703, 191914033
45198668751546, 160677278
45202652601787, 229686373
45208646145405, 238921464
45212931845394, 284594969
45220997504856, 68553028
45240944210039, 135632206
45245210760082, 142754586
45251297441009, 145103570
45255837437861, 215635172
45263345795493, 156606936
45267637942799, 115353405
45271852457388, 116582796
45279830651875, 83149196
45284123731877, 282779322
45292660164795, 172081167
45297336768794, 195961025
45303224503833, 174679520
45307601246163, 201960741
45313471289829, 149424387
45317845480990, 141990045
45325721200236, 104290872
45338012403191, 173142924
45346471282475, 281195789
45351118595367, 273629497
45355230770391, 170582099
45365021446265, 207723131
45371442576189, 126072929
45375730192848, 195351057
45383374324436, 220339703
45392993426041, 164809641
45397529187393, 199445399
45404286369024, 207176318
45414493722741, 235118089
45418879480557, 226591952
45425066274339, 216131190
45431232101262, 206503498
45439229823041, 282941823
45443777292753, 183894976
45448151948808, 102115037
45451999498905, 319007933
45456093286421, 261474278
45462380031847, 156920968
45468357228551, 69732822
45475262486780, 199754653
45480245340218, 134083270
45488096069495, 133455369
45492707185358, 260484790
45499074731123, 269992400
45505467883959, 109645459
45510101124698, 77418847
45519992915461, 209193010
45524264818470, 297801204
45528900515803, 179351303
45535338946825, 211523460
45539525380932, 171044653
45545536179435, 132480982
45550056712510, 231914770
45557127155530, 336030008
45564105445469, 233139206
45569059802446, 259794177
45575450267263, 254219676
45587609416022, 169403090
45591988160922, 104759640
45599860913204, 184786836
45605990748948, 248059949
45613096345655, 285420732
45620378543291, 154870407
45628862043489, 180600388
45633683240902, 175326034
45637947365225, 271797986
45644667991203, 170005462
45649304837651, 128910489
45653722760372, 102147970
45658050268170, 208697680
45664830445309, 227542873
45669343131083, 154248217
45673634841122, 159463111
45677965368385, 282980436
45682387203232, 258537152
45686910330078, 212508285
45691636361159, 341554445
45696066926918, 240330651
45708032434248, 235397239
45712556045163, 227743170
45717179119240, 223164099
45721528487789, 195183121
45731166414039, 225330663
45737776024744, 180894730
45742162152054, 229791347
45752587692536, 161626388
45764561460491, 242041536
45769298120026, 204396656
45784552507189, 287240014
45796709835647, 252933560
45801406566804, 224249023
45805792325214, 198051961
45810050952869, 167412739
45816264280963, 130560536
45831720524351, 158523349
45837942991998, 297534346
45842536878117, 270591309
45847017817282, 115059748
45851587165728, 272127095
45859782092606, 206971218
45870886912423, 307356671
45876059961371, 215394225
45884477222782, 180718445
45891334912887, 230278227
45896080117596, 331484863
45900581172635, 293915215
45906959521911, 228062424
45919383407582, 269427702
45926020572183, 367801693
45935990439185, 228234207
45942508431010, 185585660
45947169711534, 215603407
45951620109104, 349865105
45956354333442, 116469328
45966386543062, 152953642
45971232070243, 252562551
45975967775519, 291787480
45980613534198, 251327532
45985233349190, 267735925
45994099701643, 213603347
45998873628901, 244488845
46003448974995, 146759644
46008061284050, 351341198
46014812332437, 97921326
46021102242752, 125404909
46028216430640, 331593449
46035786619805, 247927022
46049590266027, 224519483
46058158919166, 219161142
46062756277285, 239440286
46069266660450, 170956074
46074062887329, 248125369
46081269185497, 380435798
46088565590206, 214404986
46093871372743, 262968011
46098599729462, 209564355
46103492212202, 253734228
46111829607313, 191668566
46116711799956, 277143336
46121502963548, 110545991
46127815329437, 244612244
46132482701793, 232924257
46137078183978, 248888230
46148009061377, 163154147
46156885962762, 134673101
46168652181760, 204968615
46175526398158, 303848533
46184081769101, 182907342
46202266735470, 207664140
46210990189046, 231971438
46217690344017, 191413066
46224423158368, 72667741
46229048387201, 265305003
46235751193652, 138536412
46240628447130, 156415496
46245271741289, 252197960
46250097258024, 298329339
46258597420638, 360691620
46263683421079, 93361814
46268201732985, 185770653
46288267548168, 305127218
46295178384014, 320349622
46300142839718, 248689509
46309152384875, 314168676
46318420888175, 363343431
46323782934004, 287562972
46330796801665, 336397359
46337988444066, 184090827
46342825281543, 157072036
46354200376284, 229274207
46359441878494, 316872883
46366344395072, 277719017
46371495684444, 262561558
46376438117699, 190914539
46381312770654, 231878985
46386207034298, 258908117
46395197997386, 251787766
46402175492561, 193464144
46407056209836, 226063301
46412423685242, 202732578
46417259420179, 285025828
46422384140583, 105271341
46426920305092, 151581428
46438775780456, 210535656
46447560592592, 244057137
46454586870011, 236835500
46461329220934, 173560634
46466236528345, 254716543
46471065219148, 248192860
46478013359024, 165893778
46484858959320, 235983234
46489764970395, 169680727
46494773714874, 337136308
46500124221756, 239670576
46509554631808, 330411772
46517772702532, 97080790
46522604319564, 190044765
46527455625536, 294179206
46532778146817, 191232412
46537627520609, 79039447
46546523034116, 157645544
46555265720623, 311244184
46562058525445, 278982852
46569320991727, 205079093
46574516507079, 248590898
46579485564512, 337665696
46593974173760, 121298313
46601121360467, 226361493
46612155320469, 223675715
46620819888058, 180344014
46625636151383, 245839802
46644041335175, 127248249
46648754959379, 163990710
46657633866544, 336550549
46662705901280, 258568409
46673875366305, 256149650
46680649861253, 146794542
46685456701158, 230334797
46693045693536, 209299138
46700606989997, 272631906
46705976432274, 254369437
46710693839518, 281137911
46717758959854, 300819754
46726296678579, 243119528
46731461697294, 72393889
46740451017286, 202604249
46745659991104, 266394745
46750628793697, 192741303
46760103898031, 211943534
46765343742887, 340503036
46770545351292, 96306398
46775442870119, 196465736
46788296538900, 234850425
46797812673357, 308874213
46819217707698, 426922043
46825073313060, 199910162
46839950305750, 217039752
46845120669328, 227757926
46852186925377, 249534539
46857782826541, 262404637
46862563593856, 364325620
46871828440942, 256815015
46882288210990, 369362518
46897410209216, 364030768
46906910002223, 228272207
46912058095516, 214805656
46921780729927, 229469612
46932912031980, 257779586
46942461616775, 295063616
46947906025600, 299205598
46953294086814, 336313506
46958649692484, 205253054
46963729920690, 300711362
46969038856266, 175390208
46978295264248, 188036484
46987655822345, 213515865
46993175466403, 221422036
47000174381991, 186220309
47010299838993, 395185864
47015910509651, 149165110
47020626544622, 384935101
47025975377567, 288281361
47031207082210, 338799738
47038899719629, 191006874
47043877765482, 351861603
47048803276291, 169950386
47056509875549, 390519842
47076667242028, 270965279
47082100253613, 267287455
47090176335045, 274438594
47097780200705, 202974955
47119398044354, 316876494
47128265004162, 350936879
47134031973118, 334858386
47145237222574, 313692705
47155132389717, 313173465
47164616616511, 275539135
47171924862264, 329263526
47182341698796, 402828355
47198728190865, 317552897
47204398844310, 257591968
47209891794099, 91116040
47217062281062, 328214845
47224659114115, 256790759
47245186375831, 184498235
47261265651517, 357536131
47266764184510, 284630936
47277568357068, 263143128
47287266228737, 255330141
47293143639929, 336416585
47298738236078, 340971288
47304310397460, 220282448
47311890797025, 241903058
47319371882436, 219459846
47324799290929, 281255466
47330460486553, 120776821
47335323178360, 234349575
47342473674637, 249999010
47349832896542, 288959665
47359897288841, 140410945
47381705506498, 232779507
47389139943267, 270543861
47398949387762, 362610493
47404265724163, 224954413
47415740881538, 307483960
47423270452484, 270634483
47435349364773, 370633828
47442973315458, 215859228
47457822590386, 404295699
47468027923314, 308360491
47479901573512, 367701459
47489809171331, 246251499
47495084630659, 324431348
47500470337309, 245307474
47505769067416, 431549521
47513538768953, 248635744
47521088347683, 298236608
47532103785125, 331468262
47539877915411, 391998020
47547325678907, 173118084
47552695487428, 273480377
47566260211815, 330085572
47575788171580, 242920032
47581513947443, 255987124
47586984537366, 221603199
47592723769509, 273458694
47600946207424, 401731154
47609468598164, 338235540
47615327862220, 310312341
47620866891303, 332533336
47630528303538, 207147434
47636099097675, 219020488
47643499900777, 324865827
47651650666264, 244791525
47657465102079, 247413745
47663136720762, 291078123
47669037367130, 222191820
47674500906291, 291763853
47680066191760, 409654469
47690285882168, 269431592
47697927607255, 423254765
47711566193789, 164666016
47717164448042, 286868280
47722479095966, 311054865
47727732478580, 223590548
47736086660316, 357448260
47746288379775, 267444631
47756516661871, 249481485
47762218566466, 353551242
47771949450337, 310168245
47783196603674, 387923805
47791804577841, 344571892
47799341439162, 306294884
47804726599218, 360969080
47810884543152, 221046540
47816399318114, 301752105
47828722512310, 382685663
47834842307062, 243906581
47844692255154, 266018130
47850356516648, 205253139
47855682809558, 281226775
47863415982845, 359792820
47871745426446, 247843235
47880790362935, 385843852
47886467021288, 194891748
47894853816369, 433471911
47900710259282, 261912033
47906297103586, 97712241
47911649563321, 209427316
47917192659284, 347286254
47922595357420, 305995131
47928284898367, 282567555
47935796401963, 358075596
47945518230309, 352614774
47951362570162, 334662769
47959661386810, 394292331
47977893903230, 447740871
47984466250985, 173322679
47994885292478, 429153534
48002721821598, 269273881
48013131170266, 250035469
-------------
--------->>>>0<<<<---------