parsing config file /LakeVilla/lvconfig.conf
parsing done
<<<< begin once 
<<<<< redos: 0 >>>>>
<<<< commit once 
----- insert -----
99.0993
72.5181
63.4298
66.1255
68.0778
74.8439
72.5369
61.7085
64.6276
69.1133
82.8324
73.9927
65.1535
66.0841
101.143
65.6612
69.2858
63.6544
64.2687
63.2161
66.8583
66.6416
68.0918
70.2572
65.9239
73.8557
70.9176
83.9745
74.3769
80.687
80.8749
64.1285
63.6646
65.1676
70.6257
69.0197
65.7608
64.519
66.1388
82.6619
83.6786
77.4476
68.1925
66.6313
73.9557
77.6522
65.3106
77.0077
60.6791
65.4633
61.6202
65.8692
62.9339
77.2644
67.0125
68.5296
97.9238
68.5212
115.45
63.2361
71.005
65.8823
64.7257
66.1749
65.707
63.1736
64.5935
65.8751
72.1979
78.4231
112.728
125.422
81.9977
65.1177
70.7095
62.8796
71.5279
67.1233
67.4446
67.1433
65.3122
66.3265
74.676
80.8636
78.482
69.2134
67.7646
66.1421
66.594
66.5401
65.1453
65.3798
66.5739
62.8705
81.8719
66.5974
67.0975
74.1712
69.3492
68.4374
68.9358
82.8349
92.8919
62.7381
64.2324
69.9491
67.2682
66.684
70.7
62.7187
65.7193
65.9924
69.2423
70.2119
68.7742
67.9271
70.6639
93.42
68.999
65.8961
66.2869
63.5728
65.4638
73.8671
111.792
71.5227
67.0223
74.3212
69.1331
67.8684
78.1862
77.87
64.8017
71.7376
70.5227
74.6376
135.422
69.3651
77.704
159.402
74.4091
87.3147
120.432
87.3993
76.8218
100.834
63.5673
68.0795
127.965
66.0843
122.029
95.6422
65.1193
134.083
109.429
79.7741
86.5541
84.9061
74.2734
68.0577
70.224
64.2253
68.4917
62.1865
69.3782
65.2681
88.5416
66.8533
70.5754
67.6748
80.7363
96.6595
69.4593
61.2538
64.0067
64.1935
65.885
67.7148
74.4167
88.5468
64.3369
68.215
66.0023
69.2956
62.571
78.4163
63.1053
90.9868
100.43
92.912
67.3163
72.1034
144.322
104.112
65.8465
69.5869
63.4153
70.3653
127.729
70.2379
127.364
127.011
128.839
193.585
120.013
66.2516
135.334
174.653
72.2407
125.615
130.452
192.957
117.49
121.226
190.59
91.1201
66.8967
66.762
67.4184
64.5157
72.2678
64.9215
71.4762
75.0861
70.9132
65.5468
67.4507
69.3665
72.7924
97.9586
62.903
68.4527
65.5623
71.3679
65.9803
74.1885
71.416
67.2767
67.578
69.8688
66.6632
64.7575
64.1726
66.0736
64.5183
65.8582
63.6918
65.2591
64.4404
65.0958
64.9139
68.3966
183.097
109.999
130.985
67.9116
70.1753
70.5463
103.811
88.6126
64.0578
64.1704
61.7434
66.1457
65.3974
64.6885
64.8413
85.2039
77.3677
64.1245
70.5576
62.675
66.9548
68.9636
64.7412
64.6091
94.7017
69.261
67.4556
65.5317
70.8989
68.1892
65.7643
67.7871
67.5802
70.04
65.8723
99.823
67.9579
65.8073
65.6375
66.1423
68.2186
67.0324
69.1437
71.1064
64.9408
63.0997
68.2875
72.7671
64.3676
63.9773
66.8934
64.5125
62.9523
66.7361
63.4351
66.0675
88.2048
65.3116
64.4262
65.0702
68.3836
63.8952
140.2
67.268
66.0243
127.453
67.808
70.6614
65.421
72.6222
119.56
69.1468
68.103
65.2074
93.7986
83.4383
79.5881
64.3641
92.4727
66.2153
66.6052
69.4944
69.2145
78.3842
66.46
65.5861
70.2646
103.498
77.6583
65.4269
68.9175
67.4529
67.6755
64.3335
97.2261
67.3907
68.7139
70.9429
67.1092
88.1522
65.4667
69.117
65.6526
71.5328
71.36
63.7682
69.0419
68.1723
67.6835
66.3025
66.9467
70.5606
70.4294
67.9279
69.6263
70.0163
85.3815
66.4031
65.9486
69.8365
68.1802
77.9046
69.3229
69.907
64.9537
70.5711
66.3824
66.4389
65.1432
64.0152
65.7153
65.9083
66.6211
63.6092
63.6535
68.615
91.9077
68.9837
66.8844
69.0857
65.5218
64.6656
69.7905
67.4428
66.3666
65.9468
66.0894
64.3584
73.1304
67.0124
64.0633
67.646
65.0702
68.4309
67.541
64.1658
101.611
89.4825
68.2874
79.593
69.6514
66.413
77.433
66.1615
67.427
66.0814
66.4159
67.0821
66.5927
65.1958
65.2184
70.6724
64.5025
65.0631
69.8535
64.251
65.6028
63.5966
66.6749
66.1129
61.3381
71.0469
64.1744
64.1399
64.4882
64.4216
70.9714
66.0957
60.9304
63.1612
62.8264
65.3892
71.0985
69.1829
77.9748
73.6645
66.267
66.1462
65.3828
83.0963
96.4371
67.6743
63.7078
61.3673
69.2706
64.9909
67.4079
71.101
65.9933
67.2996
64.5915
71.4701
70.0996
64.6322
66.3275
65.7917
68.27
65.4322
63.3196
64.1879
68.5252
66.9452
65.6241
67.2631
101.366
69.3534
69.4856
62.8488
65.738
64.6602
61.4645
69.3134
62.7142
66.3537
66.0999
69.0032
66.5614
62.6025
66.687
65.838
63.6712
89.8647
63.052
66.3846
63.1007
64.4957
67.2289
65.6342
63.7565
63.6182
62.4232
66.6053
80.6374
64.3777
65.3991
64.137
65.3599
65.8489
66.0661
74.8547
63.9271
62.7981
64.6918
65.2368
62.3835
75.3129
63.9632
66.9743
67.0588
101.026
67.0173
63.4761
65.1497
66.635
65.6883
76.8864
62.2396
62.6496
66.6775
62.4726
63.0677
63.2299
67.2635
64.6782
66.5504
65.4095
65.2879
68.1607
91.773
125.003
83.0958
66.3083
78.5357
62.3127
71.5526
63.0122
67.6547
67.1804
62.8845
66.4577
70.4179
69.2732
69.7667
69.5916
67.3777
67.9713
70.1768
64.348
66.0148
71.5927
66.0613
67.0063
68.6827
64.8327
65.6115
63.8179
65.7845
65.4713
66.9112
67.0575
62.6268
61.9785
65.8764
66.3543
65.4669
64.0965
65.2152
69.9689
66.3204
68.7419
64.1778
86.8642
67.3443
89.0409
66.861
101.916
70.9991
64.1288
69.6726
68.0924
68.7492
66.7503
65.5063
66.9272
66.0843
64.5686
64.5846
65.9094
66.2793
68.4224
63.5767
64.6561
65.6106
67.3581
133.108
67.431
67.0322
66.1913
66.3864
63.7078
74.3725
63.8139
130.642
95.0689
127.725
123.963
61.9575
120.955
63.3274
64.6486
103.746
75.4155
67.7942
63.9096
67.3653
65.0661
67.6116
62.4852
63.9935
62.5211
67.8321
64.1213
70.3153
63.8205
63.7047
62.8606
63.7068
65.3685
65.2319
64.3111
62.361
74.4996
64.5693
61.1509
62.8074
66.1201
64.1349
95.3496
95.5375
66.4764
66.2911
65.4617
66.2453
65.5668
76.4835
67.9181
101.559
66.5271
63.5542
66.2652
64.0359
68.9572
63.9531
73.0519
71.9867
62.3332
65.3314
62.3095
65.4239
102.998
63.5138
68.1343
66.8733
70.0482
67.1167
62.2607
67.2182
62.0582
70.9262
65.4807
72.1512
72.3777
96.8501
89.6904
64.5879
65.2391
66.0776
67.9526
65.6368
70.3135
68.2872
67.7382
66.7998
67.6648
68.2853
65.4364
64.1106
66.609
64.9149
65.4871
64.9147
65.2168
66.4309
67.8475
63.714
66.2775
67.1551
67.402
65.2192
64.7393
65.6681
69.6724
62.6565
62.8837
65.5776
65.16
64.0549
64.7471
69.3645
71.3372
67.1133
66.3145
85.1135
69.0772
65.702
99.7021
61.6692
91.0875
71.2756
67.6725
62.0496
69.1354
66.8169
94.9726
66.4172
70.5638
62.9333
65.1625
66.0332
64.0045
67.9846
63.3632
68.3231
67.9835
68.4431
64.6075
65.6784
68.9555
63.6978
67.4769
63.9719
90.4073
71.4772
64.168
67.6671
68.0019
82.9946
67.0684
66.1671
70.1338
66.3059
62.6941
64.5754
63.2527
66.348
64.6278
63.7876
68.8232
86.0781
69.7093
67.1069
74.5177
67.8637
68.2686
65.7239
63.2
64.7535
68.0389
66.0298
72.5674
66.4994
65.3615
72.9442
67.7344
66.7231
62.0973
66.4261
65.0253
63.9552
89.6464
100.248
66.1337
64.2542
64.7911
91.1854
67.1197
66.1816
77.8845
70.9248
63.0337
66.8559
93.7441
66.973
67.8915
66.488
67.7281
67.8557
67.0341
80.5569
61.8251
66.2792
64.8176
68.1839
67.0977
64.8422
63.6353
67.4478
68.4661
65.8882
66.3288
67.525
140.132
131.368
64.3457
63.3265
64.4721
65.4277
72.4307
66.0284
65.6505
64.3428
69.7647
65.2056
121.055
68.0553
66.0323
68.5778
66.5875
68.3565
68.9791
64.9621
65.6816
67.8257
61.3174
66.9652
67.1116
64.4788
86.0534
64.2527
65.6314
64.5682
67.4249
69.4355
65.1212
92.4378
70.9498
64.2744
63.6631
70.4011
111.642
71.911
69.1176
62.185
63.394
63.2281
65.3644
113.529
60.8697
65.0885
64.3111
65.4887
60.1589
64.1955
67.0448
66.3337
63.6004
65.7883
66.6551
74.1652
67.5471
63.4477
65.0124
63.195
63.0597
64.6271
68.7237
65.6344
64.1583
62.3882
60.6361
61.885
65.313
74.0405
68.4112
61.6795
61.8169
69.9323
63.0383
61.2861
60.6888
62.5018
62.6301
68.2312
64.9405
66.0764
63.4497
60.6291
59.4414
90.9559
67.9146
65.7247
62.1452
64.2621
67.4716
62.6084
66.2312
65.5292
60.621
65.9762
66.1256
62.7742
62.0261
67.0328
65.1856
100.291
64.2165
61.334
62.5935
65.6061
63.7497
64.7105
64.8002
59.8187
91.7629
74.6484
65.847
64.8523
63.8873
67.2361
63.5518
71.5189
66.3901
64.2253
63.793
96.8105
65.9859
66.0591
68.2624
61.5667
63.3163
66.8251
64.1356
61.7236
65.8439
63.2809
63.4241
64.9323
63.8592
64.898
65.3203
62.3312
64.286
59.8632
65.0786
63.5391
64.3957
67.031
64.1418
73.4093
66.9809
72.2745
82.8011
74.5388
74.4906
66.9323
78.2079
68.3904
79.8344
64.746
63.465
67.5402
63.6558
65.4938
61.3639
66.1241
62.4279
65.6514
58.2918
59.8765
94.687
97.8762
59.9103
65.5693
62.475
67.3758
64.1659
61.9626
68.2327
----------------
insert (avg): 71.8106
----------------
----- init -----
325.331
----------------
init (avg): 325.331
----------------
----- commit -----
30449.9
----------------
commit (avg): 30449.9
----------------
# Loading records:	1000
skipping run
