parsing config file /LakeVilla/lvconfig.conf
parsing done
<<<< begin once 
<<<<< redos: 0 >>>>>
<<<< commit once 
----- insert -----
64.249
68.5143
64.1015
65.1019
69.0269
64.6466
64.6271
66.2434
70.5008
67.2752
70.3082
63.6891
70.6647
62.951
67.6017
65.1989
68.7801
62.3921
64.8314
67.4262
65.7512
66.3646
67.8518
63.1376
68.0101
65.7554
62.3257
65.7352
67.7761
87.2471
64.8491
64.676
67.5223
87.7388
64.2273
64.8971
65.1413
66.7619
65.1464
63.8436
71.8551
74.004
81.83
63.4298
65.7017
65.2546
73.3724
63.6381
66.5386
66.1132
71.5185
65.9759
72.8193
69.8637
63.8618
64.9857
66.5858
68.817
65.8373
65.4753
63.0683
60.8514
64.7526
101.035
68.6676
68.5515
103.656
69.3414
65.8683
76.5982
66.1061
64.5477
68.3024
63.2368
63.6467
68.0736
65.4092
67.6466
130.455
67.0093
64.1826
63.3702
130.539
70.0473
128.494
106.399
73.0015
66.9807
76.2206
68.8493
70.9634
64.4977
67.7875
67.1499
65.7525
67.3452
63.6395
65.3045
64.4549
65.4416
68.7861
75.7112
67.2115
70.2987
66.9223
65.5332
66.2521
68.3952
69.7196
65.4265
65.8683
68.9419
65.2131
65.9002
63.8884
65.8544
71.9716
66.65
64.1248
67.2268
81.8933
79.4518
63.2633
66.6673
67.1736
67.2033
68.0015
76.5407
100.423
63.1814
74.0536
64.6458
66.9652
83.918
65.6894
65.6673
65.1333
65.041
63.341
66.7241
78.939
68.7527
63.6025
65.8861
61.9473
66.1121
67.9384
65.6558
69.238
64.7906
69.1868
65.3
62.3709
65.3417
63.9791
67.1509
66.2277
64.8624
62.3516
68.0635
66.1141
62.8596
66.5055
65.0788
64.1053
66.101
67.0977
63.4139
63.6315
78.8615
63.7727
67.4893
64.1799
65.8823
64.741
63.4908
65.4739
62.8766
63.8469
62.7116
63.8125
66.0256
64.9937
65.0551
61.9031
64.6111
67.6131
64.0051
64.2912
74.2124
68.6941
68.3204
125.575
71.9975
69.8857
72.6561
68.8808
66.3648
67.2847
62.7195
65.2509
65.2076
66.4763
71.3987
65.2902
69.7318
100.717
64.6262
61.9642
67.6395
66.8215
65.8267
64.1657
67.4294
64.7193
65.1335
65.9852
67.0323
64.0159
65.4827
63.7389
65.0485
70.6085
63.4484
67.194
68.9227
63.1628
66.703
64.5054
66.7293
64.698
75.9889
65.8799
66.0035
64.724
65.128
62.29
64.6773
61.3132
66.0633
62.311
66.5613
65.3834
64.5908
69.6536
64.0284
67.3027
65.4262
63.9004
66.9418
72.8463
67.9496
65.6329
66.4477
84.1127
64.3601
64.9441
64.6364
63.4275
64.3604
64.2285
62.2155
63.5648
68.2812
67.2367
61.5585
64.8533
62.9194
69.03
61.0717
63.5781
63.1815
98.9365
78.5908
64.7595
67.2759
61.8442
66.1283
68.2115
67.8704
64.2296
68.0315
63.9441
63.9513
69.5661
64.3437
66.287
69.8389
68.0298
67.1655
67.0792
66.4225
65.4413
63.7948
63.6664
63.6247
67.0335
80.6395
64.1344
64.6625
70.6695
66.5133
66.6938
66.909
65.7715
64.9707
67.916
65.6431
65.299
66.7791
64.8927
68.3381
66.9752
64.9604
63.088
63.2258
64.7695
68.9424
65.7532
72.3699
62.7866
80.8697
69.0968
66.4404
65.9774
67.1933
69.666
63.091
81.9369
63.3851
63.6915
62.8
66.5667
70.9076
67.5448
106.305
66.9947
68.6455
67.5144
64.5614
65.3361
63.1966
63.1905
73.0671
85.0773
63.3513
132.149
67.8078
67.2073
66.7518
116.72
68.2716
68.1612
64.4508
67.8977
66.1289
67.2128
69.9773
68.3894
103.519
69.6037
62.5252
69.2702
67.7089
66.7036
61.6639
65.9222
61.1306
66.3052
68.5587
64.406
68.1969
65.9337
72.5567
63.1035
61.9073
69.1861
71.626
67.4429
66.747
69.2311
75.4032
71.5578
66.5451
78.8703
64.1573
71.5349
70.938
64.791
76.3084
62.6248
73.2888
68.5306
70.4172
65.8148
63.2879
71.7093
100.832
100.286
76.8176
68.1906
67.8302
70.7226
69.0229
73.3081
65.8707
68.3695
72.6832
69.3535
66.9943
63.9396
64.6102
68.2565
64.5256
72.8317
127.817
131.312
66.7592
70.4091
128.841
108.647
69.5677
70.228
64.5679
74.3619
64.7641
73.5579
66.6298
66.0848
69.6107
65.5777
67.2494
66.5099
88.1795
66.4554
63.6767
63.9169
66.5417
65.991
68.863
69.6409
67.222
68.9765
64.9072
64.3681
68.2909
67.5257
70.8442
69.845
63.7926
68.947
87.1098
67.0877
71.0385
107.242
70.1184
66.9719
64.5532
67.5865
67.6711
67.9718
65.5632
66.9107
70.7667
69.0014
65.8478
67.6041
65.9597
70.9129
76.6973
65.2988
70.3831
69.9747
68.9182
66.0214
96.2827
65.8132
68.4858
78.3812
67.4073
70.5056
61.9605
63.03
67.6369
68.9443
65.5291
67.0968
73.9649
64.4422
65.8698
67.1586
68.3445
68.6387
66.5602
66.7051
109.906
93.2169
71.9631
66.1737
63.6419
68.9879
67.9949
66.2894
65.7487
67.8243
65.6012
70.3071
86.1343
64.4372
68.3817
67.7427
63.8149
67.3736
67.0934
66.4634
68.7857
94.4484
62.5632
88.0756
64.7159
63.5728
64.9707
62.6319
59.285
64.4504
67.6059
73.0601
64.6844
69.6145
62.5706
68.3567
67.9412
67.2539
89.2243
64.7141
65.0153
65.1856
61.6157
65.7703
64.8461
66.5244
66.1091
78.7988
65.8081
64.2229
68.7404
64.5222
63.1364
122.527
68.4799
67.4431
66.7085
70.6207
67.6935
67.4329
64.5216
69.7521
70.2117
65.56
69.3779
65.5053
74.2756
72.7288
69.1206
64.179
67.712
76.3298
74.3815
64.5759
65.9999
65.2181
65.3612
67.1555
69.0372
78.9525
66.0133
66.5476
65.7557
66.0761
111.514
64.4416
77.8277
66.1263
63.3057
68.3921
66.0741
71.7466
72.5392
77.88
70.9175
77.6735
68.5713
67.1316
63.5281
66.6488
65.1863
67.8147
65.906
66.3429
65.0346
70.8253
67.5794
69.3694
68.874
66.2547
65.7458
65.0511
70.458
71.054
64.3634
64.039
65.0266
83.7915
71.2488
66.0679
89.2653
87.8437
82.476
67.0293
64.2468
68.0382
66.8134
69.1796
66.2941
65.6933
68.7454
69.7445
66.6609
67.4061
69.3672
69.1089
68.453
65.7449
66.1945
71.046
67.3966
70.4443
69.0459
72.454
67.4129
88.6139
72.7303
73.2703
66.7859
66.5434
70.0386
83.108
73.8354
79.5961
92.0208
73.9576
69.419
69.4065
70.8717
71.9151
65.102
68.0414
66.9437
69.0877
67.9177
64.4805
66.9284
78.5353
70.4531
87.3362
68.7597
69.7807
72.2662
69.0864
70.0288
67.7994
72.4437
69.8282
68.6739
64.2087
67.3284
102.721
65.8839
70.1578
93.0491
69.96
88.224
70.6318
67.7052
68.0028
69.8713
116.006
64.372
65.3873
65.9544
67.8771
68.2824
74.0787
73.8658
65.8633
92.1541
84.4584
66.9794
70.0155
67.6395
67.2118
65.6716
75.0566
67.6166
68.3422
68.2559
64.3593
66.2935
70.2569
66.6109
67.4663
68.9382
68.5521
66.8694
66.1577
104.597
70.3412
66.5635
63.2777
66.9148
72.207
64.4094
67.4098
69.7156
68.871
65.6834
73.1199
68.3583
64.2404
68.01
72.5297
64.3962
62.7076
65.4969
70.748
68.3463
63.0901
69.9726
65.125
65.8603
63.3654
64.4227
70.6114
70.9037
64.1937
69.0435
64.0904
65.2652
104.883
70.5287
66.2392
64.7881
67.8609
66.4235
65.8271
88.4537
61.829
63.1835
69.8137
65.427
69.1384
65.9549
67.2559
62.8411
67.1335
64.8769
68.8324
73.1008
71.3763
89.747
73.8742
65.8844
87.9079
66.5607
66.0269
75.6844
72.1944
64.6766
68.5707
67.3011
67.5103
105.583
72.3169
69.3888
69.9657
68.9717
66.9857
68.1441
73.0956
67.5741
65.9402
75.7415
191.061
69.8744
65.0097
69.0212
67.2079
131.4
119.831
92.9768
93.1584
68.3749
73.2795
71.6047
60.8446
134.089
215.116
68.6383
111.711
69.2026
66.8726
65.2282
66.272
67.9839
67.6081
91.8402
64.1746
69.9402
62.899
66.8911
64.1792
69.9795
65.5479
82.0333
66.3336
66.1265
67.7521
70.262
64.3304
70.2746
65.032
69.546
65.9498
68.5862
67.4831
65.1207
66.4757
68.4277
69.9756
68.2641
69.5774
66.9926
65.6526
68.5326
64.5549
65.3832
66.776
67.2627
127.032
71.3335
65.1239
64.1981
72.6235
72.0755
63.4625
66.9059
65.1708
63.2766
65.0341
76.6023
66.9366
64.4789
69.3502
69.6776
67.9799
88.1174
65.7097
64.6615
64.8724
65.7241
68.6859
64.8989
65.6583
68.148
71.0294
67.0516
70.8559
65.9515
111.753
66.2909
67.1583
69.1061
73.7495
64.8596
65.0553
73.423
64.9115
64.3399
66.6669
65.7379
70.0482
64.6046
64.1807
64.5893
70.0774
64.4742
73.0769
65.8072
65.496
65.6348
85.306
70.3728
66.3893
64.7992
64.5701
65.309
69.1578
66.3494
63.7574
66.2134
72.1008
64.2438
65.4581
64.8822
67.6812
68.511
63.7711
95.5294
68.8116
69.2507
67.3597
67.0763
64.5607
63.422
64.188
66.3542
66.8641
64.8474
63.054
68.5904
65.2579
67.6295
67.117
67.3835
67.4342
67.8997
65.1008
65.2302
66.1898
65.6515
69.6646
67.7539
65.4155
73.0766
100.402
87.3719
68.2703
70.0101
68.2424
67.4954
72.9358
63.8599
64.3102
64.0861
67.8707
65.9676
70.2665
65.6957
66.6357
68.17
67.7806
65.4827
67.4062
66.9924
68.6064
75.3808
67.0862
63.9046
65.5992
67.4837
64.8546
69.4394
67.1331
66.9664
64.6817
63.3967
69.455
65.0596
68.1
68.2388
69.8539
68.7423
65.6822
68.1616
64.6806
64.7508
88.3947
66.2023
71.2404
64.5167
65.216
117.108
66.0623
65.9075
66.8327
63.9216
73.863
67.6286
68.2101
63.487
----------------
insert (avg): 70.0996
----------------
----- init -----
240.498
----------------
init (avg): 240.498
----------------
----- commit -----
30895.6
----------------
commit (avg): 30895.6
----------------
# Loading records:	1000
skipping run
