parsing config file ./lvconfig0.conf
parsing done
<<<< begin once 
<<<<< redos: 0 >>>>>
<<<< commit once 
----- insert -----
5.07016
4.89313
5.06527
4.483
4.83937
4.9441
4.8551
6.28128
5.56549
5.3248
9.3384
5.33439
6.62683
5.24858
5.43403
4.3843
4.94075
3.92222
4.10617
4.15436
5.20897
4.89094
5.85552
7.35231
6.18936
5.11534
6.0016
5.65708
4.68107
5.25249
6.75531
5.53821
4.16053
4.59147
5.45048
6.21096
6.53071
6.0003
6.22645
5.51229
6.52448
4.87976
5.40786
5.20839
7.72454
4.71167
4.3691
7.16268
7.26826
6.06226
4.35149
10.2207
8.15685
7.54533
7.17874
7.33562
5.66441
8.1029
7.6492
7.0418
5.25767
6.9256
4.97483
6.0247
5.11286
5.50183
6.45101
5.90383
6.19385
4.7651
6.94124
5.55852
6.20704
5.852
8.12311
6.0858
4.97423
6.23994
7.16182
7.8528
7.05331
6.8922
5.50116
5.91548
6.42527
6.89119
5.66682
11.5724
7.28827
4.4124
5.08723
4.85412
6.13032
5.04532
5.09828
4.69391
5.10539
7.99842
6.89767
5.9754
----------------
insert (avg): 5.97171
----------------
----- init -----
10.6919
----------------
init (avg): 10.6919
----------------
----- commit -----
126.672
----------------
commit (avg): 126.672
----------------
# Loading records:	100
skipping run
