parsing config file ./lvconfig7.conf
parsing done
<<<< begin once 
<<<<< redos: 0 >>>>>
<<<< commit once 
----- insert -----
4.53267
5.53797
5.15653
4.26585
5.62498
5.20866
4.38851
5.53168
4.96162
4.19101
4.37871
7.32703
6.41743
7.22629
5.22655
5.30774
5.1105
5.21409
5.68471
4.63268
5.70475
5.042
6.05803
7.18915
7.27379
5.58957
6.41989
5.48822
4.53539
6.12315
4.75739
6.33671
5.67028
5.07982
6.94819
6.4487
5.33115
6.5614
6.32591
5.8789
5.2945
5.00291
4.89066
6.13364
7.0337
5.46483
7.11647
8.96232
6.71021
6.06955
6.32617
6.8282
5.76024
4.46254
5.75093
7.18229
6.07673
7.66675
7.51009
6.82407
5.02777
5.55768
5.47647
4.68583
4.62477
7.24739
8.17583
5.8576
6.90351
7.85282
7.58428
5.90719
7.60056
7.86911
5.8633
5.59604
6.67235
6.06409
7.84349
7.68125
7.99416
7.10053
6.29116
6.82904
6.94232
9.90106
8.71793
6.533
4.52162
5.20401
6.06229
5.47193
5.12737
5.52754
4.51166
7.10774
6.05519
4.31386
5.98402
3.91857
----------------
insert (avg): 6.05961
----------------
----- init -----
9.85424
----------------
init (avg): 9.85424
----------------
----- commit -----
141.261
----------------
commit (avg): 141.261
----------------
# Loading records:	100
skipping run
