parsing config file ./lvconfig36.conf
parsing done
<<<< begin once 
<<<<< redos: 0 >>>>>
<<<< commit once 
----- insert -----
5.74571
4.14593
4.13833
4.16858
5.17393
7.17896
5.25407
4.26112
5.0572
7.26092
4.99897
4.3064
4.74116
4.36886
4.2402
5.22046
6.73373
3.80042
4.55391
8.02456
5.03226
4.37348
4.99489
4.24749
4.05971
5.08433
5.82526
4.75843
4.61507
4.30469
4.47654
4.75456
5.16852
4.32764
4.15739
4.06263
5.3574
4.92211
3.90896
4.29414
4.17007
4.07272
5.39277
4.25627
4.66917
4.64797
4.11334
5.17747
5.58736
4.25186
3.69665
3.88226
3.64007
3.94266
4.87856
5.41176
4.22007
5.90388
5.34054
4.29234
5.776
5.34558
4.46224
5.68928
4.34149
4.00559
3.70268
5.34707
4.44463
4.34366
5.52168
6.65288
4.86008
4.41522
5.40369
5.72292
3.84136
5.14264
5.50384
4.25124
5.11805
4.45143
4.17612
4.56893
4.68118
4.20095
3.79638
3.92581
3.99201
4.17873
3.76844
3.94924
3.99492
3.81884
4.29803
3.70673
3.72662
4.03693
3.58767
3.855
----------------
insert (avg): 4.68252
----------------
----- init -----
12.7218
----------------
init (avg): 12.7218
----------------
----- commit -----
119.972
----------------
commit (avg): 119.972
----------------
# Loading records:	100
skipping run
