parsing config file ./lvconfig23.conf
parsing done
<<<< begin once 
<<<<< redos: 0 >>>>>
<<<< commit once 
----- insert -----
6.7197
8.07271
7.83303
5.00515
5.88017
7.4409
4.8628
4.80836
4.1139
7.12651
5.86218
5.51929
5.12266
6.20158
5.16687
8.83915
5.10271
6.45325
5.0159
5.93218
5.30418
7.73729
5.77426
6.05147
5.46814
7.29147
7.11565
7.27705
6.38883
6.16848
6.73423
4.41659
4.29664
6.61273
5.79795
7.96863
8.07246
6.22333
4.88712
6.10402
4.60016
4.79748
6.90644
6.14684
6.70595
5.35032
6.34753
5.78152
6.6942
5.76789
6.28427
5.29195
7.55255
6.90937
5.44033
6.52932
6.36307
7.83887
6.78296
7.52511
4.93731
6.00679
6.58217
5.90545
5.65285
14.1472
5.51093
5.76615
5.43163
4.30615
4.46366
4.15853
4.74571
4.27232
7.26062
7.68228
7.42368
6.80639
6.98647
5.87939
5.22609
5.54931
4.67133
4.55031
6.08626
4.38669
5.69697
5.70002
6.41812
7.92813
8.74307
9.1904
7.60814
5.41726
5.44741
3.87103
5.58779
4.90243
5.39738
11.5801
----------------
insert (avg): 6.2027
----------------
----- init -----
7.9136
----------------
init (avg): 7.9136
----------------
----- commit -----
112.676
----------------
commit (avg): 112.676
----------------
# Loading records:	100
skipping run
