parsing config file ./lvconfig2.conf
parsing done
<<<< begin once 
<<<<< redos: 0 >>>>>
<<<< commit once 
----- insert -----
6.16892
5.68409
4.49176
5.491
5.66148
5.87964
5.6952
4.89997
5.2643
9.03914
7.6765
5.11616
5.22047
5.17458
5.32313
5.52132
3.76064
4.11742
4.17155
3.97765
5.46965
8.17122
6.40076
5.13238
5.21177
6.67666
6.95808
4.78117
5.60798
6.21486
5.88748
6.70366
5.40737
6.32816
4.67103
7.5141
5.89393
5.86582
4.58213
5.19484
4.97107
5.34962
6.99481
5.54123
6.94224
9.0704
6.63188
6.11045
6.31615
8.12016
7.08219
4.89543
4.04282
5.09079
6.77632
7.73789
7.9188
7.16533
6.65775
6.8664
5.50052
5.22789
7.85658
7.72695
6.5787
6.56615
7.50422
7.57624
6.02472
7.30583
8.09865
6.06008
5.19905
6.70438
6.03782
7.93111
7.43196
6.43568
4.01287
6.82097
4.54216
6.88573
6.63758
12.5636
8.14688
8.01874
5.87144
6.82013
5.09521
5.1326
5.59087
3.8624
7.8168
7.11299
6.91345
6.40691
5.16958
5.93163
4.93943
4.66637
----------------
insert (avg): 6.18015
----------------
----- init -----
9.07181
----------------
init (avg): 9.07181
----------------
----- commit -----
141.82
----------------
commit (avg): 141.82
----------------
# Loading records:	100
skipping run
