parsing config file ./lvconfig5.conf
parsing done
<<<< begin once 
<<<<< redos: 0 >>>>>
<<<< commit once 
----- insert -----
4.20715
5.14864
7.30219
3.7853
4.14838
4.01424
3.69676
4.01586
4.03163
3.81695
3.95023
3.86876
3.65365
3.88602
4.13355
3.9693
3.73065
4.41654
3.53818
4.43344
4.48688
4.33288
3.84283
4.27347
4.44591
4.03311
4.20769
4.25736
4.77022
4.6201
3.58634
4.17444
4.93704
4.08761
3.88544
4.03059
3.93786
4.1352
4.01154
3.91445
4.35359
4.88593
4.20521
4.11818
4.33822
4.26814
3.98588
4.3386
4.19762
3.86228
4.09183
4.32314
4.23132
4.1591
3.96983
3.8893
3.977
4.39297
3.86508
4.52833
4.32857
4.16031
4.39011
4.35045
4.15818
4.24414
4.31806
4.4186
3.98118
4.27064
4.23955
3.94417
4.06381
3.86167
4.5959
3.55778
4.22001
3.49853
3.86179
3.99732
4.77801
4.01871
3.66922
4.78217
4.0296
4.19354
4.3432
4.45699
4.24828
5.29138
5.60988
4.72886
4.60833
4.5582
4.34748
4.98543
3.74422
4.03972
4.07806
4.09574
----------------
insert (avg): 4.22768
----------------
----- init -----
7.57675
----------------
init (avg): 7.57675
----------------
----- commit -----
137.518
----------------
commit (avg): 137.518
----------------
# Loading records:	100
skipping run
