parsing config file ./lvconfig8.conf
parsing done
<<<< begin once 
<<<<< redos: 0 >>>>>
<<<< commit once 
----- insert -----
7.49144
5.27422
5.84211
5.28597
4.92524
5.28025
6.60983
4.17664
4.48566
5.59633
7.04319
4.41577
6.93977
4.59747
5.83275
5.85876
6.08727
5.95991
6.58269
5.5755
4.8127
4.98035
5.05036
4.98122
4.47036
6.27961
5.2944
4.04283
10.8422
7.82183
4.46168
4.73991
6.01549
5.64289
7.6548
8.04893
7.69502
6.92727
5.26737
5.56688
4.40011
4.68122
4.87586
7.65831
7.68676
5.32366
5.68461
5.93635
6.97248
5.66198
6.42481
5.72694
6.43673
6.46912
5.68869
6.79061
6.92838
7.73544
7.44366
6.88454
7.45023
6.85332
7.01187
7.87399
12.4086
7.45731
7.90873
5.72192
7.2159
6.50592
5.72465
6.93353
4.96134
5.36484
6.30837
5.5702
6.78388
5.96029
5.75351
5.64588
4.72602
4.45352
5.19633
5.43335
5.8512
6.72614
6.13999
6.65436
8.4006
8.76376
7.32947
6.05162
5.65731
4.73518
6.21967
5.77308
9.38792
9.61161
4.97154
4.52684
----------------
insert (avg): 6.21891
----------------
----- init -----
9.07826
----------------
init (avg): 9.07826
----------------
----- commit -----
109.399
----------------
commit (avg): 109.399
----------------
# Loading records:	100
skipping run
