parsing config file ./lvconfig39.conf
parsing done
<<<< begin once 
<<<<< redos: 0 >>>>>
<<<< commit once 
----- insert -----
4.05322
3.75635
5.01915
3.87179
3.84607
3.53909
4.19171
3.4369
4.00145
3.69742
3.65699
3.85574
4.22983
4.02606
4.01553
3.93952
3.88954
3.94018
3.49311
3.9218
3.52738
3.38927
3.84673
3.97595
3.85316
3.98099
3.26987
3.5939
14.8274
4.22508
3.95618
4.09545
3.61263
4.01418
3.84124
3.99374
3.96311
4.80295
4.51451
4.33836
4.16994
4.20331
4.84762
4.2073
4.6235
4.00798
3.93549
4.72578
4.65
4.31961
4.04417
4.26629
4.69557
4.11598
4.81833
3.90031
5.21868
5.59108
4.80136
5.32689
4.7532
5.16539
5.78398
4.89846
5.43976
5.9291
5.71229
5.67334
5.04519
4.64562
4.71354
5.38185
4.21516
4.27228
6.861
4.59715
5.16961
4.41552
4.53458
4.07594
3.72225
4.94484
5.26546
4.28904
4.89745
4.99754
4.08948
4.65468
4.32183
5.67669
4.12846
4.01075
4.06864
4.65565
3.94156
4.1371
4.73197
4.60969
4.71585
3.99235
----------------
insert (avg): 4.49607
----------------
----- init -----
8.34814
----------------
init (avg): 8.34814
----------------
----- commit -----
110.6
----------------
commit (avg): 110.6
----------------
# Loading records:	100
skipping run
