parsing config file ./lvconfig33.conf
parsing done
<<<< begin once 
<<<<< redos: 0 >>>>>
<<<< commit once 
----- insert -----
4.48945
3.66744
3.64779
3.43911
3.50645
3.5834
3.47176
3.43402
3.47139
3.47141
3.59233
3.65462
3.73933
3.34332
3.54313
3.58757
3.6605
3.21829
3.32666
3.48827
3.40717
3.3241
3.39087
3.51798
3.39097
3.14983
3.75197
3.80764
3.77766
4.20119
3.74113
3.704
4.01039
4.04251
3.99758
3.8001
4.10294
4.18206
3.7489
3.91912
4.01056
3.87286
3.84783
3.89247
4.06055
4.00911
4.06258
3.94693
3.98902
3.7401
4.14478
3.64493
4.28192
4.176
4.53662
4.01423
3.85669
4.01773
3.52427
3.95559
3.67648
3.90663
3.6097
3.99375
3.58595
3.77731
3.4585
4.07015
3.98039
8.52945
4.12302
3.86471
3.91395
4.02328
4.04466
3.94346
3.72781
4.27795
3.73393
3.85868
4.05185
3.78336
3.80972
3.93892
4.01945
3.87787
3.82042
3.83831
4.23395
4.06486
3.67932
3.94006
4.17603
3.89147
3.78008
3.94289
4.13221
4.03356
3.93443
3.81781
----------------
insert (avg): 3.86755
----------------
----- init -----
7.69545
----------------
init (avg): 7.69545
----------------
----- commit -----
109.941
----------------
commit (avg): 109.941
----------------
# Loading records:	100
skipping run
