parsing config file ./lvconfig3.conf
parsing done
<<<< begin once 
<<<<< redos: 0 >>>>>
<<<< commit once 
----- insert -----
6.5544
7.38952
6.56052
6.30503
7.97264
5.75768
5.13305
8.02826
7.28379
4.81321
5.73415
6.84409
7.05609
4.94275
6.67261
5.71249
5.52583
5.75158
6.47599
5.76626
6.26262
4.86785
4.88522
4.80368
4.27204
7.16268
7.30535
7.98851
7.79469
4.37929
6.87167
4.91188
3.98571
5.74941
6.21839
7.44488
7.72317
6.89734
4.89491
5.42682
5.73468
4.79817
6.34629
5.6329
6.67615
7.42603
6.8624
6.91892
7.6281
5.66017
7.97288
4.99614
7.44143
6.26594
6.2216
5.89001
5.80773
5.08082
5.64063
7.41905
7.18215
5.50274
5.32869
6.13757
5.42342
11.8144
6.28444
5.70864
4.58168
5.14513
6.78199
5.76466
6.32439
7.41511
6.76531
5.09244
6.07367
5.33037
5.40452
5.37553
4.76736
4.67797
4.66779
4.33136
5.7178
5.15157
3.61187
4.71665
5.09043
5.95083
8.34886
8.08019
9.19268
6.97334
4.60055
6.16287
4.92315
5.75164
5.26139
5.09723
----------------
insert (avg): 6.09058
----------------
----- init -----
8.97684
----------------
init (avg): 8.97684
----------------
----- commit -----
124.261
----------------
commit (avg): 124.261
----------------
# Loading records:	100
skipping run
