parsing config file ./lvconfig35.conf
parsing done
<<<< begin once 
<<<<< redos: 0 >>>>>
<<<< commit once 
----- insert -----
3.95276
3.24985
3.41174
3.5064
3.01626
3.40279
3.60663
3.30416
3.56101
3.88864
3.86522
3.76711
3.91419
3.72343
3.83357
4.18256
3.61314
3.83724
4.27743
3.92291
3.9562
3.76649
4.19456
4.04702
3.73046
4.32973
3.83174
3.85316
3.63044
4.03093
3.78021
4.02551
4.21289
3.65755
4.31005
3.78789
3.87894
3.8162
4.28
4.1471
4.60105
3.89697
3.66023
3.57239
3.64249
3.77053
4.08282
3.69431
4.01418
3.49713
3.56166
3.85628
3.81296
4.27563
4.1352
11.7109
4.56541
4.1204
4.01016
4.04174
3.72206
3.98617
4.17298
4.16506
3.66379
3.98219
3.69558
3.9066
3.92283
3.95609
3.86679
3.83809
3.81574
4.18765
3.56933
3.88141
4.36098
4.09948
3.89723
4.01602
3.74618
4.02284
4.12644
3.94695
3.6811
3.46987
4.02872
4.27384
3.88293
3.74275
3.75768
3.53687
4.26737
3.97699
3.67727
4.06603
3.84992
3.63759
3.63443
3.74992
----------------
insert (avg): 3.95408
----------------
----- init -----
7.4616
----------------
init (avg): 7.4616
----------------
----- commit -----
108.982
----------------
commit (avg): 108.982
----------------
# Loading records:	100
skipping run
