parsing config file ./lvconfig29.conf
parsing done
<<<< begin once 
<<<<< redos: 0 >>>>>
<<<< commit once 
----- insert -----
4.75482
5.61162
3.85654
3.87251
3.77013
3.67677
3.67876
3.97693
4.25144
3.79439
3.70464
3.95195
3.99051
3.80002
3.86454
3.68979
3.7949
3.80528
3.80676
3.84158
3.95925
3.70448
3.95656
4.13023
3.86568
3.82626
5.3238
3.49042
3.82669
4.99272
5.35277
4.04496
4.43866
8.2084
9.63163
4.67524
4.01404
4.20571
3.68941
3.84055
3.56564
4.0037
3.74331
3.89599
3.80308
4.12128
3.48691
4.0224
3.91392
3.75529
3.63504
4.11465
4.35689
3.86874
3.62214
3.72811
3.79385
3.78713
3.70927
3.79108
3.86932
5.18551
3.88412
3.83572
3.73785
3.86701
4.54524
3.95359
3.99135
3.92942
3.8769
3.98833
4.16732
4.06422
3.98198
4.0053
3.92622
4.03054
3.88332
3.86687
3.79474
3.93803
3.96338
3.8799
4.25241
3.91592
3.99537
3.84775
3.73945
3.91518
3.80551
4.04877
5.0316
3.75936
3.76085
3.7153
3.55431
3.76046
3.47642
3.72795
----------------
insert (avg): 4.07863
----------------
----- init -----
7.65023
----------------
init (avg): 7.65023
----------------
----- commit -----
112.156
----------------
commit (avg): 112.156
----------------
# Loading records:	100
skipping run
