parsing config file ./lvconfig14.conf
parsing done
<<<< begin once 
<<<<< redos: 0 >>>>>
<<<< commit once 
----- insert -----
5.30667
5.40414
4.6224
4.7699
4.75671
4.61041
5.03998
4.84543
4.26157
4.20288
9.13044
5.10692
6.13046
4.89892
4.19766
5.1905
4.36666
4.3368
4.02949
5.31373
4.7114
4.63062
4.24295
4.47421
6.01481
6.98042
5.07673
6.08447
6.34942
7.13335
4.38728
6.26167
5.35466
5.14849
7.27388
4.99113
6.56332
5.7719
6.69691
5.79576
6.01939
5.28355
5.29594
5.56563
4.7207
5.43879
5.67863
7.41218
7.42095
5.90119
8.48586
6.98136
7.24692
7.51565
6.95091
7.51676
5.50421
7.91796
7.90763
7.2872
5.91697
5.48723
4.98886
4.65661
5.85175
5.35721
7.04966
7.06796
7.09907
6.95751
7.63673
6.49516
7.16387
6.89528
5.88052
6.28566
6.78815
6.35876
7.94257
7.48924
7.49843
6.71385
6.85208
7.13215
6.69483
10.6207
7.58247
4.2413
6.08179
5.81703
4.94122
4.0174
4.70186
5.88856
7.3396
6.8405
5.40364
5.68112
7.67529
4.31062
----------------
insert (avg): 6.0192
----------------
----- init -----
8.02814
----------------
init (avg): 8.02814
----------------
----- commit -----
137.668
----------------
commit (avg): 137.668
----------------
# Loading records:	100
skipping run
