parsing config file ./lvconfig16.conf
parsing done
<<<< begin once 
<<<<< redos: 0 >>>>>
<<<< commit once 
----- insert -----
5.37734
4.56633
4.13625
5.07793
4.44733
5.10388
4.51445
5.07822
5.99061
4.89258
4.36505
4.8068
7.77042
7.08775
4.26456
4.13474
4.52438
5.19652
4.38531
4.30777
4.11661
4.67363
5.8985
4.17663
6.32315
7.24522
6.5731
6.22031
6.50283
5.82104
4.01457
4.44905
6.01828
7.35324
4.45313
5.95556
6.72044
6.98423
4.82875
8.32234
5.36681
5.86139
5.08502
4.41379
5.40782
5.80328
6.26751
5.58586
7.64936
5.80175
5.37483
5.08815
11.2115
7.90097
5.5148
4.07818
5.7542
5.50415
4.86439
4.52187
6.10593
7.88937
6.944
6.62173
5.17375
5.18154
5.95294
5.22816
4.71987
6.01021
6.91583
7.59531
7.22687
7.66022
6.40319
7.17767
7.83337
5.95829
5.7356
6.07346
6.61836
7.89865
7.55276
7.97195
6.36139
4.07745
6.15626
5.21548
6.49328
11.7325
6.36427
4.84278
5.32871
4.99013
7.00532
6.32339
6.08934
7.11574
7.87042
6.75344
----------------
insert (avg): 5.94903
----------------
----- init -----
8.25014
----------------
init (avg): 8.25014
----------------
----- commit -----
139.796
----------------
commit (avg): 139.796
----------------
# Loading records:	100
skipping run
