parsing config file ./lvconfig22.conf
parsing done
<<<< begin once 
<<<<< redos: 0 >>>>>
<<<< commit once 
----- insert -----
5.30691
5.25679
4.39274
5.02888
7.87624
5.49972
4.43986
4.58058
4.3895
5.1189
9.70754
6.54932
4.7059
4.85326
5.19688
4.44372
3.95948
4.01755
4.89495
5.19113
4.55922
6.63635
7.43661
8.5228
4.93135
7.70317
5.63278
5.90609
6.84302
6.96146
5.38467
5.43455
6.45536
8.0332
6.10306
6.40929
4.86032
5.37868
5.2576
5.04711
5.85332
5.72538
6.37929
4.58415
8.10136
8.75857
6.60442
6.29787
7.83678
6.54752
7.56249
7.02857
5.51171
3.9268
4.77452
7.08044
7.45485
6.74046
5.00349
5.43804
5.33193
4.87092
6.65046
6.11169
6.09132
6.41092
5.89775
5.65269
6.99162
5.55615
5.1641
7.10778
6.31656
6.67844
5.18705
6.02504
6.76323
5.51293
5.1525
5.90771
6.01809
4.60492
5.32705
5.14608
7.17249
7.78561
14.3737
5.79021
7.30151
5.10421
4.69473
4.78447
5.33281
5.78803
7.04087
7.63998
6.70593
4.59368
6.32301
5.21742
----------------
insert (avg): 6.02242
----------------
----- init -----
11.7813
----------------
init (avg): 11.7813
----------------
----- commit -----
141.333
----------------
commit (avg): 141.333
----------------
# Loading records:	100
skipping run
