parsing config file ./lvconfig11.conf
parsing done
<<<< begin once 
<<<<< redos: 0 >>>>>
<<<< commit once 
----- insert -----
6.00992
4.69001
5.93546
8.38659
5.00517
7.05673
5.07061
3.79192
5.01585
5.96128
7.13014
5.91539
6.65286
5.29405
5.76667
4.43014
8.65203
5.75426
6.10664
5.7135
4.73888
4.90252
8.68885
5.68498
6.17483
5.27419
7.2859
6.5357
7.82748
5.3442
6.89211
4.99641
4.24852
4.56275
5.38913
4.68148
5.14647
6.62169
4.67081
4.63918
5.85613
5.25804
5.45668
6.34889
6.20924
5.25997
4.59669
5.49841
6.51325
6.02052
5.70654
6.99594
5.81306
6.42819
5.35759
4.99287
7.68176
6.78176
5.60904
7.12732
7.8652
7.4636
7.9349
7.01838
4.86547
4.71519
4.34484
7.24726
12.5048
6.34591
5.4896
4.66235
5.30551
6.69552
5.85371
6.12744
7.29558
8.0607
7.02154
4.84746
5.63301
4.6632
6.21735
4.12602
5.76976
5.1761
5.27311
5.06588
5.06576
5.64312
5.44035
6.61093
6.28132
8.61117
9.15903
7.36108
5.84255
5.9983
4.73438
5.4817
----------------
insert (avg): 6.01976
----------------
----- init -----
10.6042
----------------
init (avg): 10.6042
----------------
----- commit -----
124.388
----------------
commit (avg): 124.388
----------------
# Loading records:	100
skipping run
