parsing config file ./lvconfig30.conf
parsing done
<<<< begin once 
<<<<< redos: 0 >>>>>
<<<< commit once 
----- insert -----
4.66971
5.24106
6.9533
6.67977
5.47196
6.57413
4.38928
4.57239
5.15209
7.05255
7.78617
6.26413
6.75146
5.35153
6.04312
5.50947
6.98971
5.36955
6.17026
5.12584
5.76393
5.68515
7.67757
5.71992
6.29309
5.1884
5.59471
6.0046
4.58337
9.69147
5.5409
5.94838
5.44478
6.224
5.57828
6.521
8.82
7.91055
7.06203
5.93593
5.70992
5.01226
4.44894
5.82816
5.56539
7.04448
6.4251
7.67996
7.00937
7.39616
5.97597
7.7197
6.90925
6.0836
5.87448
6.9856
6.51445
7.85624
7.50496
6.07354
5.86711
5.78956
6.51399
5.51443
5.06414
12.8859
8.09281
7.83026
6.30329
6.67793
6.13442
4.79674
4.58671
4.49186
6.63678
7.28385
7.29984
4.60944
3.87453
4.16054
5.89958
5.85529
5.09258
5.63463
4.90671
4.934
5.09775
5.05321
6.04613
7.54981
9.08467
8.82395
7.85241
5.51753
5.87473
5.12897
6.09588
5.92085
9.27785
9.49507
----------------
insert (avg): 6.28479
----------------
----- init -----
8.0372
----------------
init (avg): 8.0372
----------------
----- commit -----
109.693
----------------
commit (avg): 109.693
----------------
# Loading records:	100
skipping run
