parsing config file ./lvconfig38.conf
parsing done
<<<< begin once 
<<<<< redos: 0 >>>>>
<<<< commit once 
----- insert -----
4.30267
3.88281
3.94418
4.47939
4.21594
3.75463
3.5492
3.34095
3.60642
4.62822
4.31651
4.78001
4.33017
3.77488
3.77048
4.04745
4.05692
3.33144
3.66871
3.59886
4.2525
3.72975
3.70612
3.64372
3.80934
4.2497
3.63888
4.03588
3.66224
4.13248
3.69027
3.90299
3.90971
3.9375
3.60086
4.98084
4.20845
3.97391
4.26855
4.11001
3.95479
3.59854
5.09213
3.86783
3.93108
4.05352
4.05694
4.0084
4.1507
3.86039
4.16854
3.95121
4.34373
4.37225
3.87195
3.99337
4.80699
3.76857
3.95395
3.7703
3.88763
4.35855
3.68422
3.62054
3.59668
3.4864
3.6408
3.49438
3.57595
3.79364
3.93135
4.00943
3.94023
3.91175
4.01918
3.88642
3.80539
3.73702
3.8905
4.20137
3.41102
3.67829
3.88364
3.7101
3.68051
3.74644
3.88039
4.2051
3.74663
4.04429
3.83825
3.89776
3.79698
3.78953
3.41535
4.32919
3.8504
4.92403
4.369
3.98662
----------------
insert (avg): 3.95054
----------------
----- init -----
9.80535
----------------
init (avg): 9.80535
----------------
----- commit -----
118.383
----------------
commit (avg): 118.383
----------------
# Loading records:	100
skipping run
