parsing config file ./lvconfig20.conf
parsing done
<<<< begin once 
<<<<< redos: 0 >>>>>
<<<< commit once 
----- insert -----
4.20902
3.36748
4.56336
3.99852
4.05399
3.60748
3.65805
4.01296
4.01661
3.75737
3.88597
3.59083
3.96033
3.70633
4.18941
4.32897
4.46537
4.26883
5.22584
5.63223
4.66511
4.7111
4.60775
4.43801
4.27711
4.13806
4.16027
4.06399
3.84459
4.41678
4.11719
3.80244
4.22258
4.1047
4.09309
3.8259
4.2846
3.81583
4.39284
4.05051
4.44765
4.89324
4.5149
5.48842
4.45763
5.32576
5.77793
5.00948
4.89536
5.77745
6.62132
4.64786
9.8636
4.7947
6.96433
4.9979
5.20915
4.53984
5.15506
6.45481
4.53233
4.34017
4.70903
4.44168
4.31551
7.30639
6.9721
5.10732
8.08638
6.4235
5.01673
7.49022
7.12609
4.34557
5.63556
7.30544
6.36053
5.25684
8.26947
5.09368
6.10757
5.20609
5.21383
5.20725
5.60042
6.31424
5.41119
7.37293
7.30594
5.19917
4.57081
10.3369
7.84152
5.16523
3.98525
6.43273
6.85774
6.23502
7.34044
7.96037
----------------
insert (avg): 5.20167
----------------
----- init -----
7.9179
----------------
init (avg): 7.9179
----------------
----- commit -----
148.414
----------------
commit (avg): 148.414
----------------
# Loading records:	100
skipping run
