parsing config file ./lvconfig10.conf
parsing done
<<<< begin once 
<<<<< redos: 0 >>>>>
<<<< commit once 
----- insert -----
5.41154
4.31924
4.28599
4.83731
4.32094
4.99512
4.90069
4.98105
5.67776
6.14014
4.75515
4.5361
10.5876
6.83725
5.28001
5.35864
4.74482
5.66158
5.50561
4.85265
4.36862
4.75368
4.66846
4.55711
6.31039
6.76389
5.99126
7.35649
5.55253
5.45151
4.83917
6.22879
4.36603
5.98114
5.91017
5.35013
7.39148
6.10232
6.43198
5.67517
5.90997
4.60243
5.14181
5.67053
5.01122
5.59119
4.80856
5.48453
5.19167
7.11469
7.30375
10.5133
6.34057
5.88028
5.02563
6.70023
6.24115
6.36588
5.2828
4.13452
6.52747
6.87
4.95242
5.5793
5.70644
4.66778
6.34575
6.95317
4.67189
7.38466
7.79816
7.14588
7.41234
6.53705
6.63028
6.61253
6.0746
6.50435
7.30115
6.11768
7.98263
6.99209
6.80317
5.8603
5.96142
6.46999
4.62965
6.75302
14.2657
5.86571
7.63797
5.84764
6.756
6.51864
5.9228
7.18822
6.83373
4.10803
5.7263
4.40397
----------------
insert (avg): 6.00674
----------------
----- init -----
9.94467
----------------
init (avg): 9.94467
----------------
----- commit -----
147.518
----------------
commit (avg): 147.518
----------------
# Loading records:	100
skipping run
