parsing config file ./lvconfig4.conf
parsing done
<<<< begin once 
<<<<< redos: 0 >>>>>
<<<< commit once 
----- insert -----
4.88968
4.72006
4.2978
4.43655
4.44557
5.2141
4.85426
5.99854
6.13545
5.14523
8.01401
6.40799
6.39863
4.68107
4.38419
5.14637
4.46607
4.36062
4.44266
4.75628
5.7714
4.89607
4.19399
3.83612
5.8084
8.05412
4.67499
7.2609
5.23414
6.33379
7.41456
7.43509
5.69472
6.30496
6.97182
5.94639
5.93642
5.48446
5.30401
5.8324
6.01075
5.09759
6.19038
8.60703
5.37509
4.9431
5.92532
6.39006
6.01982
4.64773
9.62012
8.46075
6.81124
6.03678
5.813
5.34668
5.23462
6.50052
7.50817
6.90951
6.36439
7.4751
5.7347
5.65121
7.17133
7.52307
6.66454
7.32979
7.14582
7.53038
6.36956
7.06951
6.38337
6.10084
6.77975
6.17435
6.90208
8.01365
7.38666
6.83638
7.76192
6.54861
5.0944
6.54826
10.339
7.18472
5.6865
7.66128
5.91686
7.0841
6.75119
5.49396
7.00668
8.45307
6.97991
6.62584
6.72232
6.05362
5.24013
6.22893
----------------
insert (avg): 6.2102
----------------
----- init -----
8.85318
----------------
init (avg): 8.85318
----------------
----- commit -----
140.903
----------------
commit (avg): 140.903
----------------
# Loading records:	100
skipping run
