parsing config file ./lvconfig19.conf
parsing done
<<<< begin once 
<<<<< redos: 0 >>>>>
<<<< commit once 
----- insert -----
6.58823
8.1129
5.2461
6.94809
6.06339
5.77524
7.05435
7.85365
5.97314
6.85861
5.19111
5.97501
5.01802
7.65653
5.03914
5.39843
5.13301
5.6033
5.4499
5.68851
5.23559
5.64557
5.7082
4.39101
7.1877
7.13431
9.81608
8.50794
5.27632
4.75696
5.52942
4.9494
4.55749
5.66799
6.56802
8.20527
6.58999
5.27175
8.07125
5.22036
4.52234
5.12343
4.8237
7.08143
5.33784
5.36875
5.83789
6.93771
5.8973
6.38846
5.40114
5.19518
7.49006
6.01281
7.01997
7.0044
7.5533
6.93463
5.60461
5.04969
5.9598
5.21964
7.26459
7.8422
11.9905
7.68964
8.04819
5.55166
7.21214
5.91305
4.31343
4.3223
5.18885
7.91518
7.21168
6.62075
6.0448
5.67263
4.51867
5.35398
4.85819
5.52973
6.4136
4.80722
5.65896
5.64397
6.70904
8.06537
8.3681
9.30205
7.32876
5.9104
5.57973
4.66085
5.62145
5.55184
10.4511
9.04561
5.08017
4.66672
----------------
insert (avg): 6.26609
----------------
----- init -----
9.75556
----------------
init (avg): 9.75556
----------------
----- commit -----
109.26
----------------
commit (avg): 109.26
----------------
# Loading records:	100
skipping run
