parsing config file ./lvconfig25.conf
parsing done
<<<< begin once 
<<<<< redos: 0 >>>>>
<<<< commit once 
----- insert -----
4.69625
4.11144
4.00519
3.70723
3.84907
3.84378
3.7297
3.87583
3.78271
3.92055
3.74905
3.71482
3.74405
3.73139
3.76936
3.76898
3.8229
3.45627
3.58791
3.88914
4.05935
3.83402
4.08433
3.75233
3.66142
4.47188
4.0236
3.80868
4.03316
3.86334
3.75595
4.00068
4.22206
4.10695
4.09456
3.4871
3.72289
3.61922
4.17617
4.01793
3.84737
3.87138
4.22995
3.75585
3.88145
3.96071
3.85152
3.60238
4.38875
3.77733
3.74996
4.269
3.76962
3.87561
3.7875
3.93482
3.88467
3.98411
4.29687
4.02976
3.84635
4.20886
4.01459
3.98737
3.85932
3.82172
3.63896
3.79279
3.95886
4.16518
4.38094
3.79811
3.95917
3.83922
3.77641
3.67281
3.94773
4.12575
4.15408
4.02831
5.51243
4.12535
4.09142
4.19214
3.63335
3.53195
4.3658
3.6878
3.791
3.96315
3.85939
3.89032
3.80441
3.86721
3.90389
3.50046
3.57631
3.8012
3.75828
4.02351
----------------
insert (avg): 3.92156
----------------
----- init -----
7.65271
----------------
init (avg): 7.65271
----------------
----- commit -----
110.384
----------------
commit (avg): 110.384
----------------
# Loading records:	100
skipping run
