parsing config file ./lvconfig12.conf
parsing done
<<<< begin once 
<<<<< redos: 0 >>>>>
<<<< commit once 
----- insert -----
5.91142
4.85333
4.29223
4.69371
5.80129
5.09064
5.92607
5.98496
5.03912
7.81297
7.47516
6.02547
4.89716
4.40926
5.07113
4.76109
4.04009
3.89817
4.80619
4.85196
3.8972
4.81265
4.66983
6.11738
7.6664
5.54554
6.97341
6.07885
4.56125
4.56101
5.54741
6.18979
5.42884
7.38571
5.49896
5.8667
6.11774
6.55344
5.68661
5.15383
4.78492
6.94759
5.4922
7.77683
5.45139
6.43138
5.19935
7.12705
7.26769
7.93364
6.62565
5.43419
7.45903
5.23477
5.62913
5.05467
5.75014
6.53845
7.79016
6.97386
6.67666
7.1303
5.5564
5.24011
7.40683
7.27832
6.73511
7.08927
7.16199
7.92196
6.5049
7.1288
7.875
6.0402
5.53479
6.42598
6.01458
7.9847
7.30482
8.00183
6.95232
4.81811
4.91651
6.95669
11.8371
7.18057
6.05837
5.05259
4.36707
4.72681
6.00117
6.06719
6.21283
6.02151
5.04235
6.30214
6.38132
5.49973
6.63974
4.95749
----------------
insert (avg): 6.0586
----------------
----- init -----
9.75332
----------------
init (avg): 9.75332
----------------
----- commit -----
142.059
----------------
commit (avg): 142.059
----------------
# Loading records:	100
skipping run
