parsing config file ./lvconfig21.conf
parsing done
<<<< begin once 
<<<<< redos: 0 >>>>>
<<<< commit once 
----- insert -----
4.60524
3.45626
3.47307
6.25858
5.55834
3.67324
3.66364
3.35354
3.9042
4.07489
3.85109
4.04521
3.88207
3.806
3.76699
3.92801
4.05285
3.86893
3.48918
4.36449
3.81959
4.43251
4.38002
4.56041
3.85818
4.18903
4.50188
4.07393
4.16339
4.19812
4.77161
4.26439
3.89922
4.23443
4.9979
3.99248
4.00686
4.18168
4.03311
3.61584
4.19641
4.27829
4.29452
4.52454
4.36112
4.06582
4.30716
4.27689
4.00641
4.26132
4.23258
3.89514
4.13733
4.25454
3.88346
3.69781
3.77751
3.89028
3.93973
5.2258
4.07385
4.5356
4.45737
4.00629
4.30992
4.27456
4.20185
4.23645
4.46782
4.22427
4.13553
4.12113
4.22997
4.16909
3.79995
4.10044
4.32075
3.66823
3.6941
3.77139
4.20181
4.1202
4.63877
3.97865
3.78861
4.88156
3.99462
4.18328
4.33054
4.46097
4.26846
5.21714
5.71215
4.46232
4.27797
4.44201
4.10102
4.55171
4.23019
3.8293
----------------
insert (avg): 4.19227
----------------
----- init -----
9.08819
----------------
init (avg): 9.08819
----------------
----- commit -----
131.221
----------------
commit (avg): 131.221
----------------
# Loading records:	100
skipping run
