parsing config file ./lvconfig1.conf
parsing done
<<<< begin once 
<<<<< redos: 0 >>>>>
<<<< commit once 
----- insert -----
6.20075
6.32406
5.59707
4.67899
5.26258
4.89308
4.66688
7.25119
7.70437
5.09602
5.3048
6.32392
6.34173
4.54927
8.25168
6.12463
5.98504
4.86557
5.5182
5.6758
5.29916
5.97187
6.03956
7.11872
5.79357
5.34035
5.62717
8.95983
6.71506
4.02401
6.9124
6.09292
5.55028
4.56841
5.28453
6.67118
8.21115
6.70713
5.37444
6.695
5.32167
5.96549
4.97625
4.6215
6.77574
6.6713
6.94681
7.54566
7.36773
6.16342
7.31664
8.1328
5.90138
5.54577
6.03419
6.45483
8.06942
7.5281
7.72397
7.15676
6.10412
5.62317
4.98953
5.46673
11.9049
7.40717
7.69153
5.70391
6.36625
5.0027
4.98366
5.19706
5.12321
6.70667
4.92564
6.29473
5.52991
4.38739
6.2178
5.24245
4.97872
4.5752
5.13723
6.63769
5.15608
4.87691
5.71222
6.51682
8.2034
8.35193
8.22526
6.00133
6.24938
5.13367
5.39841
5.93656
5.68312
5.13555
11.035
6.29319
----------------
insert (avg): 6.17898
----------------
----- init -----
8.1829
----------------
init (avg): 8.1829
----------------
----- commit -----
109.367
----------------
commit (avg): 109.367
----------------
# Loading records:	100
skipping run
