parsing config file ./lvconfig26.conf
parsing done
<<<< begin once 
<<<<< redos: 0 >>>>>
<<<< commit once 
----- insert -----
4.55215
3.70095
3.86367
3.91461
3.89713
3.56164
3.59335
4.01419
3.4112
3.72793
4.07167
3.80901
3.92331
4.12459
3.70007
3.89378
3.54736
4.1647
3.99853
4.58456
3.88569
4.2134
4.45084
4.06192
4.25716
4.21738
4.72152
4.19952
3.87342
4.33136
5.00214
3.94213
3.967
4.32067
3.93734
3.99512
3.89722
4.15083
4.4028
4.55692
4.33743
3.99158
4.33975
4.29753
4.01718
4.31503
4.26129
3.82912
4.02457
3.99908
3.81837
4.05633
4.21675
3.53661
3.98115
5.2396
4.22025
4.34492
4.36686
4.21063
4.18088
4.32055
4.31749
4.19825
4.54519
4.216
4.17457
3.89963
4.13706
4.20247
4.0966
5.83521
3.29229
3.52347
3.60705
3.39495
3.88287
4.05333
4.25251
4.59935
3.59055
4.095
4.50383
4.34724
4.41528
4.43435
4.24796
5.20732
5.69308
5.24811
4.25823
4.52142
4.40543
4.15141
4.20727
4.26701
4.03468
4.14034
4.06677
4.08496
----------------
insert (avg): 4.16493
----------------
----- init -----
11.2254
----------------
init (avg): 11.2254
----------------
----- commit -----
132.437
----------------
commit (avg): 132.437
----------------
# Loading records:	100
skipping run
