parsing config file ./lvconfig24.conf
parsing done
<<<< begin once 
<<<<< redos: 0 >>>>>
<<<< commit once 
----- insert -----
5.94153
4.50791
6.49069
6.84154
6.28479
7.14084
5.43886
5.14032
4.97844
4.20644
6.75204
6.35347
6.63033
5.00212
5.72634
4.93877
8.41669
5.6149
6.16295
4.9481
5.70133
5.74863
6.76146
4.76568
5.00077
6.5399
5.85974
5.21197
6.08233
10.3956
5.5648
4.41839
5.94013
7.02791
5.80132
6.44596
8.88602
7.81131
6.96583
6.13655
5.68766
5.00495
6.45148
5.04024
4.92173
5.43573
6.73446
5.53853
6.57587
6.40294
5.0594
5.81834
6.6334
5.38934
7.28057
5.9611
7.27737
6.42827
8.174
7.32012
7.96837
6.9954
6.08734
7.42113
6.66272
10.7349
7.62916
4.15501
6.44661
4.65935
5.23291
4.35627
4.93354
5.08723
4.9653
3.8225
6.56561
4.84424
5.06408
5.14707
6.57408
5.59648
5.54232
6.36885
4.83872
5.55019
4.94518
4.95622
5.33483
5.69403
6.80817
6.79089
8.23231
9.08499
7.51942
5.26016
6.19414
4.98239
5.30902
6.81995
----------------
insert (avg): 6.08899
----------------
----- init -----
9.66896
----------------
init (avg): 9.66896
----------------
----- commit -----
121.178
----------------
commit (avg): 121.178
----------------
# Loading records:	100
skipping run
