parsing config file ./lvconfig18.conf
parsing done
<<<< begin once 
<<<<< redos: 0 >>>>>
<<<< commit once 
----- insert -----
4.69246
3.92794
3.9379
3.99069
3.74134
3.82741
3.8522
3.59759
3.97517
3.80379
3.89163
3.73857
3.74148
3.77988
3.72559
3.81323
3.71296
3.82611
3.65388
3.59624
3.71207
3.87263
4.01968
3.96635
3.7684
3.87146
4.37648
3.96768
3.77575
4.13124
3.79827
3.8007
3.91841
4.00241
4.28855
3.89398
3.6807
3.78175
3.67809
4.05098
4.01782
3.95343
3.87559
4.22648
3.75625
3.76281
4.06101
3.88595
3.5767
3.90632
3.92901
4.06835
4.5219
3.47357
3.81721
3.84961
3.86389
3.95983
3.97849
4.36282
3.89489
3.89111
4.26878
3.96049
3.94131
3.89355
3.83056
3.83732
3.55707
4.06963
4.08169
4.35375
4.05002
3.93715
3.68194
3.79338
3.66475
3.86725
4.19851
4.09386
4.03151
5.51503
4.16385
4.15715
4.31229
3.70628
3.55738
3.98859
3.72395
3.79325
3.86365
4.03447
3.76818
3.851
4.24688
3.51856
3.87047
3.43279
3.63555
3.6352
----------------
insert (avg): 3.91702
----------------
----- init -----
8.46629
----------------
init (avg): 8.46629
----------------
----- commit -----
108.162
----------------
commit (avg): 108.162
----------------
# Loading records:	100
skipping run
