parsing config file ./lvconfig27.conf
parsing done
<<<< begin once 
<<<<< redos: 0 >>>>>
<<<< commit once 
----- insert -----
4.87619
4.42163
4.34553
4.73624
5.77316
4.30188
6.12791
5.82757
5.66301
9.56718
5.33532
6.86767
5.19306
5.36435
4.8102
5.56275
5.87483
4.76757
5.34533
4.37919
5.32073
4.61926
4.91603
7.37286
5.37787
7.03467
4.97739
5.49311
4.17831
4.42265
7.19825
5.76122
6.6637
5.83877
6.04525
4.70923
8.21055
6.09953
5.09705
4.7116
4.95343
6.2051
5.52593
5.79532
6.10065
7.11879
5.84356
5.26314
4.98389
7.98188
8.24268
4.63282
5.34544
4.82997
4.74313
5.83809
6.14379
7.85721
7.86489
6.92042
6.01001
7.3511
5.98061
5.43319
7.53972
7.82162
6.38307
6.64324
7.4612
7.30466
6.63406
7.28286
7.29279
6.14533
5.77468
6.43092
6.17462
7.96895
7.51319
8.20597
6.67079
5.03163
5.28557
6.60159
11.7459
6.95933
5.75141
7.74484
4.6376
5.20741
4.40326
5.32414
5.74414
6.9553
7.92682
7.00347
7.04242
6.12967
5.4688
5.78744
----------------
insert (avg): 6.10152
----------------
----- init -----
8.25968
----------------
init (avg): 8.25968
----------------
----- commit -----
139.887
----------------
commit (avg): 139.887
----------------
# Loading records:	100
skipping run
