parsing config file ./lvconfig37.conf
parsing done
<<<< begin once 
<<<<< redos: 0 >>>>>
<<<< commit once 
----- insert -----
4.3187
3.95174
3.68645
3.61346
3.3831
3.51496
4.01309
3.74827
3.61821
3.03234
3.79476
3.28423
4.0195
3.9464
3.50934
3.67544
4.25484
3.73201
3.58085
3.53236
4.29044
3.32048
3.46695
3.18559
3.46824
3.56
3.55657
4.0687
3.74644
3.99929
4.02923
3.90528
3.91794
3.44446
3.76814
3.75627
3.59368
3.79837
3.34745
3.59571
3.68971
3.81151
3.67136
3.65885
3.64913
3.6598
3.41954
3.70956
3.87651
3.54008
3.60478
3.73911
4.13366
3.82019
4.53145
4.20451
3.95511
3.57857
3.71948
4.04238
3.92859
3.79985
3.84112
3.73395
3.73151
4.00404
4.34565
3.9684
4.2449
3.96171
4.05099
3.9961
3.87744
3.74234
4.02212
4.03739
3.95054
3.75316
3.94882
3.95941
3.79323
3.51201
3.66292
3.97539
3.74328
4.37169
3.86756
3.67428
3.8264
4.15774
4.2275
3.6216
3.73096
3.78335
4.19008
3.94837
3.49638
3.87921
3.68051
3.37775
----------------
insert (avg): 3.79463
----------------
----- init -----
9.89835
----------------
init (avg): 9.89835
----------------
----- commit -----
115.026
----------------
commit (avg): 115.026
----------------
# Loading records:	100
skipping run
