parsing config file ./lvconfig31.conf
parsing done
<<<< begin once 
<<<<< redos: 0 >>>>>
<<<< commit once 
----- insert -----
4.14518
4.47109
5.0619
4.39795
3.95441
3.86359
4.06791
3.58369
3.70887
3.58341
4.07544
3.68562
3.63661
3.79812
3.86997
3.98216
4.18183
3.88918
3.94289
3.61019
3.85959
3.99155
4.49163
3.906
4.38883
4.37591
4.06333
4.0724
4.17225
4.82845
4.24041
3.95607
4.24475
4.99806
3.87223
4.07457
4.19778
3.77973
4.17016
3.71692
4.30414
4.47999
4.45884
4.22081
4.23373
4.29399
4.27577
3.82217
4.55774
4.18679
3.86295
4.0689
4.40558
4.19337
4.1562
4.00284
3.99546
3.9265
4.39525
3.74773
4.53889
4.365
4.10266
4.29794
4.31845
4.34337
4.12452
4.5745
4.12344
4.14064
4.15771
4.23619
4.12884
4.7035
5.62029
4.26535
4.03953
3.95554
4.93413
4.06807
4.72954
3.91795
3.81273
4.02239
4.49416
4.51182
4.31286
4.45148
4.22007
5.28782
5.61767
4.70216
4.59289
4.65054
4.27331
4.47372
4.17151
4.2518
3.90023
4.06112
----------------
insert (avg): 4.21994
----------------
----- init -----
7.29634
----------------
init (avg): 7.29634
----------------
----- commit -----
132.384
----------------
commit (avg): 132.384
----------------
# Loading records:	100
skipping run
