parsing config file ./lvconfig17.conf
parsing done
<<<< begin once 
<<<<< redos: 0 >>>>>
<<<< commit once 
----- insert -----
6.61853
7.95061
7.85297
5.24874
6.97373
5.77997
5.147
4.71965
4.98207
6.14386
6.00319
5.78864
6.13987
6.54659
5.82799
6.64144
5.7362
5.62546
5.61273
4.88623
5.27255
8.58259
5.67542
4.61482
5.3163
7.13919
6.13369
4.74768
8.2042
9.63647
7.53855
7.10575
5.49984
7.1516
8.2627
7.95122
6.99747
5.32568
8.32521
5.58174
6.74748
6.31306
7.86343
6.51217
6.24434
7.19623
8.09507
6.22301
7.23642
6.56501
5.82779
6.35361
6.13933
7.64704
7.804
7.23634
6.86366
7.17996
4.418
5.5297
6.13095
6.74024
11.2535
6.69072
4.4976
5.43345
5.49138
6.62324
6.63257
5.32226
6.25387
5.05027
6.22934
5.2601
6.62933
6.74425
5.83522
4.49095
4.50786
4.95619
6.02357
5.96449
4.75554
5.81659
5.45533
6.46423
8.17391
8.41538
9.04646
7.64401
5.29163
4.63478
4.59126
5.82187
5.82058
5.15566
9.93956
6.85514
4.68813
3.81349
----------------
insert (avg): 6.34429
----------------
----- init -----
9.89598
----------------
init (avg): 9.89598
----------------
----- commit -----
112.604
----------------
commit (avg): 112.604
----------------
# Loading records:	100
skipping run
