parsing config file ./lvconfig13.conf
parsing done
<<<< begin once 
<<<<< redos: 0 >>>>>
<<<< commit once 
----- insert -----
5.54628
6.19267
5.87662
7.89451
7.73137
6.53477
5.23753
8.9614
5.52688
5.59105
7.59811
7.21132
6.31849
5.15504
6.23837
6.85635
5.68263
6.3866
5.4006
6.86857
7.28911
5.20931
5.88032
7.49361
7.86366
6.6426
8.78039
5.79566
4.68768
5.96626
5.66578
6.29508
11.0245
6.23475
5.70237
5.23871
5.37512
6.39674
6.06803
6.37521
7.35668
7.48684
6.80932
4.83835
5.12174
5.10776
5.32787
5.7733
5.35191
4.89907
5.04849
4.9298
5.18999
5.82373
4.4276
6.77817
8.19683
8.35322
9.1975
7.32834
5.92657
5.24407
4.96091
5.64541
5.5189
6.57566
7.37937
6.45564
4.73628
4.81937
5.6061
4.425
4.30281
6.21307
5.27782
4.53215
5.37255
11.9263
5.03457
4.84848
4.22129
5.10058
4.53569
10.0273
5.48684
4.40514
4.14421
5.85596
4.16224
3.88085
3.93984
3.61729
3.56328
3.53269
3.32883
3.54215
3.48183
3.52533
4.32073
3.5275
----------------
insert (avg): 5.85141
----------------
----- init -----
8.06587
----------------
init (avg): 8.06587
----------------
----- commit -----
212.077
----------------
commit (avg): 212.077
----------------
# Loading records:	100
skipping run
