parsing config file ./lvconfig28.conf
parsing done
<<<< begin once 
<<<<< redos: 0 >>>>>
<<<< commit once 
----- insert -----
5.89654
6.01603
7.99211
6.38217
5.60754
5.79247
6.26565
6.3546
4.73105
4.31426
7.17567
5.69851
5.7214
5.62744
7.24591
4.87701
8.0158
5.69841
5.71263
5.20311
4.66509
5.30659
5.3987
5.66648
5.7637
5.27386
4.33836
7.35365
6.78345
10.6189
6.48007
4.36714
6.05312
7.13968
5.64485
7.4581
7.60055
7.95186
7.4133
5.85393
6.05006
4.90602
5.87101
4.68064
6.13931
6.11542
6.45608
7.23014
7.28011
7.23238
6.25664
7.61743
6.20282
5.84206
7.10127
5.67584
6.10989
5.4588
5.14559
6.04581
6.70018
7.88048
4.82315
5.59158
6.3364
5.43566
11.8085
8.4762
6.77853
6.06281
5.73334
5.98123
5.09589
4.84809
5.90234
6.81252
7.11497
6.55863
6.7782
5.93183
5.72836
6.03795
4.9615
5.75991
4.84747
4.85193
5.17606
5.9664
6.6194
6.73922
8.20857
9.02805
7.83887
5.50035
5.88105
6.09099
5.08065
5.29205
9.65413
9.109
----------------
insert (avg): 6.299
----------------
----- init -----
8.98328
----------------
init (avg): 8.98328
----------------
----- commit -----
109.149
----------------
commit (avg): 109.149
----------------
# Loading records:	100
skipping run
