---updates---
5506959298136, 64327023
5581952315674, 64431214
5662503193409, 67017976
-------------
---reads---
5425091974285, 8081552685
5433173700561, 8099731262
5441273624320, 8140383810
5449414218872, 8178026622
5457592427733, 8312495094
5465905089133, 8185724513
5474090956023, 8101772036
5482192919579, 8247295533
5490440378417, 8259192755
5498699697772, 8259398135
5507023772859, 8250266812
5515274142367, 8309830002
5523584140847, 8205220528
5531789496797, 8378630125
5540168241083, 8649039486
5548817389220, 8256246449
5557073723407, 8386004220
5565459805867, 8297678382
5573757562181, 8194634597
5582016827072, 8269970868
5590286876747, 8356068910
5598643033888, 12170030264
5610813142178, 8579891359
5619393096018, 8392590006
5627785729804, 8799289306
5636585067158, 8675431403
5645260552560, 8736400137
5653997013821, 8506080158
-------------
---init---
5420575258649, 4516557049
-------------
---commit---
5662570377491, 24411759954
-------------
--------->>>>0<<<<---------