---updates---
13028017534435, 483322064
13028500992656, 160849327
13028661983973, 837755375
13047003548360, 497026915
13055938018848, 65098930
13056003178493, 62671220
13056065911016, 440394470
13056506362536, 63214517
13056569646202, 64909616
13056634609270, 61001928
13073844014033, 73381293
13073917468555, 81427692
13073998958287, 65115437
13074064136706, 62241346
13074126443845, 62145579
13082888983970, 67265396
13110346206212, 99464482
13144886709201, 63945106
-------------
---reads---
13029499864613, 8739782746
13038239737431, 8763740526
13047500637068, 8437288418
13056695677020, 8561453800
13065257188083, 8586687468
13074188644000, 8700268050
13082956306749, 9159092863
13092115497725, 8729846163
13100845402056, 9500750056
13110445711475, 8620589843
13119066358859, 8681225679
13127747646217, 8588909730
13136336615137, 8550016753
-------------
---init---
13027047919324, 969514427
-------------
---commit---
13144950801250, 71024306903
-------------
--------->>>>0<<<<---------