---updates---
13027681624075, 822742715
13028504481030, 79067958
13028583699990, 79995968
13028663842506, 73756457
13028737796829, 67067773
13028805051989, 67953090
13054643306973, 65629127
13080089940777, 432771779
13080522848846, 61386334
13097477575634, 63956218
13097541661319, 62922674
13106811400202, 83277987
13115131098322, 63503171
13115194705400, 62480612
13123623496821, 83276143
13140564382436, 61525891
13149066855333, 65773071
-------------
---reads---
13028873235460, 9246394804
13038119739025, 8306379640
13046426220858, 8216871991
13054709062489, 8280295543
13062989493553, 8363637223
13071353271184, 8736579095
13080584337085, 8361509939
13088945939821, 8531497342
13097604823887, 9206464431
13106894759552, 8236231346
13115257266509, 8366141075
13123706837100, 8443185754
13132150073191, 8414242834
13140625938251, 8440805118
-------------
---init---
13027057523417, 623926896
-------------
---commit---
13149132804604, 64093095143
-------------
--------->>>>0<<<<---------