---updates---
13046408575951, 64727883
13079939532947, 62473999
13080002140049, 62932409
13122358777711, 69378008
13122428263788, 59079759
13156029616599, 63685164
13156093408066, 59274595
13164470426705, 64138069
13181602555178, 69864339
13190080388433, 62874663
13198650461486, 68994416
-------------
---reads---
13028443508972, 9676889808
13038120471558, 8287910287
13046473437743, 8343081976
13054816613953, 8395373667
13063212103658, 8330598579
13071542827818, 8396566111
13080065191439, 8356527096
13088421835972, 8438682848
13096860658238, 8678991981
13105539715227, 8404733604
13113944526074, 8414155201
13122487419322, 8535059753
13131022551396, 8372053981
13139394690692, 8340336147
13147735108762, 8294401497
13156152755401, 8317560622
13164534635208, 8652997091
13173187713772, 8414716437
13181672504990, 8407775986
13190143338788, 8507013144
-------------
---init---
13027061324774, 1382031668
-------------
---commit---
13198719603427, 13468899618
-------------
--------->>>>0<<<<---------