---updates---
13027492889646, 120533781
13054853175164, 61039094
13054914288259, 63448582
13054977797519, 59278330
13097430434246, 69594348
13097500123151, 57115838
13097557330645, 64108308
13097621566804, 60891582
13097682545353, 64442758
13097747096672, 761588674
13098508884238, 62956931
13098571943205, 66880753
13098638934606, 61230548
13107164613838, 65424969
13115707864755, 62596917
13132612803065, 67999553
-------------
---reads---
13027620119748, 10614760564
13038235010419, 8363897441
13046598981925, 8254060808
13055037128186, 8503976575
13063541182082, 8343157750
13071884452343, 8461772681
13080346318272, 8470497861
13088816889532, 8613460138
13098700246337, 8464261686
13107230119484, 8477638224
13115770539793, 8387658983
13124158267341, 8454438025
13132680875803, 8481193352
13141162149174, 8527756702
13149689986500, 8437641625
-------------
---init---
13027046019032, 446767812
-------------
---commit---
13158127843397, 825272939
-------------
--------->>>>0<<<<---------