---inserts---
427019236671, 223003885
427252228107, 58639941
427310977574, 58936511
427370018662, 54065718
427424181557, 58674355
427482958446, 56876997
427539921638, 55415025
427595417484, 56278155
427651783280, 55648434
427707516452, 57623899
427765237270, 56951004
427822290641, 55873242
427878272274, 60066207
427938475919, 57367804
427995969564, 107011223
428103123708, 55597019
428158858320, 62396849
428221387580, 61122605
428282651126, 62661197
428345452570, 59252479
428404886775, 61603192
428466634014, 61655435
428528442120, 59669512
428588246990, 63839146
428652226545, 82399791
428734809352, 54764055
428789751494, 57143395
428847015011, 55536453
428902684216, 53421854
428956233198, 60046514
429016422715, 56626201
429073206273, 69359387
429142720433, 63472990
429206339187, 61498854
429267987690, 55690011
429323810408, 60605605
429384555960, 59910465
429444607436, 61485179
429506235867, 64356974
429570726068, 59659748
429630537642, 55005205
429685714191, 59510063
429745378730, 56979845
429802490011, 62229638
429864852382, 55973844
429920945673, 60020126
429981102547, 53886791
430035127851, 57107318
430092390051, 57993048
430150516668, 62606952
430213247901, 57650088
430271042324, 59287448
430330481994, 54774703
430385407489, 61967635
430447525580, 101448730
430549124043, 59887853
430609169364, 59815928
430669123141, 59064375
430728333267, 60853933
430789337269, 61705676
430851193608, 60140697
430911480784, 57498695
430969121051, 63328327
431032583062, 59338609
431092119121, 58214094
431150475024, 53680031
431204300585, 57099667
431261541440, 59272735
431320963425, 59029584
431380157433, 54405494
431434701926, 64326944
431499158623, 57244883
431556549269, 53533295
431610214673, 56645317
431666997111, 58863942
431725994907, 59955874
431786096638, 56721513
431842953533, 55389447
431898486528, 63126705
431961762981, 53816082
432015729663, 58905368
432074776031, 57398480
432132324508, 62092283
432194563667, 60121991
432254832331, 80448358
432335428840, 63020304
432398609819, 55962474
432454686844, 54453508
432509258898, 59888433
432569253434, 73264749
432642640762, 58312927
432701067992, 75949221
432777145621, 58207398
432835464694, 61172021
432896740251, 57126419
432954008972, 57705442
433011813860, 59696287
433071597475, 56452806
433128144837, 62203915
433190437342, 59253241
433249825991, 60092826
433310061860, 58052035
433368263206, 53294336
433421739459, 56942838
433478795777, 59879930
433538776940, 71763590
433610654955, 87104845
433697902017, 60729287
433758764982, 61103092
433820021846, 57946950
433878087917, 55614844
433933810375, 56117997
433990029310, 64723369
434054862226, 57615518
434112592180, 59440357
434172130141, 58860300
434231091920, 60857194
434292077712, 55115577
434347301022, 55661525
434403061124, 54312823
434457474168, 55907280
434513476413, 49979240
434563590927, 58028099
434621755368, 60113316
434682035387, 56594367
434738776119, 58830465
434797761803, 57175433
434855101859, 63980915
434919281028, 55359683
434974808149, 75600640
435050556163, 58945953
435109634848, 55219959
435164990086, 56743254
435221884693, 55582228
435277606243, 60265908
435338011158, 57866063
435396053076, 62609397
435458796900, 59351885
435518290147, 64705254
435583133303, 54214749
435637492419, 59521150
435697154845, 59589335
435756887134, 63112924
435820168999, 65235150
435885553391, 60640393
435946335899, 54420698
436000904534, 61137740
436062185698, 59742857
436122074612, 56055092
436178269831, 58875599
436237291880, 59650258
436297096459, 58388821
436355636450, 57579822
436413360179, 64576155
436478082359, 71384624
436549616322, 62604868
436612370206, 62837823
436675349831, 54485643
436729991976, 57847312
436787983969, 67103544
436855239543, 60424921
436915806121, 87951668
437003916080, 62013369
437066072330, 79563608
437145784817, 60725011
437206659202, 64237587
437271058733, 56206525
437327414139, 64794469
437392361944, 85734402
437478247099, 57409372
437535807843, 59742200
437595690293, 56448163
437652287176, 55990912
437708423295, 59375772
437767949074, 60275527
437828431922, 62309572
437890906786, 63177561
437954213234, 58549998
438012863833, 56973191
438069940725, 57711013
438127751163, 60829903
438188679367, 60646550
438249422492, 67081682
438316602877, 58494830
438375194691, 57306152
438432597178, 56361165
438489058700, 58332792
438547486955, 61820488
438609404902, 61666703
438671165031, 66687156
438737952284, 52687916
438790735840, 53173955
438844032635, 55963666
438900100366, 58898500
438959096544, 57153896
439016347424, 64129347
439080605359, 59038354
439139744477, 63593899
439203440095, 88379797
439291921419, 56986126
439349005940, 57963803
439407068021, 60529985
439467698785, 60188459
439527987824, 61543664
439589654676, 55338802
439645139035, 58398658
439703630676, 58630912
439762352788, 56647528
439819093958, 56863001
439876054394, 55726269
439931871337, 56265750
439988225351, 58560196
440046874083, 56534425
440103497354, 57495712
440161081141, 61406248
440222576657, 75521409
440298192528, 55932585
440354214203, 59771006
440414075632, 55920318
440470087746, 57947257
440528126562, 66266410
440594484197, 56173512
440650750462, 58472267
440709310614, 60324489
440769726375, 57058688
440826875046, 59589933
440886552712, 59818653
440946460827, 55790148
441002346701, 56306560
441058746017, 53931303
441112799082, 56786103
441169679437, 61111964
441230888075, 58684475
441289666014, 58854634
441348614095, 56550060
441405282588, 61938264
441467313881, 60978483
441528381651, 57825169
441586296413, 57153472
441643538022, 58309043
441701938816, 55953758
441757983029, 57414149
441815488613, 76327161
441891905674, 56716692
441948713849, 60360579
442009164331, 88090604
442097346178, 58048134
442155480088, 59551226
442215119960, 55773342
442270983549, 54230467
442325307173, 58226039
442383645923, 59558341
442443326722, 58689089
442502149132, 52558558
442554853603, 55650902
442610719211, 79004260
442690027834, 55328925
442745475122, 57240897
442802774519, 56955655
442859785921, 57092435
442916936160, 58554844
442975550790, 51888130
443027495900, 53552088
443081105542, 69289229
443150451945, 54193988
443204702968, 55622752
443260383511, 55217075
443315658923, 58317091
443374032051, 57173416
443431260247, 56510288
443487830354, 54837097
443542722960, 59073431
443601856059, 55681905
443657593226, 54590347
443712244505, 54216006
443766515926, 56965500
443823537789, 53584499
443877178113, 52412271
443929647972, 60507738
443990210561, 98373457
444088644048, 61289433
444149991890, 60687304
444210740421, 58306719
444269101857, 55667800
444324825284, 60638096
444385520939, 58996689
444444577197, 58969516
444503602085, 60567294
444564225740, 58783846
444623065206, 58701928
444681822625, 58951721
444740833619, 59863663
444800755741, 58937170
444859748661, 60075888
444919881704, 53208404
444973146262, 58182120
445031382587, 63893955
445095331366, 57580345
445152967073, 83422744
445236445773, 53617966
445290121235, 55440631
445345617232, 54113604
445399787944, 59785162
445459628294, 60070452
445519756898, 61495276
445581307266, 56126407
445637491986, 66494701
445704067016, 59176077
445763299230, 61294221
445824649062, 58224440
445882932209, 58758445
445941746048, 70141882
446011948168, 58640604
446070645073, 55075533
446125775743, 55461326
446181292158, 73556188
446254905346, 58050541
446313012057, 55728831
446368798935, 64349551
446433205588, 68829622
446502092444, 57571634
446559718049, 85446055
446645221694, 59188480
446704463929, 64188650
446768707305, 57417305
446826179388, 73365425
446899602463, 55418406
446955077469, 54949925
447010086292, 58524764
447068664916, 55916128
447124637674, 55557980
447180251679, 60655702
447240963199, 57248110
447298292829, 64780578
447363128504, 93184175
447456371849, 70629310
447527057500, 63239341
447590354406, 58640287
447649051059, 61243446
447710348811, 59181742
447769586423, 64345017
447833985870, 62178655
447896220712, 66312683
447962587643, 60600148
448023243352, 57890408
448081189769, 56485177
448137731805, 59659444
448197446588, 56156850
448253659272, 58506635
448312220585, 60712417
448372989432, 60525046
448433568025, 61154322
448494778829, 63270250
448558103034, 59003618
448617162312, 58893430
448676110986, 57374931
448733544275, 59466156
448793066687, 73212868
448866339094, 61313424
448927711584, 63066504
448990835913, 63778458
449054672178, 63008685
449117738379, 60970112
449178763402, 63607779
449242426868, 62241105
449304726894, 87149046
449391933552, 62103636
449454092066, 58262120
449512412593, 56545455
449569013208, 62122444
449631188672, 67523410
449698765993, 56841185
449755661817, 65774425
449821490816, 59020985
449880583165, 61858617
449942495496, 60227664
450002780634, 62362566
450065200483, 69083550
450134341190, 68109238
450202503832, 58847436
450261407138, 62579000
450324051220, 59215620
450383324222, 58494504
450441956833, 54035879
450496145322, 95839386
450592122269, 66637914
450658800754, 58201402
450717037851, 61368628
450778448958, 58591295
450837080478, 58264651
450895383058, 83269637
450978691295, 59879952
451038617927, 57898670
451096554067, 57760270
451154354916, 61530911
451215925673, 58484400
451274448732, 73482583
451347969740, 58785510
451406795444, 63615757
451470446961, 70916298
451541401995, 56427915
451597866402, 60069856
451657972452, 58191588
451716202403, 56827224
451773069991, 62087368
451835196254, 57034320
451892268594, 57127755
451949431682, 56318273
452005788369, 60067819
452065891192, 59424350
452125345435, 59492029
452184868084, 58431450
452243326685, 58686814
452302039466, 60366328
452362440622, 66044884
452428523591, 55951617
452484513654, 57096248
452541644705, 55111186
452596791291, 56711749
452653538894, 53868461
452707442282, 60222106
452767700522, 61235324
452828972810, 60119632
452889127378, 81980281
452971147238, 53974229
453025159604, 56413900
453081609183, 56242418
453137886135, 59556808
453197480162, 60939224
453258456117, 96516121
453355010746, 60830166
453415884690, 60046759
453475974735, 60812642
453536824237, 63966675
453600828353, 81419926
453682308038, 92637442
453774984658, 58659832
453833680325, 59906975
453893625136, 80577904
453974238548, 61453351
454035729776, 58703368
454094471109, 60823491
454155332825, 59086825
454214457693, 56391785
454270886399, 53519030
454324437429, 61020385
454385491214, 55284980
454440810037, 61944539
454502789050, 55461887
454558282158, 65296761
454623610498, 59142973
454682785645, 70942266
454753759661, 54989986
454808782617, 54170921
454862983015, 55254010
454918264966, 59486497
454977782363, 58070434
455035882380, 57598414
455093516853, 57730215
455151282601, 62341795
455213661381, 58086852
455271783383, 58705856
455330525151, 60082256
455390642310, 59981814
455450659123, 74852654
455525545157, 54374836
455579951030, 53553007
455633563350, 57190816
455690818833, 52221352
455743107186, 55960557
455799106412, 80856056
455879999611, 65879057
455945916096, 58334071
456004286166, 61010774
456065334406, 60800630
456126171300, 58310639
456184520649, 58602612
456243159739, 60938661
456304136362, 58102358
456362273878, 56817213
456419127438, 64061766
456483225747, 61386605
456544652397, 64440483
456609131045, 63611983
456672780464, 55802624
456728620877, 62731799
456791391237, 63379135
456854807237, 68520744
456923365809, 80909173
457004312256, 78121718
457082472629, 68045286
457150555262, 82014153
457232607985, 57193422
457289836424, 62037350
457351911359, 57467539
457409413216, 58053252
457467501187, 74772309
457542304787, 63298996
457605637830, 57368311
457663038391, 57418228
-------------
---init---
426776924565, 238303430
-------------
---commit---
457720652341, 13521235669
-------------
--------->>>>0<<<<---------