---updates---
13038104875735, 63303067
13046465890433, 83182928
13062878384794, 61837765
13062940327283, 61856789
13079583810114, 60851720
13079644716274, 50844943
13079695620569, 56141193
13079751809852, 71555156
13088251071118, 63209513
13088314360207, 62974762
13088377399767, 66843569
13088444324242, 60809193
13088505210029, 61647891
13088566916433, 59072860
13088626046585, 61951929
13105469965676, 62304305
13105532335012, 63002242
13105595396537, 63814779
13131031597472, 65115962
-------------
---reads---
13027937346456, 10167450519
13038168300916, 8297449380
13046549130366, 8244032304
13054793282939, 8084958885
13063002264180, 8201249470
13071203633180, 8380051356
13079823407816, 8427541826
13088688065171, 8369925662
13097058075846, 8411812657
13105659245686, 8411721772
13114071027560, 8517443031
13122588530047, 8443014799
-------------
---init---
13027053572473, 883660365
-------------
---commit---
13131096834843, 86751699103
-------------
--------->>>>0<<<<---------