---updates---
5448094177197, 65422011
-------------
---reads---
5421117933589, 10200258802
5431318259137, 8396689862
5439715067824, 8378970620
5448159687418, 8379948905
5456539812955, 8291333477
5464831268412, 8254046820
5473085447875, 8231778761
5481317347863, 8327220631
5489644654526, 8254288759
5497899000839, 8310453297
5506209606787, 8273440721
5514483186034, 8273632124
5522756961998, 8327095776
5531084163790, 8329354576
5539413643213, 8363248413
5547777136827, 8280056826
5556057279291, 8381102298
5564438458329, 8379345382
5572817878433, 8448589270
5581266541944, 8437494532
5589704112677, 8414196421
5598118355269, 12318028057
5610436462068, 8200007945
5618636529426, 8291777640
5626928374324, 8921174051
5635849608625, 8795274832
5644644941854, 8826218399
5653471218737, 8235926145
5661707206637, 8411206558
5670118472479, 8439664661
-------------
---init---
5420592725371, 525096730
-------------
---commit---
5678558263096, 684247354
-------------
--------->>>>0<<<<---------