---updates---
13038104397369, 398666573
13055472513284, 107271472
13055579909786, 61568404
13118400509310, 67170726
13143159780651, 61332997
13168459041949, 63437736
13185055712038, 66263685
13185122032345, 59399709
13210279849800, 77920256
13210357821703, 64019948
13210421878040, 60371292
-------------
---reads---
13028395446834, 9708845510
13038503234197, 8690248527
13047193612436, 8278760746
13055641536881, 8349005262
13063990711120, 8237630476
13072228468608, 8649603761
13080878214814, 8542221941
13089420577615, 12368084475
13101788716298, 8230439475
13110019234015, 8381168917
13118467753416, 8283776768
13126751613002, 8241762200
13134993447130, 8166225385
13143221147305, 8280997766
13151502222137, 8203475274
13159705789122, 8753146070
13168522546106, 8234440547
13176757063605, 8298544048
13185181471884, 8398576620
13193580125562, 8362112668
13201942319580, 8337428166
-------------
---init---
13027018837789, 1376507212
-------------
---commit---
13210482355779, 1199937685
-------------
--------->>>>0<<<<---------