---inserts---
12980978637151, 172426025
12981157817770, 57869242
12981215780088, 61399809
12981277245608, 57088861
12981334400196, 55020202
12981389485709, 52648383
12981442198708, 54686112
12981497000716, 58877563
12981556051038, 58915837
12981615107336, 53591389
12981668795771, 73630825
12981742519346, 61151154
12981803746017, 58695426
12981862503353, 60616303
12981923187302, 67904790
12981991152994, 56773698
12982047988338, 55481584
12982103529580, 54720223
12982158311670, 58716659
12982217084636, 54943855
12982272106171, 53603931
12982325765661, 52342908
12982378172965, 53536921
12982431766253, 57003198
12982488830617, 54186742
12982543099074, 57640526
12982600828672, 55275395
12982656220919, 54316696
12982710600915, 53801110
12982764491908, 56848697
12982821436088, 52940142
12982874455766, 56101422
12982930617408, 55601056
12982986317693, 52234807
12983038691152, 62203064
12983100993658, 58469508
12983159551235, 58377207
12983218016701, 53175324
12983271350299, 56149886
12983327652656, 55040752
12983382895518, 54811688
12983437858179, 52639204
12983490583212, 56759583
12983547409728, 75474987
12983622950192, 56816167
12983679891329, 55144856
12983735161385, 56174341
12983791527452, 55673372
12983847366663, 55687719
12983903207423, 58198281
12983961471771, 58497264
12984020074061, 54772784
12984074902634, 55637150
12984130588571, 55132279
12984185775319, 65669510
12984251495542, 57721326
12984309274211, 90063441
12984399388632, 60449533
12984459889429, 82304407
12984542243802, 77868191
12984620163412, 57433874
12984677649612, 60062495
12984737767927, 58414820
12984796232013, 54451539
12984850756019, 61467780
12984912273789, 54494632
12984966818841, 55970862
12985022839498, 55337646
12985078228251, 65160116
12985143437212, 57642195
12985201131690, 81118545
12985282299086, 57230399
12985339579440, 56162708
12985395789286, 58781686
12985454620272, 57688288
12985512460146, 58899231
12985571509732, 58321956
12985629955201, 57738019
12985687863294, 56667548
12985744674580, 53597788
12985798367551, 55119555
12985853619318, 55322437
12985909053176, 62016711
12985971139404, 61952428
12986033160071, 53887999
12986087104630, 56704178
12986143962078, 55784543
12986199865189, 63151615
12986263148298, 58309027
12986321569668, 53635599
12986375263349, 57008842
12986432319439, 52477138
12986484843475, 56978246
12986541870124, 55951412
12986597872046, 58795217
12986656714154, 54285355
12986711048759, 57424248
12986768523027, 63535219
12986832124738, 55999636
12986888171847, 59244705
12986947465176, 63509280
12987011021665, 56765378
12987067839466, 53558995
12987121445342, 54609933
12987176104252, 59828212
12987235979113, 53774319
12987289803327, 54943824
12987344795978, 54541369
12987399384929, 63273442
12987462721016, 55305949
12987518075626, 56169516
12987574291224, 53396302
12987627735947, 55767343
12987683555200, 54154701
12987737761701, 55753531
12987793562404, 56278399
12987849889937, 55452363
12987905389722, 54264015
12987959701379, 60232355
12988019981213, 56131642
12988076161225, 56449612
12988132658997, 80064117
12988212771874, 56693461
12988269517043, 56150016
12988325733226, 55910720
12988381696287, 59056866
12988440806483, 57828576
12988498692579, 56338948
12988555177145, 58501438
12988613740934, 69656213
12988683446434, 59345257
12988742836533, 56169964
12988799054029, 55185366
12988854285290, 57094704
12988911427691, 54553986
12988966027621, 56505299
12989022580528, 56849162
12989079475608, 58944084
12989138467506, 61929088
12989200444304, 51906212
12989252401952, 55316117
12989307764882, 52847479
12989360660155, 57715288
12989418422388, 88251335
12989506721700, 58863560
12989565634589, 57897650
12989623579804, 60974310
12989684598930, 58520068
12989743166540, 58636917
12989801850947, 61419456
12989863317937, 55344207
12989918706771, 56577475
12989975332507, 58256881
12990033635712, 56037829
12990089721816, 56726638
12990146493155, 55232603
12990201772337, 54529100
12990256345840, 57291633
12990313683696, 58902790
12990372630508, 58268378
12990430944615, 59099962
12990490087292, 54191411
12990544324609, 57523483
12990601891642, 56347820
12990658286800, 57139023
12990715488338, 60985448
12990776520404, 56725818
12990833291350, 57810372
12990891147806, 52790382
12990943983782, 73823711
12991017853596, 73493764
12991091390949, 52450383
12991143887577, 57502043
12991201433990, 56635821
12991258114145, 54264258
12991312442182, 56840598
12991369337909, 56053632
12991425431699, 54302340
12991479775701, 55009639
12991534825679, 53940206
12991588805870, 55842332
12991644687242, 62731655
12991707459212, 87796777
12991795296776, 55644067
12991850984058, 55874863
12991906900229, 58928636
12991965871587, 56845280
12992022761259, 63325704
12992086130296, 54659129
12992140831117, 52812781
12992193685043, 56257622
12992249983311, 57098537
12992307124057, 57806733
12992364971480, 54290207
12992419302336, 84808111
12992504151554, 55928275
12992560121210, 55356819
12992615519393, 56200721
12992671760762, 55096056
12992726897411, 55518645
12992782461263, 63073803
12992845579631, 60975320
12992906598454, 55499825
12992962142234, 55079479
12993017281416, 51968755
12993069346801, 56519527
12993125909258, 54503743
12993180455347, 57536902
12993238033195, 54472996
12993292547032, 55757301
12993348345298, 56689939
12993405075692, 55806238
12993460923340, 84877013
12993545842296, 61847286
12993607731004, 55800799
12993663571537, 56267508
12993719886462, 56824414
12993776751581, 55101734
12993831894037, 55363233
12993887297576, 59956303
12993947294807, 53957533
12994001293957, 57816642
12994059151700, 59103880
12994118295988, 56460417
12994174798075, 57479492
12994232318594, 55556563
12994287915965, 56405701
12994344361530, 52687160
12994397089448, 56784567
12994453914244, 53420171
12994507396393, 61514086
12994568950578, 56561146
12994625550975, 55402756
12994680994387, 55091356
12994736124993, 61980427
12994798158761, 55631055
12994853839474, 57891559
12994911771839, 70117832
12994981926087, 60288648
12995042250851, 294565081
12995338625287, 58079675
12995396743095, 56837242
12995453617698, 58810205
12995512464228, 54394112
12995566894289, 57334616
12995624264974, 55694977
12995679998762, 58184960
12995738221405, 58523646
12995796783166, 61592809
12995858413093, 55961036
12995914428162, 66491691
12995980983861, 56002651
12996037061515, 84945417
12996122077930, 59948294
12996182111417, 61472838
12996243734382, 58370242
12996302325933, 57255004
12996359656968, 56479734
12996416157066, 60656689
12996476832885, 59849750
12996536702367, 61928295
12996598649988, 59766131
12996658435642, 55845603
12996714307570, 58437591
12996772771837, 56880950
12996829684655, 56903078
12996886612659, 57971902
12996944617597, 56084046
12997000736970, 56816863
12997057580258, 60202701
12997117806427, 57512727
12997175341040, 61216778
12997236580357, 302716896
12997539371790, 57900170
12997597327374, 59780463
12997657158485, 55752213
12997712977077, 55236959
12997768286842, 59533518
12997827890799, 69304873
12997897266182, 61083108
12997958418604, 86603135
12998045093433, 60932380
12998106104684, 57047606
12998163220236, 58940647
12998222222828, 57003739
12998279275067, 62582130
12998341911719, 62381224
12998404349744, 58272296
12998462676287, 55274494
12998518003426, 61225705
12998579287491, 54823534
12998634163360, 55538051
12998689762997, 56478415
12998746301953, 56554103
12998802913729, 61930591
12998864897476, 55722916
12998920671927, 58831648
12998979550358, 58990657
12999038593610, 53546517
12999092196686, 63699729
12999155949862, 57638717
12999213640233, 67272244
12999280964009, 60534589
12999341552697, 58422864
12999400073418, 59693892
12999459821005, 56745684
12999516621049, 59059813
12999575730773, 69250201
12999645035962, 62956051
12999708078822, 57266511
12999765382983, 60551727
12999825962138, 55618854
12999881609089, 58196304
12999939830609, 59447864
12999999300103, 88636089
13000087960293, 58424588
13000146408058, 57003806
13000203433932, 58108943
13000261564479, 59246586
13000320833798, 58790928
13000379646101, 58113428
13000437825629, 61468168
13000499350703, 68474304
13000567884865, 60758702
13000628714644, 58791157
13000687576766, 55969881
13000743627409, 57475335
13000801172783, 53290628
13000854534480, 56525496
13000911134644, 56160128
13000967367771, 55792277
13001023222683, 58100223
13001081381134, 55045853
13001136493899, 57185417
13001193750312, 59304872
13001253126588, 61142606
13001314343912, 55459735
13001369875087, 61805350
13001431756896, 59105858
13001490937646, 56096269
13001547107685, 60065775
13001607242691, 56706106
13001664031456, 61325719
13001725410986, 55884541
13001781330328, 56107740
13001837469160, 56678581
13001894201221, 67549810
13001961804129, 57076353
13002018954028, 62822300
13002081832522, 57573840
13002139459455, 298852039
13002438386021, 56631309
13002495079682, 58863526
13002553987734, 79353023
13002633387350, 62453384
13002695891400, 75159301
13002771101201, 85143642
13002856293088, 58098379
13002914433306, 58375325
13002972849528, 59657991
13003032549105, 54653171
13003087234450, 55318795
13003142584659, 59888366
13003202509417, 58051759
13003260612037, 55213902
13003315898083, 58976998
13003374938283, 55218780
13003430198600, 57436179
13003487677036, 58816520
13003546534829, 58726047
13003605300299, 59993794
13003665342890, 55111870
13003720511733, 59030479
13003779587691, 57621332
13003837262044, 282566727
13004119901435, 91914965
13004211893294, 59841919
13004271809047, 61417480
13004333301940, 63781303
13004397155740, 57792176
13004455018876, 56376437
13004511460795, 61707999
13004573236436, 58820826
13004632146885, 54760544
13004687024648, 65333166
13004752473941, 56427314
13004808954071, 55403043
13004864405233, 60831845
13004925280161, 52719101
13004978036048, 59424059
13005037496351, 58704621
13005096238941, 58824619
13005155101573, 59324241
13005214468923, 56260776
13005270775162, 82942176
13005353766253, 58001945
13005411820095, 55306083
13005467172648, 56452847
13005523667040, 56093247
13005579801982, 67612330
13005647467905, 76816689
13005724332324, 56378395
13005780760053, 54951800
13005835759032, 68158275
13005903970215, 59088551
13005963108940, 54023307
13006017180997, 57757979
13006074987520, 56889403
13006131919519, 56240442
13006188205645, 60916440
13006249171009, 58457639
13006307669773, 56464227
13006364177825, 58294615
13006422523629, 83671472
13006506249911, 56190978
13006562495378, 56616392
13006619167017, 59895473
13006679112984, 58364258
13006737527347, 57637474
13006795218000, 54585421
13006849859336, 51605919
13006901511998, 57870003
13006959429562, 56081887
13007015608491, 66586541
13007082295958, 61888468
13007144235126, 68049642
13007212337203, 57992717
13007270382538, 65034855
13007335472071, 59553885
13007395078053, 59213692
13007454345161, 60850298
13007515245489, 63995745
13007579295480, 66756887
13007646105164, 57625472
13007703782829, 63910716
13007767764641, 54324928
13007822142481, 59986828
13007882180349, 71887142
13007954117588, 55958380
13008010123597, 61074090
13008071245400, 58218579
13008129511137, 58936887
13008188499850, 56856216
13008245405620, 57529486
13008302984545, 92150925
13008395188206, 76790211
13008472042637, 62533291
13008534627029, 55868752
13008590549218, 61735041
13008652334061, 55951697
13008708336719, 62679952
13008771067261, 59245685
13008830366800, 59600817
13008890018033, 67887716
13008957959566, 59225435
13009017233273, 57637267
13009074919502, 59704786
13009134672518, 57985535
13009192708878, 58270278
13009251032045, 66773714
13009317859245, 56920903
13009374831738, 58864594
13009433750483, 56063373
13009489865172, 53723374
13009543641010, 57728574
13009601419521, 58767960
13009660238943, 53171889
13009713542033, 56472126
13009770107824, 58515478
13009828719504, 52632345
13009881402488, 56685807
13009938137753, 60199829
13009998389618, 57998602
13010056435906, 62903668
13010119389399, 63185107
13010182621899, 82508904
13010265181902, 59001922
13010324240270, 55010716
13010379304491, 56288909
13010435642679, 58029699
13010493723437, 59616790
13010553390422, 55834121
13010609273677, 54388584
13010663712158, 58072602
13010721836301, 56314706
13010778197544, 59746304
13010837996240, 57787955
13010895835837, 58768153
13010954656419, 60362535
13011015072200, 59375447
13011074498233, 74196959
13011148747120, 55355804
13011204154855, 71513759
13011275719156, 54855930
13011330627217, 57225373
13011387903615, 55967964
13011443924166, 53653974
13011497629680, 54816976
13011552499550, 57067861
13011609618552, 53903410
-------------
---init---
12980749683865, 225344072
-------------
---commit---
13011663794740, 13685883531
-------------
--------->>>>0<<<<---------