---inserts---
13496215848728, 174248174
13496397432606, 59360430
13496456979613, 66698147
13496523846941, 61448111
13496585459466, 63159382
13496648772834, 66060113
13496715001879, 61820540
13496776987889, 58213610
13496835361062, 74319101
13496909836786, 60125063
13496970108200, 62525841
13497032775795, 61884669
13497094814714, 62779763
13497157728470, 62124480
13497220024273, 66481428
13497286655862, 59156763
13497345974553, 62465684
13497408595479, 59343004
13497468119294, 60441168
13497528712620, 63590833
13497592500189, 76409968
13497669068987, 63784418
13497733028453, 60500143
13497793679686, 62172427
13497856032492, 61416471
13497917636471, 63606839
13497981447679, 63209533
13498044810088, 61659559
13498106630387, 59569079
13498166347028, 63786638
13498230293812, 62848303
13498293328553, 57989985
13498351483108, 63857134
13498415533523, 61330292
13498477019737, 59509553
13498536676022, 61324108
13498598150886, 61819734
13498660126309, 57518397
13498717803952, 63170373
13498781127832, 60213582
13498841545214, 61427121
13498903153593, 56893051
13498960202515, 60101666
13499020462965, 57564483
13499078192092, 60635297
13499138974537, 58981326
13499198110154, 60062756
13499258381446, 92111886
13499350653552, 61515104
13499412316516, 61287720
13499473758063, 59103793
13499533047595, 58285056
13499591485471, 60707337
13499652334693, 70453443
13499722939821, 62153320
13499785244050, 58615001
13499844050842, 101273425
13499945483415, 65941868
13500011587694, 60740018
13500072478578, 58445917
13500131078796, 61531561
13500192766147, 66861908
13500259786189, 65948417
13500325882408, 63960236
13500390024679, 62086168
13500452256478, 63370933
13500515780640, 83857664
13500599786632, 59791391
13500659737700, 61929298
13500721827100, 63591176
13500785583848, 62238025
13500847968302, 63244304
13500911365528, 70374352
13500981901417, 66486443
13501048549757, 87984413
13501136687452, 64466794
13501201312883, 65393097
13501266859742, 60712357
13501327727634, 64966340
13501392846641, 60709056
13501453714504, 66071746
13501519936853, 58364017
13501578455324, 57402872
13501636026943, 93527324
13501729709373, 64184838
13501794050743, 55811921
13501850049746, 59700616
13501909897446, 62949777
13501973005760, 62818760
13502035974864, 63295139
13502099425668, 62769384
13502162354674, 60826764
13502223335984, 60888304
13502284371669, 58921684
13502343454950, 59843422
13502403450707, 61801004
13502465408578, 59286482
13502524850968, 59897458
13502584953962, 63489956
13502648594243, 61160268
13502709912905, 60684408
13502770752684, 79469962
13502850395253, 60464563
13502911011608, 107541524
13503018715616, 64672119
13503083538199, 59029468
13503142722353, 62471590
13503205345207, 64059418
13503269557134, 58230770
13503327967039, 60056581
13503388177806, 58097011
13503446412715, 64686665
13503511247762, 61939159
13503573329065, 75627930
13503649121675, 64629905
13503713902657, 70628469
13503784690154, 64545208
13503849384252, 60137032
13503909672755, 95446674
13504005270817, 66834319
13504072262065, 63614783
13504136040210, 57480466
13504193676397, 64882164
13504258735382, 60396458
13504319326605, 60630202
13504380125132, 60560077
13504440850446, 63703505
13504504815310, 62525659
13504567562582, 59611307
13504627368129, 65660143
13504693189518, 101219707
13504794567601, 67955563
13504862697662, 91615005
13504954482256, 74527784
13505029184519, 64593001
13505093944023, 59738984
13505153845773, 61700598
13505215700118, 65333261
13505281191388, 93985338
13505375324794, 64358451
13505439838862, 62722327
13505502708289, 63273319
13505566136012, 64140853
13505630424470, 59194434
13505689764950, 60383443
13505750286186, 56994062
13505807418395, 65583388
13505873141333, 62462212
13505935750800, 65768414
13506001647860, 61754601
13506063537693, 79103780
13506142783134, 62424688
13506205352345, 61380902
13506266868479, 57766399
13506324780619, 67705383
13506392615175, 57443294
13506450191242, 61708934
13506512064533, 60133791
13506572346693, 66589237
13506639076400, 60576551
13506699808475, 59662513
13506759614617, 66694070
13506826458514, 60418867
13506887018772, 57783289
13506944944310, 67445023
13507012536693, 59106217
13507071800225, 62879589
13507134833581, 60361833
13507195348554, 65052800
13507260550858, 67338988
13507328071380, 59811231
13507388042397, 73550498
13507461745503, 60374321
13507522265251, 60275088
13507582689376, 62431375
13507645296873, 61240473
13507706659684, 69045021
13507775783490, 58701480
13507834560074, 60018304
13507894647629, 60081283
13507954794625, 69987699
13508024851339, 71994294
13508096945720, 70401321
13508167445892, 60238744
13508227785133, 60732693
13508288618615, 60292344
13508349038884, 62672023
13508411838443, 94479029
13508506456853, 73266703
13508579858338, 56319581
13508636310334, 63114957
13508699555392, 58990226
13508758680747, 61369428
13508820191426, 65482605
13508885807878, 72393308
13508958329718, 69575465
13509028060699, 65032678
13509093223339, 61053106
13509154405946, 59451604
13509213988885, 62981223
13509277103636, 60225809
13509337465833, 59627244
13509397224150, 59322656
13509456678122, 57825704
13509514666402, 60431349
13509575289983, 90952632
13509666371740, 73548889
13509740056359, 60084585
13509800252305, 59508752
13509859878102, 56818348
13509916814259, 61534700
13509978463570, 65119225
13510043703595, 94452817
13510138288417, 61971975
13510200385232, 58895831
13510259405211, 65860837
13510325392863, 64199918
13510389713002, 58161468
13510447989504, 62232915
13510510334685, 59685931
13510570138399, 64041389
13510634304402, 58149348
13510692584818, 61020743
13510753732142, 58919877
13510812775067, 60163252
13510873058640, 56613842
13510929792827, 63054361
13510992967015, 62702576
13511055790585, 62542001
13511118448027, 86446053
13511205068096, 63833623
13511269017497, 68308294
13511337449868, 72123082
13511409697047, 59791706
13511469607206, 58998437
13511528746312, 64692193
13511593561769, 58762639
13511652441853, 63774494
13511716336437, 60198188
13511776649228, 64280577
13511841044162, 68296643
13511909453972, 67305526
13511976873402, 90155368
13512067145793, 65467578
13512132735451, 64287055
13512197147621, 63158785
13512260431922, 59334454
13512319891574, 58529407
13512378543937, 94702208
13512473368893, 60423688
13512533918579, 58293216
13512592371668, 61782418
13512654318701, 61884847
13512716364921, 60506271
13512777077210, 64162964
13512841497329, 71576907
13512913336598, 71593846
13512985083434, 58705512
13513043873467, 67850983
13513111806291, 61731333
13513173623922, 60792069
13513234502978, 58902709
13513293493454, 60565607
13513354144096, 59321770
13513413548351, 64815367
13513478444755, 81492552
13513560038333, 61360317
13513621481799, 61810265
13513683376502, 64527220
13513747986138, 61978951
13513810046021, 62506350
13513872628789, 76879537
13513949592639, 61201952
13514010877982, 58345752
13514069307971, 68113930
13514137507414, 61205828
13514198797281, 65471196
13514264351329, 58389762
13514322821951, 56450205
13514379355693, 60071190
13514439508890, 93301219
13514532897909, 63810020
13514596791968, 61084548
13514657962754, 65083501
13514723131803, 77675667
13514800894310, 57907535
13514858886732, 58583542
13514917551973, 58048058
13514975682333, 62125910
13515037894269, 60911705
13515098886429, 62877097
13515161844047, 61992275
13515223917628, 60313414
13515284312291, 58769095
13515343163958, 63184477
13515406429962, 56848060
13515463361655, 58427966
13515521866565, 57137535
13515579077201, 63840015
13515642992561, 57339095
13515700414020, 59918074
13515760411586, 66226189
13515826723442, 60679299
13515887486107, 58673285
13515946243407, 85943921
13516032269333, 62671364
13516095023358, 62684349
13516157789337, 58819217
13516216688882, 93438336
13516310223191, 62395337
13516372702649, 59054293
13516431837842, 87567537
13516519491286, 57681872
13516577259725, 56866171
13516634207879, 59418990
13516693707774, 61847838
13516755638088, 67870457
13516823590533, 59941391
13516883608901, 71202124
13516954890413, 100518613
13517055492566, 65546503
13517121119822, 65334024
13517186535912, 59579205
13517246194624, 61555824
13517307832392, 62264364
13517370177323, 73446820
13517443707030, 56192807
13517499986120, 58304825
13517558377061, 60914301
13517619374743, 63324642
13517682785612, 60407727
13517743279554, 60273899
13517803637339, 64187027
13517867907421, 59916642
13517927901740, 75149835
13518003125789, 63564287
13518066758707, 58478021
13518125300283, 61250330
13518186615264, 60461822
13518247137248, 78458032
13518325662607, 62086828
13518387817085, 58909332
13518446792664, 58152425
13518505011190, 60977443
13518566059617, 57352130
13518623488614, 59756333
13518683330673, 62134752
13518745546059, 59967671
13518805590451, 61123614
13518866793914, 61798944
13518928675003, 80328482
13519009084817, 95792204
13519104966815, 63262470
13519168312035, 62617328
13519231012526, 58625084
13519289723284, 87859778
13519377668658, 60706507
13519438457723, 62394233
13519500928001, 63361941
13519564365377, 64883045
13519629333427, 61110851
13519690527738, 57187980
13519747801565, 56647552
13519804531068, 56906633
13519861522627, 60903956
13519922499452, 60880683
13519983448686, 56958311
13520040488389, 63889216
13520104462229, 62415660
13520166960989, 62667840
13520229712680, 67999250
13520297793446, 60166480
13520358058252, 59181059
13520417319748, 61269825
13520478675282, 62332617
13520541092782, 57457254
13520598638456, 96725224
13520695448414, 60165202
13520755700721, 74541421
13520830327824, 57963006
13520888374033, 60744640
13520949204429, 61561525
13521010850035, 62134478
13521073096836, 65006819
13521138246410, 72469219
13521210869139, 60355019
13521271268592, 61109200
13521332424820, 60840761
13521393321960, 69323884
13521462699343, 61924392
13521524679167, 59297697
13521584066650, 61059342
13521645183115, 57452769
13521702740475, 57219264
13521760037208, 58578737
13521818672109, 59778311
13521878506147, 61714955
13521940273072, 59006645
13521999330373, 65665256
13522065046264, 58457055
13522123554083, 62504547
13522186105348, 59788516
13522245937712, 57500993
13522303482241, 59540047
13522363076862, 57910331
13522421037828, 61093942
13522482184693, 56085420
13522538314808, 58982600
13522597327116, 60068855
13522657428770, 61030077
13522718505718, 59672494
13522778214913, 75351550
13522853602731, 59529696
13522913169039, 59541255
13522972756687, 108238610
13523081049925, 56959780
13523138052067, 58673926
13523196759631, 56523722
13523253310188, 58952934
13523312295308, 88582237
13523400935760, 65894656
13523466881427, 61307400
13523528236292, 57560517
13523585886997, 60832833
13523646823748, 62079768
13523708955013, 62836375
13523771844435, 59023194
13523830917576, 57776096
13523888746402, 61379347
13523950179662, 59665890
13524009889295, 89584413
13524099514187, 61322702
13524160871720, 59591214
13524220497804, 60207380
13524280737092, 73947134
13524354757246, 58890218
13524413699963, 75360021
13524489112048, 57135472
13524546304001, 59969501
13524606325652, 59432689
13524665796670, 61518738
13524727341947, 80010420
13524807374073, 57977428
13524865366596, 61062297
13524926442582, 62140163
13524988596324, 57204645
13525045815064, 55449787
13525101278644, 59628648
13525160921056, 61930535
13525222864844, 60974019
13525283852053, 60911850
13525344786759, 61105875
13525405910013, 58325323
13525464249317, 64877161
13525529140069, 59088095
13525588240904, 57816724
13525646070758, 56604417
13525702689681, 87144589
13525789848844, 64670202
13525854532519, 57282601
13525911828641, 58049257
13525969897765, 63065191
13526033000366, 62432706
13526095483211, 72458432
13526167995952, 58162558
13526226212875, 67023811
13526293288692, 57642191
13526351029336, 60929455
13526412052094, 59825715
13526471927677, 58358440
13526530305887, 56284334
13526586614193, 58807481
13526645460795, 92214829
13526737723763, 73014307
13526810785470, 62287043
13526873118278, 58433498
13526931595465, 58221341
13526989866783, 80836245
13527070758868, 59500753
13527130309150, 60179326
13527190536062, 60327078
13527250908222, 60010826
13527310960330, 58060742
13527369041412, 60466946
13527429522837, 58786810
13527488323256, 59631173
13527547968373, 60290718
13527608273402, 57377897
13527665665105, 61041109
13527726722259, 62346335
13527789083793, 120811763
13527909909852, 64875192
13527974801293, 61685984
13528036501879, 62131536
13528098647295, 57110344
13528155770956, 58020290
13528213805057, 56645846
13528270464392, 54975165
13528325453852, 56417710
13528381884728, 60827599
-------------
---init---
13495980104312, 232271571
-------------
---commit---
13528442905993, 13556474574
-------------
--------->>>>0<<<<---------