---updates---
5530405829984, 126485036
5640353830284, 71685563
-------------
---reads---
5421179723032, 10142076595
5431321882356, 8150466386
5439472531571, 8225554250
5447698185716, 8327925348
5456026281474, 8217840435
5464244190857, 8262566290
5472506843121, 8248468789
5480755375034, 8236399109
5488991941669, 8199663454
5497191699016, 8213617100
5505405457288, 8305593717
5513711181854, 8394593173
5522105893558, 8299803776
5530532429931, 8372242286
5538904809119, 8323882081
5547228883235, 8336645927
5555565658199, 8362478348
5563928192112, 8352899183
5572281155928, 8311244203
5580592474607, 8484498912
5589077021783, 8519404547
5597596481150, 8390605006
5605987164615, 8641300032
5614628563171, 8450161833
5623078780169, 8559011836
5631637848180, 8715883690
5640425581922, 8435002046
5648860642519, 8643730113
5657504431296, 8397262235
5665901748214, 8159601535
-------------
---init---
5420557838127, 621777463
-------------
---commit---
5674061552835, 5440017803
-------------
--------->>>>0<<<<---------