---updates---
5632817433190, 68244168
-------------
---reads---
5424637187943, 8421501217
5433058871771, 8218710841
5441277803095, 8335604329
5449613581460, 8504802519
5458118561021, 8171871210
5466290591749, 8268025537
5474558836660, 8327333056
5482886341192, 8250582327
5491137083777, 8184275297
5499321476968, 8273086234
5507594716739, 8234635203
5515829449573, 8254182958
5524083782225, 8214434063
5532298357509, 8247242210
5540545706309, 8820216894
5549366078175, 8332810587
5557698947294, 8305635400
5566004658285, 8370402947
5574375137367, 8585908472
5582961113533, 8397202772
5591358381771, 8233108123
5599591563983, 8352888172
5607944505223, 8330269985
5616274893384, 8216198920
5624491150828, 8326180982
5632885743833, 8451195318
5641336996758, 8547892693
5649884946073, 8485968398
5658370971657, 8303742012
5666674774759, 8340512639
-------------
---init---
5420565375099, 4071643992
-------------
---commit---
5675015471903, 10875990881
-------------
--------->>>>0<<<<---------