---updates---
13027826776487, 670676727
13038122421210, 71757474
13046999889655, 513232901
13047513196222, 1024201997
13056995181178, 507219558
13074686639102, 62679757
13083390458952, 132380557
13083523000078, 90731946
13083613849014, 69132863
13118684825849, 63452731
13118748389636, 61395921
13118809891005, 702469045
13128028573716, 67968672
13144991897781, 62601881
13145054600848, 61092793
13145115797311, 56729464
13154045556238, 70172101
-------------
---reads---
13028499114059, 9623140831
13038194325399, 8805421641
13048537521118, 8457527598
13057502474200, 8638154093
13066140695895, 8545824352
13074749433210, 8640881696
13083683067308, 8837973618
13092521365445, 8515869948
13101037340635, 9191643527
13110229038675, 8455674826
13119512421415, 8516052270
13128096617806, 8531176485
13136627875085, 8363923852
13145172597361, 8872845409
-------------
---init---
13027031008350, 795594202
-------------
---commit---
13154115910726, 62960264124
-------------
--------->>>>0<<<<---------