---updates---
13046754819222, 758866418
13072996641489, 67673513
13108003014994, 66054102
13108069180527, 59822428
13108129104056, 63833760
13116665911028, 94051559
13116760083135, 60320494
13116820507352, 61667301
13142182202743, 69986873
13159128913698, 66823564
13159195828325, 95599733
13159291533320, 61963294
13159353597461, 62743870
13167894314958, 63214454
-------------
---reads---
13027517700936, 10575761283
13038094035354, 8660682398
13047513757544, 8522209822
13056036157810, 8499306240
13064535595169, 8460890224
13073064471238, 8782819106
13081847446096, 9018065722
13090865663884, 8810527549
13099676280410, 8326626290
13108193007170, 8472793162
13116882250647, 8500123881
13125382459675, 8426701854
13133809242953, 8372856058
13142252258760, 8455039530
13150707380608, 8421390975
13159416410740, 8477797589
13167957602625, 8508635860
-------------
---init---
13027036704879, 480860178
-------------
---commit---
13176466402187, 729447101
-------------
--------->>>>0<<<<---------