---updates---
5601496293199, 69201410
-------------
---reads---
5420859596947, 10434601702
5431294323684, 8396286126
5439690744872, 8279084301
5447969928409, 8154704353
5456124798045, 8212296909
5464337271507, 8250546721
5472587878935, 8167361613
5480755338576, 12143198810
5492898702467, 8304524454
5501203318171, 8249333341
5509452802635, 8288423993
5517741370921, 8245867498
5525987390839, 8482101733
5534469637460, 8302705621
5542772488918, 8309134261
5551081823012, 8170548986
5559252461684, 8237428670
5567489966738, 8558226431
5576048270265, 8618520890
5584666871360, 8545266028
5593212209233, 8283978394
5601565570556, 8443142327
5610008787268, 8330904330
5618339748805, 8691317424
5627031135720, 8409419279
5635440613675, 8372905612
5643813578548, 8475101839
5652288737048, 8625780669
5660914575514, 8514199092
5669428831815, 8613885820
-------------
---init---
5420544356893, 311779483
-------------
---commit---
5678042899472, 244057671
-------------
--------->>>>0<<<<---------