---updates---
5431314931352, 68359064
-------------
---reads---
5421031879488, 10282960556
5431383367062, 8150927204
5439534393667, 8100635804
5447635208096, 8325947848
5455961329647, 8254747034
5464216263177, 8266608709
5472483035724, 8202068995
5480685267958, 8333939453
5489019301217, 8079459283
5497098921665, 8166847918
5505265984298, 8060197642
5513326335566, 8186809944
5521513295112, 8051974438
5529565429082, 8123963290
5537689545384, 8247235303
5545936925637, 8429010317
5554366081233, 8384578210
5562750819321, 8698204911
5571449103527, 8310721779
5579759901042, 8304125997
5588064104814, 8448213971
5596512394123, 8306980732
5604819451147, 8283279444
5613102805612, 8532689318
5621635554416, 8536639333
5630172255421, 8624082096
5638796403900, 8669262425
5647465725940, 8706003920
5656171795725, 8647739039
5664819594368, 8740676696
-------------
---init---
5420571246500, 460516041
-------------
---commit---
5673560464516, 5434367093
-------------
--------->>>>0<<<<---------