---updates---
5524007795464, 71286663
5666624694344, 64726999
-------------
---reads---
5420893223843, 10393071287
5431287485113, 8374577529
5439662142697, 8334601441
5447996830338, 8589602037
5456586572917, 8343466383
5464930197758, 8373658630
5473303989700, 8816322741
5482120474686, 8496562983
5490617182080, 8393230011
5499010562298, 8335128753
5507345838654, 8342047734
5515688045632, 8319578326
5524079219316, 8231838842
5532311158853, 8273321492
5540584623996, 8285706962
5548870416599, 8582302700
5557452805373, 8415654577
5565868534287, 8524726381
5574393307798, 8319183246
5582712556508, 8394711917
5591107321637, 8278598766
5599385994766, 8307597010
5607693665682, 8424362836
5616118076428, 8379383586
5624497510289, 8403674448
5632901227696, 8614352486
5641515626667, 8282084796
5649797755222, 8425021005
5658222820100, 8401797644
-------------
---init---
5420583049772, 310000501
-------------
---commit---
5666689563379, 11866489422
-------------
--------->>>>0<<<<---------