---inserts---
12460927680043, 181556892
12461116866565, 68935470
12461186011407, 65699758
12461251888971, 107264856
12461359330879, 66195569
12461425690713, 65887233
12461491742303, 60354481
12461552269327, 66468954
12461618904132, 69145001
12461688239040, 66421917
12461754827275, 65757007
12461820742922, 62154997
12461883067531, 61121145
12461944367319, 62837656
12462007368325, 68830778
12462076359923, 58013849
12462134541859, 62695225
12462197397364, 63513305
12462261072135, 62187496
12462323411705, 60530098
12462384156738, 62712588
12462447030511, 59510900
12462506708275, 59816941
12462566686107, 59346150
12462626190242, 65209767
12462691593306, 92332845
12462784153099, 61032335
12462845342132, 62329452
12462907822290, 61481177
12462969458420, 61118797
12463030736321, 62424809
12463093337522, 59995140
12463153492704, 58929856
12463212573127, 71271546
12463284030275, 62699498
12463346890906, 64809749
12463411858266, 64820459
12463476831553, 62272794
12463539262331, 60833742
12463600251705, 62155854
12463662561836, 61948932
12463724658590, 59448123
12463784262644, 66344539
12463850763046, 77545901
12463928464231, 66418941
12463995031268, 61444611
12464056627395, 61823537
12464118602623, 60211502
12464179001187, 101026512
12464280181168, 60976355
12464341313938, 63586590
12464405079062, 58972580
12464464205087, 62540723
12464526892799, 62390592
12464589432567, 61033061
12464650611943, 60627929
12464711403138, 93662914
12464805219464, 60082570
12464865454456, 105063089
12464970670970, 64937168
12465035760149, 56230120
12465092151071, 65589598
12465157894648, 65274179
12465223365021, 60729849
12465284301741, 61918608
12465346367941, 62165332
12465408687728, 64806359
12465473641402, 81321179
12465555120187, 59771308
12465615037477, 59576247
12465674768765, 63172867
12465738090256, 61584820
12465799829945, 60207138
12465860187331, 60072866
12465920416099, 91443525
12466012019888, 62943098
12466075115608, 61592422
12466136855747, 61102891
12466198116450, 62309439
12466260579125, 56620422
12466317356457, 63273387
12466380775006, 58840541
12466439772216, 62681477
12466502603051, 86070590
12466588828655, 62774292
12466651747091, 65853668
12466717800163, 64106649
12466782050128, 59349868
12466841549223, 62085270
12466903773760, 63437106
12466967357529, 65037112
12467032528447, 57595895
12467090261708, 61985013
12467152371288, 61621717
12467214130577, 63658583
12467277966889, 60282939
12467338400781, 70194056
12467408719862, 63998364
12467472846169, 59399249
12467532381079, 60746725
12467593280924, 59611264
12467653037264, 68692769
12467721887936, 62571345
12467784596594, 65688405
12467850433424, 58306169
12467908889767, 58519442
12467967558204, 60237210
12468027948547, 60785231
12468088888887, 62611548
12468151663604, 59660819
12468211475197, 57778009
12468269394887, 62025351
12468331568102, 60450785
12468392156351, 64517559
12468456826408, 66863030
12468523833705, 61592553
12468585567204, 60536914
12468646237729, 61606660
12468707981740, 63089779
12468771203797, 59354174
12468830696749, 61997546
12468892821186, 59476117
12468952424099, 60720181
12469013296780, 62115101
12469075589697, 63295014
12469139040120, 66239012
12469205440800, 96229330
12469301840963, 61744717
12469363773379, 57845214
12469421749618, 57845673
12469479693019, 60059411
12469539842672, 59981532
12469599936613, 62394369
12469662440128, 59128769
12469721734779, 60421909
12469782287337, 59100220
12469841522708, 60565267
12469902207042, 63763700
12469966094225, 63489275
12470029704785, 97595956
12470127436097, 58901851
12470186459054, 70139910
12470256736252, 64129023
12470320983590, 60533310
12470381625427, 61706719
12470443436342, 66787033
12470510337309, 56844234
12470567277903, 66198641
12470633586505, 58729708
12470692423714, 96910686
12470789462613, 59841589
12470849431876, 60374454
12470909928926, 60687708
12470970713651, 60672976
12471031488852, 60505415
12471092106816, 63364372
12471155558836, 59539581
12471215169401, 56478142
12471271724323, 139967847
12471411832331, 60012027
12471471982700, 73583447
12471545705683, 56590743
12471602426041, 58453867
12471660991598, 64427729
12471725553394, 61484852
12471787184417, 63520116
12471850857443, 56138106
12471907138086, 59731097
12471967010673, 58815174
12472025949312, 63421138
12472089490668, 57870998
12472147476282, 68574395
12472216173905, 64289390
12472280592264, 60870442
12472341605112, 62468634
12472404250722, 61832905
12472466216745, 59106693
12472525413701, 64467357
12472589980360, 93121498
12472683211185, 61179429
12472744513893, 59718371
12472804358629, 64764659
12472869249353, 61075112
12472930445817, 62192461
12472992756553, 62857399
12473055735977, 62702857
12473118561515, 61080723
12473179763936, 64269464
12473244161261, 100214507
12473344516255, 55987676
12473400635310, 59905748
12473460677427, 60495764
12473521307589, 62254956
12473583690248, 62193165
12473646015526, 60584214
12473706732470, 61525805
12473768392836, 58065092
12473826587286, 62085120
12473888807387, 67066845
12473956010804, 57366907
12474013498992, 60061662
12474073685432, 97998945
12474171819658, 58755541
12474230708226, 89116019
12474319986571, 66274378
12474386471916, 62787339
12474449384197, 65630257
12474515140802, 59547856
12474574816112, 62485222
12474637428399, 62972688
12474700527084, 104441246
12474805092867, 61146165
12474866366513, 63599231
12474930092834, 92610489
12475022830474, 63252268
12475086199945, 60488414
12475146797855, 62289742
12475209196371, 56332899
12475265616621, 60728771
12475326441443, 60414244
12475386957096, 67104376
12475454183423, 61947645
12475516248162, 59836640
12475576198930, 56643857
12475632953117, 59083339
12475692154407, 61991618
12475754271123, 72625827
12475827028018, 59093731
12475886247128, 63222752
12475949596919, 59077432
12476008859987, 58091398
12476067071435, 62677628
12476129873419, 59950899
12476189947750, 61199681
12476251272472, 65029727
12476316455180, 59742447
12476376324248, 59166636
12476435612397, 59769998
12476495507202, 65640235
12476561265327, 63532479
12476624920263, 63976819
12476689018552, 68875166
12476758015586, 63207001
12476821344562, 61406266
12476882875825, 61358078
12476944356614, 61681694
12477006155501, 60110419
12477066388288, 62830949
12477129339412, 56720758
12477186179489, 60988905
12477247289480, 60094205
12477307534767, 87603188
12477395305763, 65094976
12477460557657, 73223312
12477533987538, 61759645
12477595983578, 60195523
12477656511611, 99873454
12477756540774, 59660220
12477816284178, 64998250
12477881363332, 59608743
12477941055866, 92699654
12478033838916, 60171445
12478094093515, 60092190
12478154260646, 57957498
12478212297161, 57760045
12478270136696, 59964583
12478330184149, 58642673
12478388903887, 56121686
12478445096830, 57601611
12478502755344, 59295365
12478562116258, 57634362
12478619820552, 77176180
12478697077327, 55882405
12478753034236, 59648382
12478812753004, 60017659
12478872829533, 59538806
12478932421020, 62902546
12478995371237, 62639184
12479058056143, 55800891
12479113905614, 62328032
12479176282427, 60876091
12479237205625, 56332446
12479293608468, 59866631
12479353541784, 61704561
12479415312473, 61741485
12479477112401, 62018663
12479539202191, 57287872
12479596569096, 61407755
12479658049068, 58901151
12479717022593, 58014975
12479775099817, 59125898
12479834293180, 61016614
12479895373698, 61040464
12479956475766, 60334358
12480016870005, 81643118
12480098576687, 59543024
12480158190307, 61459435
12480219712090, 70461343
12480290244209, 60378696
12480350677620, 59099137
12480409831348, 60491838
12480470380563, 57380655
12480527812669, 89852954
12480617718278, 53369749
12480671133098, 57203520
12480728385849, 61951848
12480790388474, 57059718
12480847503303, 60060948
12480907618169, 62942858
12480970613266, 60699164
12481031364288, 59456095
12481090873764, 60064708
12481150994392, 57239008
12481208289786, 59694990
12481268069663, 72043659
12481340172016, 62597275
12481402832975, 64117563
12481467007316, 64417782
12481531482331, 58981004
12481590520448, 58402662
12481648979784, 58307836
12481707353303, 63814215
12481771224985, 56877647
12481828160370, 57701183
12481885918871, 83241547
12481969217294, 65093348
12482034369576, 60196460
12482094624780, 72064588
12482166747050, 57406419
12482224211120, 62337406
12482286605243, 60072509
12482346733547, 56345457
12482403135316, 60689721
12482463891086, 55631370
12482519579082, 57168432
12482576803096, 59748659
12482636610094, 93241130
12482729910875, 64969535
12482794937622, 59208774
12482854203473, 58245036
12482912516709, 59751854
12482972335809, 61182501
12483033586667, 62690856
12483096335013, 58660913
12483155054318, 68621180
12483223732173, 58336966
12483282124160, 95165518
12483377346192, 58352456
12483435754241, 63126561
12483498935970, 61950572
12483560944890, 57292775
12483618292905, 59441742
12483677792766, 57700791
12483735547314, 56311763
12483791912936, 64007355
12483855976250, 57754581
12483913799048, 62357913
12483976216401, 58451423
12484034725382, 59581121
12484094364515, 60268113
12484154690739, 61450298
12484216197057, 67959563
12484284213150, 63932938
12484348198948, 58265006
12484406517261, 114387183
12484520960684, 60606644
12484581624792, 65283400
12484646960824, 62282562
12484709296760, 126051176
12484835406492, 112474286
12484947940764, 113081130
12485061079777, 129107261
12485190253605, 60401811
12485250710521, 58370096
12485309136148, 60572303
12485369764458, 62815624
12485432636127, 62593428
12485495286874, 74408635
12485569753130, 59180118
12485628987912, 58494976
12485687537326, 59034224
12485746626794, 60387792
12485807067201, 64170234
12485871327000, 56602187
12485928061872, 62227840
12485990410023, 61391744
12486051837490, 60224984
12486112096760, 98322926
12486210456522, 60652043
12486271143009, 63173213
12486334352152, 58871450
12486393259246, 60778255
12486454073009, 60858183
12486514965604, 62014733
12486577014831, 63354115
12486640403025, 63647562
12486704087079, 56661444
12486760782675, 59514575
12486820333689, 58689852
12486879061688, 62452770
12486941550399, 56446883
12486998029237, 59133830
12487057197441, 58466078
12487115695574, 62832613
12487178561154, 56497173
12487235091694, 58002820
12487293129432, 59190999
12487352359123, 62340823
12487414738952, 56952493
12487471728642, 60353791
12487532118211, 61999963
12487594152768, 59493356
12487653683810, 86463058
12487740182929, 68744151
12487808964342, 101340608
12487910343135, 62804169
12487973184202, 64472899
12488037704803, 64756590
12488102499604, 61014640
12488163551123, 68808656
12488232397168, 59416267
12488291850501, 63716134
12488355604263, 75895706
12488431540778, 67067747
12488498687333, 63609368
12488562334868, 59264207
12488621636871, 61476507
12488683149980, 98112471
12488781300613, 60093786
12488841429959, 59222817
12488900690111, 58941250
12488959668192, 58855691
12489018561615, 67170188
12489085769080, 64587724
12489150394678, 61908036
12489212349948, 61413727
12489273839018, 61938042
12489335840796, 57620268
12489393526661, 65865653
12489459429589, 66234088
12489525701258, 63402981
12489589140014, 74460794
12489663636742, 61183577
12489724855612, 60441259
12489785331761, 60647141
12489846016470, 59582095
12489905635029, 66954434
12489972625899, 60515095
12490033176337, 63908832
12490097119934, 60564109
12490157720210, 65139259
12490222895928, 63821951
12490286753727, 65473810
12490352261650, 71168885
12490423481019, 93622599
12490517157498, 60956951
12490578165088, 61810671
12490640044620, 59459833
12490699555897, 60538290
12490760143865, 62052220
12490822246088, 102543439
12490924842796, 71790965
12490996685481, 78220673
12491074956097, 65063119
12491140069886, 63019664
12491203139331, 65296023
12491268488978, 65686448
12491334224072, 61900116
12491396176342, 60165280
12491456391585, 66851924
12491523297617, 60519901
12491583869714, 61619497
12491645540208, 79976272
12491725567510, 71212322
12491796829405, 73683394
12491870562935, 60911413
12491931526850, 58018628
12491989596890, 59242531
12492048891103, 57886366
12492106828125, 68263145
12492175143826, 59728014
12492234922239, 63825735
12492298799499, 57286866
12492356134109, 61337923
12492417524281, 60792568
12492478366552, 63233508
12492541651678, 59936947
12492601640327, 109603733
12492711294814, 58678097
12492770022571, 57823782
12492827896636, 59047728
12492886991787, 64540832
12492951584849, 58848143
12493010480899, 60339895
12493070871894, 77316296
12493148238586, 63812336
12493212100872, 60447922
12493272597331, 58827842
12493331477966, 57992199
12493389522850, 57406300
-------------
---init---
12460671029282, 253133118
-------------
---commit---
12493447215311, 13965721993
-------------
--------->>>>0<<<<---------