---updates---
5421770381727, 176315883
5480709780828, 65001859
5480774958666, 58311019
5582194133025, 64089654
-------------
---reads---
5421954345403, 9359872640
5431314358832, 8111454908
5439425989005, 8516185690
5447942276377, 8214520413
5456156866930, 8152729398
5464309763059, 8189489537
5472499415432, 8210190473
5480833408597, 8612506945
5489445993026, 8495913870
5497942055327, 8418907999
5506361086162, 8358967536
5514720261437, 8472826777
5523193231382, 8647211557
5531840542594, 8454073490
5540294753996, 8381361533
5548676217530, 8537721674
5557214026211, 8302464150
5565516564028, 8306727119
5573823367804, 8370619885
5582258302171, 8423519149
5590681886834, 8361129028
5599043088481, 8426140888
5607469282989, 8824015638
5616293340392, 8397945065
5624691326201, 8656278295
5633347665097, 8519160577
5641866863556, 8767705413
5650634627626, 8913077524
-------------
---init---
5420577186516, 1192778630
-------------
---commit---
5659547924766, 29062024085
-------------
--------->>>>0<<<<---------