---updates---
5590324197694, 64651506
-------------
---reads---
5421411663825, 9875266079
5431287575151, 8333541698
5439621247578, 8355294187
5447976670388, 8356921425
5456333762516, 8490175061
5464824076054, 8445743903
5473269951960, 8482397027
5481752477955, 8395343443
5490147992491, 8250055634
5498398174471, 8227935625
5506626293146, 8425622501
5515052046260, 8239998248
5523292158349, 8294451009
5531586727841, 8478382033
5540065222395, 8263292627
5548328605391, 8292328636
5556621000547, 8317597837
5564938654008, 8303818654
5573242529194, 8517168108
5581759750729, 8564362731
5590388910354, 8396446996
5598785412743, 8488834270
5607274301612, 8393842907
5615668190775, 8471951596
5624140187438, 8463180054
5632603410726, 8560374031
5641163842005, 8380503144
5649544388821, 8391472437
5657935917760, 8349446460
5666285423976, 9324428727
-------------
---init---
5420590837616, 820698702
-------------
---commit---
5675610040696, 9066738223
-------------
--------->>>>0<<<<---------