---updates---
5580960983224, 65217681
5589794368088, 73892636
-------------
---reads---
5420973683198, 10313259556
5431287542235, 8329399388
5439617103435, 8206937372
5447824143728, 8496967698
5456321247951, 8247521193
5464568927922, 8226728893
5472795717605, 8478657956
5481274537036, 8377156968
5489651784248, 8245499511
5497897370986, 8330259840
5506227747505, 8226727203
5514454579599, 8272330613
5522726994290, 8311396093
5531038540182, 8323177461
5539361818789, 8260510945
5547622529428, 8283124300
5555905800250, 8253644359
5564159523984, 8315305303
5572474877787, 8486020035
5581026281709, 8767974053
5589868342658, 8344909910
5598213327172, 8549823396
5606763226869, 8338012068
5615101355763, 8420653165
5623522068424, 8426854577
5631948982301, 8563608840
5640512637782, 8485484071
5648998170414, 8720785912
5657719015692, 8395767718
5666114840422, 8281230668
-------------
---init---
5420585007644, 388535292
-------------
---commit---
5674396243104, 4359841444
-------------
--------->>>>0<<<<---------