---updates---
13028560147220, 947462295
13029507763670, 64197757
13029572165099, 926089422
13064211277254, 66341691
13064277693196, 221080425
13072913616254, 68721519
13081406476689, 120264896
13090372182864, 66810719
13107247637953, 61816703
13116131014649, 63829578
13124614889677, 71344812
13124686311595, 58060355
13133067456776, 62587511
13141477871626, 58169558
13141536103150, 57831746
13141593988244, 89065118
13150185831881, 67868607
-------------
---reads---
13030498424797, 8426498206
13038925102792, 8598823608
13047523995727, 8370305979
13055894374734, 8316784870
13064498826697, 8414653958
13072982466942, 8423893620
13081526828532, 8845222151
13090439061951, 8517574589
13098956698497, 8290859709
13107309499005, 8821436258
13116194897748, 8419915696
13124744433834, 8322947380
13133130074878, 8347704549
13141683094201, 8502649003
13150253746644, 8901247400
-------------
---init---
13027042192081, 1517816979
-------------
---commit---
13159155167396, 55094950227
-------------
--------->>>>0<<<<---------