---updates---
13038122896386, 69859890
13046815182428, 689977295
13056013786614, 493330633
13056507171532, 60095887
13056567325523, 57373808
13065249234220, 69974636
13082559634189, 63219679
13082622927938, 62654349
13082685651688, 59127949
13082744834712, 62438349
13100268363599, 238534394
13100506972043, 60024474
13110303190774, 64836321
13118986018841, 520079450
13119506173533, 65050707
13136824157555, 61920121
13136886141169, 65409097
-------------
---reads---
13027336996464, 10785799912
13038192898473, 8622185552
13047505215804, 8508510842
13056624752946, 8624404381
13065319259652, 8583386569
13073902757366, 8656751470
13082807321644, 8983857613
13091791286215, 8476994764
13100567030643, 9736082066
13110368065719, 8617874742
13119571276866, 8590003597
13128161334908, 8662745585
13136951573002, 8582766530
13145534397374, 12587561664
-------------
---init---
13027011395837, 322259319
-------------
---commit---
13158122115172, 651310883
-------------
--------->>>>0<<<<---------