---inserts---
7924751728104, 168668766
7924926156572, 61035787
7924987263925, 61198071
7925048515291, 80622016
7925129192388, 61946464
7925191193466, 64156110
7925255404363, 59574964
7925315037350, 59464967
7925374556807, 66441846
7925441050568, 75110122
7925516215390, 68971479
7925585238592, 61991345
7925647288061, 59901691
7925707241211, 62812494
7925770107212, 58607236
7925828766264, 64102352
7925892921956, 62872461
7925955845684, 59576501
7926015480905, 59331664
7926074864100, 59720978
7926134653115, 62355841
7926197059562, 57649147
7926254766666, 65013757
7926319830839, 64802158
7926384686705, 59605807
7926444366579, 61279483
7926505716982, 62127847
7926567894807, 82028902
7926649972286, 60426811
7926710445384, 56194628
7926766689957, 63178769
7926829929344, 59579004
7926889560324, 60086988
7926949693217, 59570554
7927009312284, 57870875
7927067230112, 59361791
7927126640680, 62579192
7927189266601, 58957685
7927248274041, 63284851
7927311604914, 63843903
7927375521091, 62071616
7927437650817, 57970082
7927495668826, 62050191
7927557768360, 58640270
7927616456123, 84092123
7927700595528, 59681451
7927760325521, 62956417
7927823355253, 63281841
7927886685510, 62826948
7927949557490, 59794165
7928009399504, 65202767
7928074663428, 58084350
7928132796037, 62902588
7928195744054, 81283308
7928277074902, 62912088
7928340069985, 56034797
7928396173995, 67538696
7928463758211, 60036299
7928523841716, 58929583
7928582816334, 57061478
7928639925164, 58314008
7928698286892, 62586854
7928760921299, 97401504
7928858368340, 58141906
7928916575166, 61397607
7928978019957, 60727191
7929038794631, 88065872
7929126906278, 64098098
7929191051634, 61867929
7929252966461, 60724342
7929313737730, 63243978
7929377027116, 61348336
7929438423457, 69692302
7929508160610, 80925287
7929589133239, 59257020
7929648435061, 62049910
7929710531468, 58472209
7929769048572, 62528014
7929831623414, 68838962
7929900507494, 60124296
7929960677568, 60024432
7930020746437, 61677515
7930082469830, 61285136
7930143797996, 77714203
7930221558732, 62917609
7930284520383, 56131078
7930340708734, 60621033
7930401375008, 62214579
7930463636256, 56970833
7930520651881, 58074704
7930578773777, 62292647
7930641110467, 57468474
7930698624455, 97281230
7930795951485, 64412612
7930860411029, 61912335
7930922382621, 61150824
7930983578499, 57977651
7931041599265, 64103914
7931105748019, 59787355
7931165580937, 58748467
7931224376627, 60827473
7931285315523, 55460553
7931340852719, 60213773
7931401114610, 57517129
7931458679370, 63530642
7931522254917, 60047587
7931582349951, 62372454
7931644769748, 60381773
7931705198047, 86638298
7931791911386, 63695153
7931855654703, 76192655
7931931891244, 74643911
7932006581199, 60292629
7932066917163, 57349224
7932124318337, 60145474
7932184509796, 59655919
7932244211578, 59290402
7932303548674, 60497467
7932364097028, 60065307
7932424211567, 62858345
7932487118658, 64098391
7932551262292, 66512158
7932617825403, 60867264
7932678743548, 55419380
7932734228855, 60683075
7932794961156, 68724366
7932863736067, 60495752
7932924287100, 62025404
7932986396087, 62651913
7933049108460, 95385586
7933144540806, 61412631
7933205998398, 62756105
7933268801447, 58869514
7933327716087, 63190756
7933390954058, 59606546
7933450605436, 94003009
7933544655913, 61123503
7933605824231, 60664192
7933666534620, 64439289
7933731018464, 61942863
7933793008535, 59115851
7933852169831, 60431653
7933912647612, 56476161
7933969167868, 58247897
7934027461479, 62311789
7934089818518, 58629380
7934148494228, 78804239
7934227342052, 74945601
7934302334750, 55780454
7934358159070, 56152526
7934414358304, 61738665
7934476145019, 67103840
7934543295040, 58808791
7934602147241, 63007196
7934665201318, 66271596
7934731517321, 81256749
7934812819682, 57067460
7934869931953, 61515681
7934931493059, 62644473
7934994180801, 56918139
7935051144624, 58306822
7935109495619, 61565589
7935171107541, 57895532
7935229047572, 60073267
7935289167520, 60667433
7935349879307, 62100861
7935412047581, 92876187
7935504968216, 59953732
7935564968779, 68779467
7935633791338, 63139784
7935696978125, 61320749
7935758344094, 59688378
7935818078641, 72341587
7935890465084, 56578981
7935947089838, 59937786
7936007090102, 59015740
7936066161617, 60703678
7936126907291, 68256980
7936195205073, 60638372
7936255882816, 58636794
7936314560389, 60107555
7936374707652, 60733700
7936435484965, 66673221
7936502199206, 60726045
7936562965522, 62717138
7936625722791, 64311541
7936690076195, 56819660
7936746938294, 61036540
7936808034424, 54904319
7936862981540, 62934604
7936925957073, 60930383
7936986927710, 100524461
7937087493678, 61258088
7937148792532, 66199899
7937215033608, 59259761
7937274333734, 60406707
7937334782319, 61284194
7937396106392, 62151486
7937458299397, 57055887
7937515395144, 57347350
7937572789583, 61530610
7937634359977, 61757828
7937696159332, 63678783
7937759877794, 58553248
7937818487637, 57904360
7937876484983, 61189503
7937937713729, 90993395
7938028745015, 86797150
7938115581183, 64857480
7938180475099, 65934049
7938246451061, 61864866
7938308353930, 63104254
7938371496833, 61041868
7938432576868, 60883692
7938493497962, 71975390
7938565520546, 75874309
7938641433120, 60179234
7938701650028, 56996663
7938758687453, 65006919
7938823736024, 62458048
7938886231290, 63776688
7938950046087, 61624661
7939011707448, 60728150
7939072473674, 60793336
7939133304072, 71196912
7939204538796, 62884529
7939267460561, 60209750
7939327707647, 58876229
7939386622502, 88576512
7939475236886, 56639478
7939531934981, 56912774
7939588884715, 59722556
7939648644338, 66324862
7939715006763, 58168570
7939773212493, 61819748
7939835083494, 65692418
7939900813088, 69110289
7939969960262, 61179979
7940031176276, 69167239
7940100379182, 62195071
7940162609761, 76381985
7940239027389, 65561855
7940304629039, 78440552
7940383104802, 70378392
7940453520000, 62950134
7940516505881, 61748436
7940578291151, 60248414
7940638575702, 71787064
7940710399666, 61892972
7940772328505, 57996272
7940830360462, 64718065
7940895132033, 62136650
7940957327683, 89348912
7941046730762, 61134852
7941107951277, 57806749
7941165846151, 60750511
7941226735217, 62861522
7941289692759, 60083126
7941349799442, 60456496
7941410277388, 64127743
7941474427098, 60269925
7941534718116, 63228660
7941597968771, 71294126
7941669283873, 96623851
7941765929800, 92037169
7941857988616, 61278640
7941919288766, 131057180
7942050369829, 65120573
7942115511703, 119922069
7942235455224, 62002056
7942297477957, 121876715
7942419375272, 121185340
7942540581733, 64076609
7942604679550, 123718005
7942728420223, 63874657
7942792316051, 61412991
7942853752760, 183798465
7943037573098, 125094269
7943162688455, 191725072
7943354435814, 126838091
7943481296427, 123266362
7943604584966, 64432705
7943669040095, 119340745
7943788403684, 76212927
7943864645341, 195122928
7944059789883, 76179261
7944135990845, 66486992
7944202499157, 128023376
7944330544577, 113923831
7944444490385, 55938475
7944500451496, 59987249
7944560460707, 190577211
7944751062039, 133479450
7944884562180, 121401203
7945005984113, 63487347
7945069491819, 122585778
7945192098675, 62653924
7945254773281, 126345865
7945381141197, 114479262
7945495647542, 64463471
7945560131518, 129254850
7945689407185, 113772885
7945803200911, 61690743
7945864911972, 60876969
7945925809496, 58307373
7945984136980, 57844072
7946042001897, 56195510
7946098217585, 57128694
7946155366750, 58642671
7946214030127, 57477875
7946271528739, 70909117
7946342458977, 59591222
7946402070583, 61270036
7946463361442, 60203148
7946523585866, 62753972
7946586361111, 58169153
7946644550986, 60613250
7946705185315, 68395966
7946773602515, 59207059
7946832830003, 64492042
7946897343464, 61574561
7946958938240, 57524601
7947016484223, 55438062
7947071942684, 61642427
7947133605644, 57129754
7947190756190, 55057453
7947245834067, 101206976
7947347062830, 63407952
7947410492857, 91943921
7947502458787, 58814151
7947561295412, 61033080
7947622350182, 61648129
7947684046455, 60483289
7947744557967, 54770962
7947799351417, 59557593
7947858931098, 61565559
7947920518307, 94508934
7948015051172, 65065591
7948080138772, 59197639
7948139357602, 56184489
7948195563754, 58861601
7948254446827, 67462711
7948321931126, 62564899
7948384519645, 58643842
7948443185377, 61794028
7948505000420, 60005751
7948565027591, 58578440
7948623626876, 57661626
7948681310262, 66896108
7948748227084, 59561749
7948807810244, 54943709
7948862774726, 66013002
7948928809756, 64774096
7948993606789, 66845155
7949060473345, 58226336
7949118720108, 57113777
7949175854196, 58399724
7949234274192, 59426591
7949293722951, 58996923
7949352741249, 62816388
7949415580046, 67484353
7949483087229, 63219449
7949546329043, 63236541
7949609588065, 58411556
7949668050897, 79453169
7949747543426, 58444583
7949806027890, 60589410
7949866649777, 59837752
7949926516629, 59874796
7949986413105, 59851570
7950046286953, 64433484
7950110744931, 55150413
7950165921719, 58371944
7950224315173, 100377181
7950324716037, 60246182
7950384988053, 54242446
7950439261184, 60152476
7950499436725, 56241797
7950555701194, 62759057
7950618483929, 60763628
7950679271611, 62713246
7950742006028, 83924705
7950825953159, 59762062
7950885770974, 60009317
7950945857912, 74130490
7951020095127, 61590318
7951081701668, 62968421
7951144689848, 58654819
7951203359375, 82602787
7951285976649, 62988444
7951348979130, 58611507
7951407609745, 61382775
7951469006600, 62592804
7951531612347, 57186104
7951588811973, 58363204
7951647194653, 60822007
7951708030760, 60621887
7951768666248, 56270836
7951824952162, 66441697
7951891406925, 54475258
7951945899578, 58244381
7952004161241, 61534670
7952065714046, 63343276
7952129070579, 60537164
7952189620960, 60023974
7952249658019, 58720989
7952308393006, 57515551
7952365923358, 79687841
7952445626116, 66624236
7952512268904, 64588727
7952576876325, 59412931
7952636308728, 57429565
7952693758359, 62273733
7952756051440, 60309532
7952816375751, 56797535
7952873187906, 62385879
7952935588295, 64443929
7953000046659, 86652769
7953086714320, 63071354
7953149799957, 84122042
7953233936870, 62055786
7953296019267, 62749531
7953358783561, 61280855
7953420109013, 62913490
7953483070863, 58690105
7953541775100, 56169864
7953597959091, 61027763
7953659000888, 62816843
7953721832439, 58502705
7953780349765, 62397541
7953842761756, 62041619
7953904817519, 62676419
7953967509080, 63753950
7954031277181, 64263992
7954095556416, 59487775
7954155065568, 60677478
7954215757709, 62525195
7954278297989, 58906426
7954337219294, 64034144
7954401267911, 60980560
7954462263805, 63729710
7954526007580, 59710753
7954585733212, 64005464
7954649753283, 57789674
7954707558547, 61829418
7954769401782, 93706728
7954863123546, 62937534
7954926075540, 64489621
7954990580168, 59970839
7955050565224, 58744435
7955109325073, 68402591
7955177741424, 62314487
7955240070765, 63618242
7955303703266, 66261604
7955369979400, 78681897
7955448675513, 61819675
7955510509693, 63025275
7955573549092, 77982048
7955651546032, 63075866
7955714637069, 60989826
7955775641570, 56219819
7955831876695, 59846070
7955891737695, 58406709
7955950158699, 60433039
7956010606511, 64160501
7956074782261, 70121398
7956144919220, 64948235
7956209905435, 64343182
7956274280439, 59317978
7956333624321, 66039497
7956399676645, 61910023
7956461599182, 63681158
7956525293292, 64678023
7956589983830, 59090982
7956649087927, 105385137
7956754487202, 61584605
7956816084895, 58628312
7956874725846, 57756438
7956932494868, 56851578
7956989359461, 59037760
7957048410128, 63225850
7957111648897, 61024545
7957172686251, 58433668
7957231132408, 58042753
7957289187732, 62702770
7957351903062, 61784827
7957413700825, 62220218
7957475933689, 64111254
7957540058561, 61102530
7957601173989, 61311575
7957662498814, 80638240
7957743150372, 60119330
7957803283023, 60377607
7957863673112, 101852870
7957965553599, 63861552
7958029427693, 59846260
7958089286650, 65322264
7958154621341, 65597032
7958220231963, 59325900
7958279570517, 61554846
-------------
---init---
7924523044063, 226033007
-------------
---commit---
7958341324547, 13821188648
-------------
--------->>>>0<<<<---------