parsing config file ./lvconfig39.conf
parsing done
<<<< begin once 
<<<<< redos: 0 >>>>>
<<<< commit once 
----- insert -----
4.35714
685.16
999.45
1001.78
998.546
999.606
1001.07
1000.08
1000.04
1000.49
1000.47
998.659
999.325
999.954
1000.01
996.301
999.676
1001.07
999.255
1000.48
999.596
1012.64
986.884
1000.24
999.796
999.729
1000.31
1145.62
854.431
999.873
1000.27
1000.5
999.806
999.948
999.396
1000.1
1000.12
999.824
1000.33
999.801
999.529
999.993
1000.72
1000.41
999.832
999.369
999.924
999.865
1001.09
998.909
1002.17
997.946
1000.43
999.467
1000.22
999.922
999.747
1000.05
999.881
1000.17
999.695
1000.97
1000.16
999.163
999.67
1000.43
999.807
1000.46
999.649
999.958
1000.46
999.718
999.935
999.895
1000.4
999.702
999.753
1000.85
998.858
999.869
1001.17
999.047
1000.3
999.346
1000.11
999.78
1001.41
998.832
999.842
1000.35
999.854
1000.31
999.089
1000.26
1000.36
999.621
1000.43
999.772
1002.07
998.707
----------------
insert (avg): 986.847
----------------
----- init -----
7.89836
----------------
init (avg): 7.89836
----------------
----- commit -----
13.0094
----------------
commit (avg): 13.0094
----------------
# Loading records:	100
skipping run
