parsing config file ./lvconfig18.conf
parsing done
<<<< begin once 
<<<<< redos: 0 >>>>>
<<<< commit once 
----- insert -----
4.31754
900.96
1002.89
1000.05
1000.58
999.453
997.883
1000.8
999.366
1001.14
998.692
1001.43
999.919
1001.15
998.017
1001.09
1000.63
999.622
999.408
1000.61
999.699
999.67
999.376
1000.06
1000.06
1000.06
1000.58
1000.19
1000.04
1000.44
998.913
998.902
1003.18
998.742
1002.64
997.887
999.507
1000.35
999.827
999.969
1000.01
1000.61
999.826
999.032
999.754
999.25
1001.92
998.496
1002.04
998.374
1001.73
998.736
999.957
998.131
1001.14
1000.66
1000.4
999.685
999.028
1000.42
998.299
1003.16
999.513
1001.89
996.085
1000.65
999.491
1002.23
997.654
1002
999.26
999.556
1000.03
1001.12
1001.06
997.817
998.197
1003.24
998.293
999.476
1001.28
1000.72
1002.4
999.227
1000.04
995.468
1002.27
998.956
999.474
999.925
1000.11
1001.58
998.056
1000.13
1005.43
996.166
999.917
1001.38
997.217
998.398
----------------
insert (avg): 989.045
----------------
----- init -----
12.6116
----------------
init (avg): 12.6116
----------------
----- commit -----
712.125
----------------
commit (avg): 712.125
----------------
# Loading records:	100
skipping run
