parsing config file ./lvconfig25.conf
parsing done
<<<< begin once 
<<<<< redos: 0 >>>>>
<<<< commit once 
----- insert -----
3.84397
950.051
1001.24
1000.31
1000.14
999.16
999.543
999.944
1001.72
998.233
999.212
1001.71
998.949
1001.14
998.84
1000.41
1000.95
999.656
999.815
999.996
1000.3
999.161
999.775
999.745
1001.79
997.929
1000.66
1000.29
1000.31
1000.56
998.204
999.485
1003.1
998.892
1002.83
997.667
999.996
999.081
998.843
1001.75
999.805
1001.17
999.602
998.455
999.802
999.902
1001.77
998.139
1000.85
999.621
1002.5
997.969
999.955
997.973
1001.29
1000.69
1000.71
998.341
1000.47
999.614
1001.19
1000.65
999.377
1002.01
997.052
999.66
999.859
1001.98
997.647
1001.92
998.837
998.427
1001.05
999.456
1009.04
994.715
996.808
1000.43
999.745
999.096
1001.81
1001.79
1001.17
999.551
999.681
997.165
1000.64
998.585
1000.43
999.361
1000.5
1001.01
998.281
1000.44
1005.01
995.673
1000.47
1000.98
998.135
998.161
----------------
insert (avg): 989.517
----------------
----- init -----
6.00762
----------------
init (avg): 6.00762
----------------
----- commit -----
533.241
----------------
commit (avg): 533.241
----------------
# Loading records:	100
skipping run
