parsing config file ./lvconfig13.conf
parsing done
<<<< begin once 
<<<<< redos: 0 >>>>>
<<<< commit once 
----- insert -----
3.59993
710.951
1002.15
999.987
1000.65
999.033
999.595
998.074
1003.21
998.291
999.409
1001.36
999.473
1001.2
998.623
998.746
1002.5
999.586
999.814
1000.12
999.847
1000.06
998.995
1000.32
1001.5
998.587
1000.14
999.891
999.806
1002.21
997.926
999.171
1003.27
998.024
1002.91
998.268
997.285
1001.08
999.536
1001.2
1000.8
1000.53
1000.12
998.385
999.41
999.366
1001.87
998.002
1002.73
998.248
1002.78
1000.01
996.712
998.962
1000.8
1002.24
997.437
1000.97
1001.14
998.749
1000.32
1000.81
999.939
1001.86
998.685
998.225
998.484
1003.6
998.384
999.272
1000.75
998.737
1001.33
1000.08
1012.79
989.315
996.557
1001.91
998.577
1000.17
998.74
1003.22
1001.9
999.572
997.268
999.604
999.622
999.907
999.226
999.67
999.966
1001.91
997.878
1000.6
1001.95
999.634
999.301
1001.49
998.481
998.516
----------------
insert (avg): 987.139
----------------
----- init -----
6.34638
----------------
init (avg): 6.34638
----------------
----- commit -----
680.173
----------------
commit (avg): 680.173
----------------
# Loading records:	100
skipping run
