parsing config file ./lvconfig28.conf
parsing done
<<<< begin once 
<<<<< redos: 0 >>>>>
<<<< commit once 
----- insert -----
4.05845
714.604
1000.87
1000.19
1000.83
998.368
999.691
999.909
1002.12
997.397
999.499
1001.95
999.587
1000.81
998.673
1000.79
1001.21
999.011
1000.02
1000.04
998.038
1000.16
999.967
1000.7
1000.19
999.57
1000.44
1000.62
999.641
1000.66
998.552
1000
999.332
1002.06
1002.63
998.063
999.83
999.858
998.184
1001.33
1000.27
1000.78
1000.99
997.778
999.305
999.548
1001.96
998.74
1002.04
997.988
1002.88
1000.31
996.531
998.414
1001.18
1002.37
998.498
1000.44
998.303
999.128
1002.39
1000.44
997.744
1004.47
995.853
1000.76
998.507
1003.6
997.349
1002.27
999.142
998.22
1001.09
1001.11
1008.3
992.268
998.065
1001.65
998.468
999.302
1001.26
1001.35
1001.47
997.267
998.353
1000.98
1000.29
999.517
999.957
999.307
1000.21
1001.27
998.908
999.89
1002.33
998.543
1000.19
1001.55
997.974
998.508
----------------
insert (avg): 987.17
----------------
----- init -----
6.75676
----------------
init (avg): 6.75676
----------------
----- commit -----
738.116
----------------
commit (avg): 738.116
----------------
# Loading records:	100
skipping run
