parsing config file ./lvconfig6.conf
parsing done
<<<< begin once 
<<<<< redos: 0 >>>>>
<<<< commit once 
----- insert -----
4.18327
951.159
1000.02
1000.51
997.76
1001.95
999.703
999.839
1001.41
998.814
997.849
1002.09
999.635
1001.4
997.948
1001.03
1000.81
999.623
1000.02
999.833
999.954
999.462
999.745
1000.49
999.4
999.781
1000.45
1000.05
1000.38
1000.45
999.062
998.911
1003.19
999.005
1001.81
998.844
998.649
999.57
998.521
1002.12
1000.8
999.592
1000.48
999.369
999.59
999.269
1001.57
998.552
1000.87
999.37
1002.51
1000.28
996.863
998.507
1000.74
1001.44
999.865
1000.54
998.857
1000.64
999.786
1001.49
999.675
1001.95
996.859
1000.29
999.34
1002.49
997.615
1001.67
998.847
998.532
1000.46
1001.09
1005.21
996.003
997.468
1002.24
998.823
998.576
1001.62
1001.3
1001.44
1001.64
998.061
996.854
999.913
999.42
999.957
999.293
1001.13
1001.1
998.439
999.936
1002.42
998.745
1000.17
1000.99
998.527
996.727
----------------
insert (avg): 989.512
----------------
----- init -----
6.24838
----------------
init (avg): 6.24838
----------------
----- commit -----
790.439
----------------
commit (avg): 790.439
----------------
# Loading records:	100
skipping run
