parsing config file ./lvconfig9.conf
parsing done
<<<< begin once 
<<<<< redos: 0 >>>>>
<<<< commit once 
----- insert -----
4.18838
7.26104
1001.05
1002.92
1000.13
1000.21
999.718
997.882
1001.14
1001.49
998.468
999.214
1001.37
999.45
1001.4
998.61
1000.46
1000.99
999.474
999.732
999.947
999.86
999.841
999.357
1000.51
1001.14
998.032
1000.44
1000.1
1000.12
1000.67
998.663
999.72
1002.88
997.979
1003.46
997.933
999.47
997.682
1000.63
1001.85
1000.24
1000.72
1000.59
998.104
999.591
999.297
1001.97
997.47
1001.03
1000.28
1002.23
1000.77
996.228
999.335
1000.4
1002.36
999.437
998.421
998.949
1001.46
999.589
1001.31
999.878
1001.72
999.271
998.087
999.377
1002.86
997.06
1001.51
999.203
999.238
1000.74
1000.8
1000.7
1001.21
996.866
1001.65
998.389
1000.17
1000.81
1001.15
1001.82
997.047
1002.19
996.717
1000.73
999.385
999.304
1000.17
999.994
1001.39
998.508
999.661
1005.72
996.045
999.451
1000.67
998.525
----------------
insert (avg): 980.132
----------------
----- init -----
7.80139
----------------
init (avg): 7.80139
----------------
----- commit -----
54.5865
----------------
commit (avg): 54.5865
----------------
# Loading records:	100
skipping run
