parsing config file ./lvconfig29.conf
parsing done
<<<< begin once 
<<<<< redos: 0 >>>>>
<<<< commit once 
----- insert -----
3.99756
905.351
1001.02
999.905
1000.89
999.086
999.092
999.917
1001.84
998.672
999.624
1000.77
999.992
1000.44
998.417
1000.48
1001.26
999.497
998.568
1000.9
1001.31
999.033
998.6
1001.07
999.583
998.171
1001.85
1000.07
1000.16
1000.84
998.482
999.864
1002.82
998.81
1001.82
998.988
998.967
999.252
999.39
1001.89
1000.01
1000.24
997.625
1001.33
999.311
999.389
1001.99
998.019
1002.68
998.426
1002.17
1000.93
997.569
998.019
1000.44
1001.32
999.453
1000.09
999.312
1000.05
999.337
1002.07
999.643
1001.77
996.525
1000.95
999.668
1002.19
997.338
1002.21
998.523
998.792
999.101
1002.75
1002.18
999.839
997.118
1002.22
997.945
999.756
1000.96
1000.51
1001.4
1000.66
996.581
1000.13
1000.65
998.781
1000.25
998.934
1000.56
1001.44
998.21
999.891
1002.03
999.891
999.726
1000.87
998.488
998.672
----------------
insert (avg): 989.076
----------------
----- init -----
15.0188
----------------
init (avg): 15.0188
----------------
----- commit -----
776.467
----------------
commit (avg): 776.467
----------------
# Loading records:	100
skipping run
