parsing config file ./lvconfig35.conf
parsing done
<<<< begin once 
<<<<< redos: 0 >>>>>
<<<< commit once 
----- insert -----
4.5319
617.897
1000.22
1000.98
998.71
1001.26
999.995
999.617
999.648
1000.69
999.345
999.567
1000.35
1003.87
996.114
1000.63
1000.5
998.868
1000.51
999.12
1000.96
999.773
999.538
1000.58
999.678
999.455
1000.37
1000.01
1000.4
999.646
999.534
999.627
1000.37
999.665
1000.47
1000.78
998.903
1000.17
1001.67
998.006
1000.56
999.016
1000.4
1000.16
1002.21
997.906
1000.3
999.85
999.869
1000.13
999.522
1000.53
999.385
1000.12
999.94
1012.96
987.186
1000.1
999.686
1000.19
1000.02
999.624
1000.27
1000.04
1000.01
1000.02
999.834
1000.52
999.122
1000.03
1000.16
999.486
1000.62
1000.36
1000.23
999.122
1000.83
999.227
1000.07
1000.25
999.807
1000.15
999.8
999.868
1000.69
999.275
1000.9
998.709
999.725
1001.92
999.293
999.618
999.704
1000.02
999.669
1000.85
999.212
1000.6
999.44
999.288
----------------
insert (avg): 986.204
----------------
----- init -----
8.21006
----------------
init (avg): 8.21006
----------------
----- commit -----
12.6705
----------------
commit (avg): 12.6705
----------------
# Loading records:	100
skipping run
