parsing config file ./lvconfig5.conf
parsing done
<<<< begin once 
<<<<< redos: 0 >>>>>
<<<< commit once 
----- insert -----
4.08936
4.25075
1000.73
1002.03
999.923
1000.87
999.418
997.689
1001.24
1001.89
998.179
999.717
1000.48
999.686
1001.64
996.743
1002.47
1000.24
999.845
999.792
999.959
999.757
1000.24
998.803
1000.27
999.851
1000.31
1000.41
999.551
999.119
1003.26
997.113
999.53
1003.4
998.357
1002.15
998.029
1000.45
998.806
999.038
1001.26
1000.74
1000.86
1000.36
997.348
1000.4
999.113
1002
997.839
1001.45
999.645
1002.64
1000.49
996.239
999.59
1000.14
1002.41
999.346
999.126
998.32
1001.12
999.92
1001
1000.22
1002.44
996.328
1000.14
998.493
1003.38
998.142
1001.91
998.929
997.941
1000.86
1000.56
1013.09
989.399
996.636
1002.61
997.815
999.243
1001.74
1001.2
1001.41
999.57
999.802
996.933
1000.79
998.766
1000.49
999.463
1000.05
1001.3
997.893
1000.38
1005.59
996.288
998.61
1002.16
998.013
----------------
insert (avg): 980.093
----------------
----- init -----
6.16283
----------------
init (avg): 6.16283
----------------
----- commit -----
67.6491
----------------
commit (avg): 67.6491
----------------
# Loading records:	100
skipping run
