parsing config file ./lvconfig27.conf
parsing done
<<<< begin once 
<<<<< redos: 0 >>>>>
<<<< commit once 
----- insert -----
4.0553
945.826
1002.03
1000.1
1000.02
999.586
998.37
1001.76
999.104
1000.77
999.494
1000.52
999.665
1001.1
998.181
1001.01
1000.61
999.667
1000.14
999.738
999.788
1000.12
999.376
1000
999.684
1000.05
999.54
999.797
1001.26
1000.64
998.897
999.673
1002.44
996.914
1004.01
998.541
999.182
999.697
1000.67
999.889
999.706
1001.12
999.6
999.3
999.284
998.743
1002.75
997.692
1001.36
999.429
1002.62
1000.31
997.298
998.478
1000.76
1000.2
1001.18
997.63
1001.42
1000.23
999.966
1001.32
999.067
1002.77
995.09
1001.68
998.781
1002.89
996.903
1002.57
999.477
997.439
1002.35
1000.05
1014.18
987.982
997.123
1001.59
998.245
999.487
1001.47
998.125
1002.69
1003.41
997.619
997.116
1000.73
998.912
1000.44
999.358
1000.5
1001.23
998.056
1000.61
1001.35
997.209
1002.45
1001
998.035
999.242
----------------
insert (avg): 989.495
----------------
----- init -----
5.49535
----------------
init (avg): 5.49535
----------------
----- commit -----
696.493
----------------
commit (avg): 696.493
----------------
# Loading records:	100
skipping run
