parsing config file ./lvconfig3.conf
parsing done
<<<< begin once 
<<<<< redos: 0 >>>>>
<<<< commit once 
----- insert -----
3.85465
945.065
1001.56
999.902
1000.71
998.529
999.69
1000.3
1001.78
998.187
999.177
1000.84
1000.18
1001.06
996.979
1002.57
1000.64
999.49
998.309
1001.38
1000.67
998.196
998.587
1001.89
1001.39
998.467
1000.46
999.499
1000.84
999.993
999.153
999.359
1002.61
998.832
1002.19
997.357
1000.65
999.148
1000.83
999.609
1000.22
1001.32
999.713
998.067
999.942
999.785
999.251
1000.28
1000.56
1000.32
1001.91
1000.95
996.874
999.443
1000.17
1000.97
1000.57
999.623
999.285
1000.24
999.806
1001.03
998.377
1001.75
997.992
1000.87
998.343
1002.7
999.032
1001.53
997.369
1000.09
1001.35
1000.65
1011.17
990.299
996.559
1002.48
998.31
999.775
1000.92
1001.74
999.018
1001.39
999.624
997.518
999.72
999.479
1000.33
999.049
1000.58
1001.3
998.883
999.552
1005.19
996.172
1000.17
1000.83
998.551
996.63
----------------
insert (avg): 989.455
----------------
----- init -----
5.84624
----------------
init (avg): 5.84624
----------------
----- commit -----
70.862
----------------
commit (avg): 70.862
----------------
# Loading records:	100
skipping run
