parsing config file ./lvconfig36.conf
parsing done
<<<< begin once 
<<<<< redos: 0 >>>>>
<<<< commit once 
----- insert -----
4.32775
736.409
999.83
1000.22
999.953
1000.19
1000.28
999.746
1000.11
999.856
999.942
999.287
1000.49
999.705
1000.76
999.594
999.975
1000.31
999.355
1000.31
1000.07
999.175
1000.72
999.918
999.658
1000.07
1000.21
999.651
999.869
1000.12
1000.88
999.364
1000.4
999.611
999.678
999.907
1000.16
999.812
1000.14
999.889
1000.6
999.229
1000.16
1000.81
999.577
999.941
1003.56
996.43
1000.52
998.961
1003.88
1000.63
999.276
1000.58
1000.03
999.236
1000.36
999.816
1000.73
999.245
1000.87
999.348
999.948
999.94
1000.92
999.231
995.95
1000.1
1003.67
1001.69
998.225
1000.02
996.16
1003.92
999.926
999.758
1000.95
995.739
1003.61
1000.06
995.802
1004.51
999.246
1000.67
999.717
1000.25
1000.19
999.376
996.511
1003.33
1000.47
1000.05
999.604
1000.36
999.668
999.843
1000.6
1000
999.5
996.284
----------------
insert (avg): 987.395
----------------
----- init -----
7.43504
----------------
init (avg): 7.43504
----------------
----- commit -----
14.4573
----------------
commit (avg): 14.4573
----------------
# Loading records:	100
skipping run
