parsing config file ./lvconfig32.conf
parsing done
<<<< begin once 
<<<<< redos: 0 >>>>>
<<<< commit once 
----- insert -----
3.94968
614.83
999.879
1000.6
999.046
1000.86
1000.04
1000.03
1000.24
999.304
999.758
1000.19
1000.04
1003.81
996.265
999.861
999.927
1000.26
1000.24
999.065
1000.54
1000.47
999.769
999.776
1000.24
999.767
999.799
1000.97
999.73
999.567
999.879
999.602
1000.8
999.64
1000.47
999.524
999.588
999.702
1002.04
998.108
999.721
1000.19
1000
1000.55
1002.71
997.305
1000.08
1000.07
999.652
999.804
1000.11
1000.28
999.151
1000.36
999.943
1012.96
987.04
1000.26
999.687
1000.19
1000.03
999.624
1000.73
999.877
999.41
1000.32
999.833
999.956
999.695
1000.08
999.914
999.925
1000.37
1000.05
1000.6
999.28
1000.7
999.409
999.56
1000.71
999.524
1000.22
1000.03
1000.09
999.409
999.899
1001.15
998.493
1000.88
1001.04
999.837
999.646
999.079
1000.04
999.673
1000.35
1000.45
999.86
999.246
999.903
----------------
insert (avg): 986.171
----------------
----- init -----
6.4543
----------------
init (avg): 6.4543
----------------
----- commit -----
51.1388
----------------
commit (avg): 51.1388
----------------
# Loading records:	100
skipping run
