parsing config file ./lvconfig11.conf
parsing done
<<<< begin once 
<<<<< redos: 0 >>>>>
<<<< commit once 
----- insert -----
4.34587
904.176
1000.85
998.276
1002.74
998.947
999.139
1000.51
1001.52
998.164
999.867
1000.76
999.494
1000.96
998.55
1000.43
1001.23
999.857
999.14
1000.64
999.551
999.5
998.998
1001.15
999.69
999.587
1000.81
1000.14
1000.13
1000.26
998.647
999.911
1002.22
998.814
1003.14
997.728
1000.01
999.203
1000.38
999.648
1000.71
999.654
1001.05
997.867
1000.34
998.55
1002.66
997.801
1000.95
999.855
999.811
1003.14
996.694
999.001
999.55
1003.51
999.089
999.993
999.049
999.677
1000.12
1000.39
1000.79
1002.36
996.848
999.762
999.521
1003.31
996.577
1002.18
999.26
997.932
1001.76
1000.06
1008.34
990.133
1000.79
1002.25
997.881
999.518
1001.23
1001.14
1001.41
999.821
997.497
999.91
999.706
999.516
999.542
999.391
1000.55
1001.28
997.074
1001.72
1005.04
996.237
998.673
1002.1
998.038
998.972
----------------
insert (avg): 989.067
----------------
----- init -----
20.2971
----------------
init (avg): 20.2971
----------------
----- commit -----
611.228
----------------
commit (avg): 611.228
----------------
# Loading records:	100
skipping run
