parsing config file ./lvconfig20.conf
parsing done
<<<< begin once 
<<<<< redos: 0 >>>>>
<<<< commit once 
----- insert -----
4.28728
905.469
1001.82
1000.3
1000.75
998.677
997.929
1001.98
1001.24
997.028
1000.66
1001.37
999.469
1001.07
998.862
1000.28
1000.83
999.749
999.391
999.951
1000.24
999.69
998.015
1001.7
1001.96
997.801
1001.01
999.292
999.08
1001.73
999.124
999.836
1002.2
998.104
1002.71
997.763
999.724
1000.88
998.089
999.666
1000.44
1002.69
999.738
998.597
999.589
998.705
1002.64
998.704
1000.64
999.451
1001.81
1001.5
997.571
998.251
1000.15
1002.32
999.027
999.546
999.319
999.903
1000.33
1001.8
999.051
1001.78
997.734
999.702
999.677
1000.91
999.448
1001.4
998.895
998.72
1000.43
1001.26
1013.12
987.776
998.043
1001.9
998.252
999.828
1000.77
1001.28
999.633
1000.82
1000.8
996.545
1000.68
999.185
999.596
999.867
999.686
1001.98
998.163
998.743
1003.39
999.664
997.844
1003.36
997.289
998.362
----------------
insert (avg): 989.08
----------------
----- init -----
15.9387
----------------
init (avg): 15.9387
----------------
----- commit -----
149.661
----------------
commit (avg): 149.661
----------------
# Loading records:	100
skipping run
