parsing config file ./lvconfig23.conf
parsing done
<<<< begin once 
<<<<< redos: 0 >>>>>
<<<< commit once 
----- insert -----
3.95198
906.759
1001.93
1000.47
1000.66
998.609
998.452
1001.86
1000.84
998.497
999.525
1001.08
998.296
1002.31
998.641
1000.66
1000.7
999.654
1000.04
999.745
999.804
1000.22
998.684
999.884
1002.3
998.242
1000.26
1000.29
999.735
998.199
1001.27
1000.04
1002.8
997.931
1003.16
996.722
1001.19
999.685
998.101
1001.25
1000.87
1000.39
1000.2
998.448
999.355
999.396
1002.42
998.081
1000.91
1000.02
1001.32
1000.96
997.761
997.516
1001.17
1002.29
999.45
999.396
998.405
1000.62
1000.92
1000.82
999.412
1002.6
998.684
997.897
999.65
1003.07
997.135
1001.09
999.452
998.866
1000.23
1000.94
1011.28
988.825
999.149
1002.1
998.049
997.879
1002.08
1001.9
999.077
999.689
1002.49
995.075
1001.81
999.201
999.94
1000.02
1000.05
1001.33
998.313
1000.13
1002.23
999.358
1000.01
999.714
999.768
998.324
----------------
insert (avg): 989.1
----------------
----- init -----
17.2849
----------------
init (avg): 17.2849
----------------
----- commit -----
724.8
----------------
commit (avg): 724.8
----------------
# Loading records:	100
skipping run
