parsing config file ./lvconfig38.conf
parsing done
<<<< begin once 
<<<<< redos: 0 >>>>>
<<<< commit once 
----- insert -----
4.9392
625.014
1000.83
999.032
1000.93
999.933
999.571
1000.02
1000.52
999.191
1000.69
999.133
1001.2
999.58
1000.28
999.6
999.885
999.957
999.763
999.557
1001.03
999.507
1000.55
999.01
1000.78
999.042
1000.71
999.535
1000.34
1000.36
1000.73
998.529
999.82
1000.17
1000.38
999.96
999.665
1000.09
1000.22
1000.02
999.443
1000.81
999.25
1000.8
999.461
1000.11
1000.18
999.689
999.897
1000.16
999.609
1000.05
1000.08
1000.04
999.881
999.774
1000.53
1000.06
1000.82
998.712
1000.27
1000.4
1009.73
995.534
994.575
1000.06
999.851
1000.07
999.827
1000.06
999.933
999.5
1000.65
999.034
1000.12
1000.72
999.781
1000.13
1000.08
999.42
1001.31
998.84
1000.56
999.661
1000.14
999.156
1000.3
999.77
1001.01
998.875
1001.29
999.341
999.827
1001.01
998.858
999.956
999.874
999.867
1000.75
999.434
----------------
insert (avg): 986.29
----------------
----- init -----
8.12633
----------------
init (avg): 8.12633
----------------
----- commit -----
11.3697
----------------
commit (avg): 11.3697
----------------
# Loading records:	100
skipping run
