parsing config file ./lvconfig19.conf
parsing done
<<<< begin once 
<<<<< redos: 0 >>>>>
<<<< commit once 
----- insert -----
4.21919
733.646
1001.57
998.512
1002.79
999.448
997.753
1000.79
1001.92
998.227
1000
1000.94
999.556
1000.7
998.86
1000.65
999.287
1001.17
999.991
999.719
1000.86
998.56
999.598
1000.14
1001.57
998.189
1000.64
1000.06
1000.14
1000.44
998.619
1000.06
1002.41
998.394
1003.3
996.778
999.746
1000.22
1000.42
999.59
999.427
1002.16
999.565
998.167
1000.1
998.707
1002.95
997.588
1001.4
999.976
1001.99
1000.84
995.213
1000
1001.33
1001.75
998.534
999.845
999.736
1000.15
1000.05
1001.54
999.193
1001.76
997.52
999.76
999.527
1002.3
997.577
1001.72
1101.37
896.736
1001.32
1000.52
1009.07
992.153
997.539
1001.7
998.218
1000.08
1000.89
1000.31
1002.8
1001.1
994.053
999.466
1001.57
999.64
999.326
999.668
1000.93
1000.93
998.287
1000.5
1001.89
999.151
1000.22
1001.36
997.215
998.31
----------------
insert (avg): 987.361
----------------
----- init -----
6.28295
----------------
init (avg): 6.28295
----------------
----- commit -----
750.518
----------------
commit (avg): 750.518
----------------
# Loading records:	100
skipping run
