parsing config file ./lvconfig1.conf
parsing done
<<<< begin once 
<<<<< redos: 0 >>>>>
<<<< commit once 
----- insert -----
3.88835
939.825
1001.23
999.997
1000.73
999
999.451
998.842
1000.11
1001.22
999.148
1001.08
999.48
1001.36
998.53
1000.05
1001.15
999.567
999.979
999.658
999.04
1000.98
998.988
1000.57
1002.16
997.577
1000.14
1000.07
1000.76
1000.57
998.67
999.339
1002.81
998.635
1001.96
998.934
999.728
998.995
999.614
1001.07
1000.27
1000.51
1000.01
996.914
1001.17
999.362
1002
996.656
1004.13
997.768
1002.06
1001.03
996.695
998.57
1001.68
1001.74
998.591
998.803
999.902
1001.04
999.89
1001.45
999.712
1002.13
998.393
998.357
999.631
1002.28
997.383
1001.65
999.699
998.255
1001.09
1000.48
1005.22
996.594
996.9
1000.18
1000.12
1000.3
999.346
1002.68
1001.89
999.073
997.121
998.397
1001.35
999.946
999.82
999.531
1000.14
1001.33
997.075
1001.71
1001.93
999.66
999.747
1000.78
998.027
997.999
----------------
insert (avg): 989.41
----------------
----- init -----
6.5335
----------------
init (avg): 6.5335
----------------
----- commit -----
641.772
----------------
commit (avg): 641.772
----------------
# Loading records:	100
skipping run
