parsing config file ./lvconfig14.conf
parsing done
<<<< begin once 
<<<<< redos: 0 >>>>>
<<<< commit once 
----- insert -----
4.40683
3.62338
1000.35
1001.96
1000.23
1000.01
998.969
998.86
1000.73
1001.84
998.656
998.539
1001.6
999.911
1001.09
998.172
1001.39
1000.25
1000.2
998.944
999.961
1001.36
998.569
999.021
1000.71
999.759
998.955
1001.27
1000.53
999.913
1000.92
998.833
999.085
1002.77
998.289
1003.54
997.16
999.369
999.687
999.739
1001.33
1000.24
1000.24
997.624
1001.04
999.552
999.574
1002.31
997.733
1002.65
998.131
1002.33
1000.44
997.755
998.558
1000.16
1001.79
999.156
1000
999.516
999.695
1000.48
1001.3
999.753
1001.86
996.114
1000.9
999.737
1003.08
997.063
1001.09
999.767
997.916
1001.47
1001.01
1010.43
990.156
998.083
1001.63
998.233
999.163
1001.04
1002.33
1000.98
1000.08
997.266
999.614
999.784
999.2
1000.09
999.814
999.511
1002.04
998.797
999.843
1001.88
999.003
1000.33
1000.86
998.126
----------------
insert (avg): 980.088
----------------
----- init -----
5.73513
----------------
init (avg): 5.73513
----------------
----- commit -----
105.049
----------------
commit (avg): 105.049
----------------
# Loading records:	100
skipping run
