parsing config file ./lvconfig33.conf
parsing done
<<<< begin once 
<<<<< redos: 0 >>>>>
<<<< commit once 
----- insert -----
3.98406
414.465
999.645
1001.24
998.771
1000.58
1000.15
1000.16
999.658
1000.13
999.514
1000.19
1000.12
1003.87
995.469
1000.72
999.965
999.569
1000.69
999.322
1000.42
1000.93
999.068
999.894
1000.09
999.905
1000.65
999.656
1000.45
999.104
1000.1
999.578
999.971
999.872
1000.3
1000.79
998.84
1000.4
1001.67
998.049
1000.53
999.266
1000.09
1000.55
1001.88
998.132
1000.07
999.859
999.578
1000.44
999.761
1000.01
999.665
999.854
1000.21
1012.86
987.18
1000.22
999.468
1001.01
999.142
999.604
1000.57
1000.34
999.409
1000.51
999.365
1000.24
999.692
1000.94
999.255
999.721
1000.14
1000.61
999.792
999.544
1000.9
999.454
999.813
1000.46
999.659
999.909
1000.01
1000.28
999.196
1000.37
1000.89
998.689
1000.69
1001.01
999.285
999.613
999.487
1000.02
999.896
1000.85
999.216
1000.57
999.485
999.996
----------------
insert (avg): 984.173
----------------
----- init -----
208.117
----------------
init (avg): 208.117
----------------
----- commit -----
113.585
----------------
commit (avg): 113.585
----------------
# Loading records:	100
skipping run
