parsing config file ./lvconfig4.conf
parsing done
<<<< begin once 
<<<<< redos: 0 >>>>>
<<<< commit once 
----- insert -----
4.45284
3.95628
1001.21
1001.13
1000.19
1000.35
997.152
1001.5
1000
1001.68
998.368
998.545
1001.86
1000.22
1000.25
998.655
1000.8
1000.74
1000.06
999.222
1000.12
999.831
999.101
999.975
1000.39
1001.61
998.316
1000.25
999.822
1000.54
1000.46
998.884
999.475
1002.63
998.246
1002.56
998.669
999.275
1000.39
998.261
1001.35
1000.78
1000.53
1000.11
996.64
1001.37
999.421
1002.04
997.455
1002.02
999.04
1002.36
1000.31
996.917
998.898
1001.33
1000.63
999.621
1000.32
999.113
999.743
1000.24
1001.31
1000.11
1001.82
997.133
1000.35
998.958
1000.65
1000.59
1000.55
999.544
998.526
1000.87
1000.61
1012.09
987.744
999.004
1001.69
998.961
998.898
1001.46
1000.59
1002.5
999.447
997.387
999.057
1000.6
999.235
999.462
1000.24
1000.37
1000.91
997.908
1000.35
1005.58
995.82
1000.36
1001.4
997.174
----------------
insert (avg): 980.087
----------------
----- init -----
6.45499
----------------
init (avg): 6.45499
----------------
----- commit -----
14.8632
----------------
commit (avg): 14.8632
----------------
# Loading records:	100
skipping run
