parsing config file ./lvconfig8.conf
parsing done
<<<< begin once 
<<<<< redos: 0 >>>>>
<<<< commit once 
----- insert -----
4.686
904.358
1000.03
1000.62
999.996
999.838
998.79
1001.09
1001.11
998.896
999.152
1000.94
999.546
1001.04
998.094
1000.52
1001.47
999.826
999.241
999.705
1000.19
999.512
999.218
1000.78
1001.42
998.512
1000.22
1000.27
1000.34
1000.51
998.192
1000.07
1002.6
997.936
1003.28
995.923
1001.55
999.266
998.874
1001.58
1000.22
1000.76
1000.43
998.44
999.575
999.677
1001.98
998.143
1000.92
999.452
1001.78
1000.97
997.933
997.943
1000.65
1002.36
998.802
999.051
999.303
1001.31
1000.22
1000.49
999.974
1002.54
996.12
1000.72
999.088
1002.74
998.4
1000.15
999.81
998.068
1000.67
1001.13
1001.01
1000.16
997.904
1002.04
998.56
998.611
1001.02
1001.93
998.599
1002.88
997.272
999.45
1000.63
998.943
999.931
999.06
1000.92
1001.11
998.147
1000.5
1004.84
996.194
1000.25
1001.13
997.738
999.191
----------------
insert (avg): 989.07
----------------
----- init -----
10.1557
----------------
init (avg): 10.1557
----------------
----- commit -----
94.1467
----------------
commit (avg): 94.1467
----------------
# Loading records:	100
skipping run
