parsing config file ./lvconfig21.conf
parsing done
<<<< begin once 
<<<<< redos: 0 >>>>>
<<<< commit once 
----- insert -----
4.04065
948.564
1000.7
1000.06
1000.33
999.336
998.834
1000.61
1001.42
998.644
999.694
1001.34
998.902
1000.97
998.844
1000.38
1000.88
999.99
999.522
999.994
999.802
999.89
999.011
999.289
1001.14
1000.23
1000.25
999.612
999.108
1002.18
998.736
999.344
1002.61
998.097
1001.2
999.975
999.4
999.543
999.032
1001.8
999.865
1001.15
999.292
998.462
998.772
1000.6
999.616
1000.33
1002.72
998.768
1001.84
998.733
998.498
999.267
1000.9
999.681
1001.38
999.556
999.114
999.886
1000.34
1001.05
999.915
1002.12
996.673
1000.06
999.76
1002.73
996.333
1002.92
999.102
997.814
1001.05
1000.59
1013.19
989.43
996.796
1001.52
998.636
999.22
1001.71
1001.13
1001.85
1000.84
996.091
998.374
1001.7
999.036
998.081
1001.2
1000.21
999.195
1000.45
1000.44
1004.98
995.968
1000.4
1001.27
997.732
998.799
----------------
insert (avg): 989.504
----------------
----- init -----
6.67752
----------------
init (avg): 6.67752
----------------
----- commit -----
518.302
----------------
commit (avg): 518.302
----------------
# Loading records:	100
skipping run
