parsing config file ./lvconfig17.conf
parsing done
<<<< begin once 
<<<<< redos: 0 >>>>>
<<<< commit once 
----- insert -----
3.7187
710.996
1000.44
1000.28
1000.13
998.991
998.849
1001.77
999.076
1000.39
999.396
1001.08
999.587
1001.09
998.152
1000.82
1000.93
999.787
999.255
1000.53
1000.61
998.865
999.658
1000.32
999.01
1000.16
1000.46
1000.61
1000.17
1000.13
998.562
999.567
1003.05
996.91
1004.47
997.191
1000.21
998.499
1000.6
999.046
1002.02
1000.67
1000.77
997.799
1000.17
999.483
1001.79
997.686
1001.17
999.596
1002.49
1000.65
996.372
998.823
1000.98
1002.33
998.475
999.826
999.62
1000.35
999.992
1000.97
999.994
1001.9
996.131
1001
998.255
1003.33
998.368
1001.64
998.346
998.763
1001.18
1000.09
1013.85
988.366
996.827
1002.87
997.944
999.763
1000.7
1001.35
1001.78
999.258
1000.05
994.286
1002.76
999.207
1000.38
999.069
1000.92
1001.23
998.017
1000.16
1005.19
995.987
1000.46
1000.73
998.092
999.533
----------------
insert (avg): 987.131
----------------
----- init -----
6.55928
----------------
init (avg): 6.55928
----------------
----- commit -----
106.939
----------------
commit (avg): 106.939
----------------
# Loading records:	100
skipping run
