parsing config file ./lvconfig0.conf
parsing done
<<<< begin once 
<<<<< redos: 0 >>>>>
<<<< commit once 
----- insert -----
3.94775
734.086
1000.59
1000.1
1000.74
998.394
998.808
1000.94
1001.78
998.788
998.936
1001.34
999.639
1001.22
998.014
1000.8
1001.18
999.422
1000.23
999.547
1000.91
998.392
999.76
1000.15
999.942
999.588
1000.44
1000.52
1000.12
997.802
1000.02
1000.42
1002.8
998.505
1003.45
997.015
1000.46
1000.13
998.574
1000.77
1000.41
1000
1000.88
998.962
998.509
1000.08
1001.91
997.9
1002.75
998.083
1002.53
1000.93
997.353
998.394
1000.69
1001.75
998.684
999.979
999.537
999.677
1000.95
1000.44
999.792
1001.8
996.483
1001.32
997.944
1003.55
997.383
1001.65
999.438
997.029
1003
1000.31
1013.2
988.259
997.523
1002.11
998.02
999.025
1001.56
998.26
1003.86
1000.67
996.664
998.426
1001.56
999.745
998.996
1000.46
1000.07
1001.25
998.275
1000.5
1005.3
995.528
1000.22
1001.33
997.471
999.506
----------------
insert (avg): 987.361
----------------
----- init -----
6.43178
----------------
init (avg): 6.43178
----------------
----- commit -----
812.219
----------------
commit (avg): 812.219
----------------
# Loading records:	100
skipping run
