parsing config file ./lvconfig22.conf
parsing done
<<<< begin once 
<<<<< redos: 0 >>>>>
<<<< commit once 
----- insert -----
4.64307
904.225
1000.54
1000.21
1000.57
999.107
998.238
1001.46
999.435
1000.42
998.715
1001.73
999.613
1001.12
998.507
1000.65
1000.59
999.571
1000.43
999.082
1001.37
999.045
999.108
1000.21
999.853
999.574
1000.43
1000.65
999.604
1001.16
998.182
999.83
1002.7
998.493
1003.05
997.933
998.835
1000.04
999.179
1001
1000.55
1001.18
999.635
996.865
1001.17
999.361
1002.02
997.871
1001.53
999.528
1002.31
1000.58
996.575
997.655
1002.64
1001.92
999.012
999.728
999.032
1000.46
999.885
1001.53
999.453
1001.94
998.597
998.035
999.852
1002.27
998.053
1001.19
998.941
997.428
1002.68
999.97
1004.76
997.829
996.941
1002.37
996.536
1000.25
1001.72
1000.67
1001.99
999.634
1000.25
996.706
998.802
1000.82
999.504
998.607
1001.64
1001.44
996.917
1001.4
1002.66
998.534
1000.19
1001.03
998.476
997.563
----------------
insert (avg): 989.058
----------------
----- init -----
17.1241
----------------
init (avg): 17.1241
----------------
----- commit -----
629.044
----------------
commit (avg): 629.044
----------------
# Loading records:	100
skipping run
