parsing config file ./lvconfig37.conf
parsing done
<<<< begin once 
<<<<< redos: 0 >>>>>
<<<< commit once 
----- insert -----
18.3737
805.784
992.284
999.835
999.907
1000.25
999.874
999.42
1000.17
1000.18
1000.42
999.742
1000.11
999.733
1000.91
998.923
999.855
999.584
1000.41
1000.14
999.575
1000.35
999.738
1000.15
1000.02
1000.33
999.251
1000.32
1000.6
999.232
999.776
1000.08
1000.59
999.582
1000.62
999.968
1000.01
999.806
999.278
1000.45
1000.97
999.035
1000.48
999.815
999.909
999.523
1000.09
999.962
1000.25
999.15
1000.1
1000.69
999.344
1000.15
1000.37
1000.15
999.032
1000.99
999.669
1000.92
999.447
999.608
1000.09
1000.28
999.195
1000.68
999.741
999.639
1000.59
999.312
1000.71
1002.49
997.882
998.891
1000.66
1000.68
998.867
1000.4
1000.02
1000.48
999.684
999.228
999.996
999.519
1000.74
999.367
1000.33
999.611
1000.16
1001.01
999.767
999.823
1000.19
1000.94
998.232
1000.7
999.459
1000.03
999.946
1000.15
----------------
insert (avg): 988.148
----------------
----- init -----
6.72553
----------------
init (avg): 6.72553
----------------
----- commit -----
11.2132
----------------
commit (avg): 11.2132
----------------
# Loading records:	100
skipping run
