parsing config file ./lvconfig10.conf
parsing done
<<<< begin once 
<<<<< redos: 0 >>>>>
<<<< commit once 
----- insert -----
3.67177
940.511
1002.01
1000.01
1000.59
999.152
999.51
999.684
1001.98
998.797
999.012
1000.81
999.854
1000.49
999.351
1000.42
1000.75
998.106
1001.19
1000.27
1000.74
998.83
999.199
1002.23
999.579
998.064
1000.61
998.977
1001.69
1000.21
999.103
999.451
1002.41
998.533
1002.65
997.812
1000.33
999.843
998.383
1001.1
1000.27
1000.62
1000.71
997.582
1000.39
997.567
1003.65
997.709
1002.73
998.75
1001.81
1000.68
996.334
998.709
1001.18
1002.55
998.88
999.424
1000.92
998.556
1000.54
999.721
1000.86
1002.07
998.678
998.415
997.682
1004.55
998.333
998.967
1001.04
998.021
1001.77
1000.23
1012.53
989.432
996.59
1002.48
998.505
998.927
1001.37
1001.27
1001.39
1000.09
999.771
996.545
1000.15
999.676
998.333
1000.82
999.095
1002.86
998.272
999.333
1006.13
996.42
999.68
1001.06
998.003
999.237
----------------
insert (avg): 989.438
----------------
----- init -----
6.0169
----------------
init (avg): 6.0169
----------------
----- commit -----
596.816
----------------
commit (avg): 596.816
----------------
# Loading records:	100
skipping run
