parsing config file ./lvconfig7.conf
parsing done
<<<< begin once 
<<<<< redos: 0 >>>>>
<<<< commit once 
----- insert -----
4.3347
6.90168
1001.65
998.492
1002.17
1000.49
997.904
999.623
1001.45
1001.5
998.768
999.005
998.922
1002.17
1000.47
998.862
1000.57
1000.61
999.578
1000.13
999.821
999.789
999.123
999.792
1000.55
999.904
999.811
1000.57
1000.24
1000.05
1000.26
998.521
999.443
1003.17
998.447
1001.08
999.992
999.815
999.199
999.369
1000.63
1000.84
1000.44
999.987
998.071
1000.1
999.628
1001.66
997.856
1001.36
999.548
1002.59
1000.53
996.581
998.4
1001.24
1001.19
1000.2
998.866
999.303
1000.76
998.67
1003.17
999.396
1002.18
998.4
998.426
999.464
1003.2
997.124
1001.9
998.193
999.288
1000.75
1001.11
1011.55
986.995
999.932
1002.03
998.599
998.643
999.666
1003.2
1000.25
1000.79
1000.22
995.099
1002.37
998.935
999.524
999.989
1000.2
1001.3
998.375
1000.08
1005.08
996.126
1000.22
1001.01
998.326
----------------
insert (avg): 980.121
----------------
----- init -----
7.30222
----------------
init (avg): 7.30222
----------------
----- commit -----
83.2673
----------------
commit (avg): 83.2673
----------------
# Loading records:	100
skipping run
