parsing config file ./lvconfig34.conf
parsing done
<<<< begin once 
<<<<< redos: 0 >>>>>
<<<< commit once 
----- insert -----
4.46353
617.857
1000.27
1000.9
998.764
1000.81
1000.03
999.759
999.68
1000.39
999.464
999.432
1001.5
1003.49
995.858
999.939
1000.16
999.94
1000.52
999.109
1000.42
1000.34
999.759
999.447
1000.57
999.77
1000.07
1000.23
999.862
999.969
999.538
999.849
1000.15
999.772
1000.37
1000.63
999.044
1000.12
1001.63
998.065
1000.07
999.762
999.875
1000.48
1002.25
997.994
999.638
1000.3
999.855
1000.15
999.874
1000.16
999.459
1000.04
999.618
1013.28
987.051
999.962
999.956
1000.14
999.783
999.81
1000.12
1000.32
999.939
999.612
1000.16
999.894
999.612
1000.62
999.651
999.928
999.87
1000.76
1000.16
999.452
1000.72
999.52
999.689
1000.4
999.775
1000.13
999.905
1000.03
999.485
1000.14
1000.59
998.957
1000.34
1001.03
999.3
999.357
1000.09
1000.29
999.182
1000.56
999.68
1000.58
999.476
999.635
----------------
insert (avg): 986.204
----------------
----- init -----
7.46003
----------------
init (avg): 7.46003
----------------
----- commit -----
36.1236
----------------
commit (avg): 36.1236
----------------
# Loading records:	100
skipping run
