parsing config file ./lvconfig36.conf
parsing done
<<<< begin once 
<<<<< redos: 0 >>>>>
<<<< commit once 
----- insert -----
5.06656
4.0867
4.51061
4.23736
4.41638
4.41202
4.21159
4.26242
4.32414
4.28444
4.00401
4.37188
4.32428
4.01688
4.2649
4.14304
3.94987
3.74233
3.71695
3.88375
3.75654
3.88415
3.84295
4.44627
4.03876
4.62932
4.13749
3.93816
4.16268
4.27461
3.90594
4.36916
3.99879
3.46282
4.53466
4.20876
4.02929
4.0208
4.14588
3.95998
4.1149
5.11469
4.27727
3.76525
4.18144
3.83433
4.24632
3.95782
3.98003
4.24641
4.08193
3.97839
3.7814
4.122
4.25372
3.84632
4.20342
4.17531
4.33435
3.98401
3.79883
4.08853
3.91967
4.15578
4.28773
3.72082
4.12205
3.59558
4.05732
3.93836
3.62538
4.20761
4.08812
4.2947
4.39245
4.23658
4.81348
4.53582
4.54189
4.47308
4.09054
3.98872
4.04396
4.2113
4.17483
4.2081
4.82665
4.73587
4.12878
4.05768
3.97388
4.3154
5.87301
4.42216
4.26413
4.63292
4.45237
4.72402
4.86487
3.94336
4.10977
4.13907
4.35171
4.2278
4.22758
3.67546
4.23129
4.03193
4.21041
4.14788
4.06986
4.77539
4.20806
4.05213
4.16291
4.19815
4.4733
4.24622
4.0953
4.03535
4.28119
4.11513
4.01084
4.10865
3.96096
4.2276
4.3563
4.15174
4.16367
4.05706
4.309
4.18558
4.3045
3.87583
3.74053
4.88136
4.35802
3.92693
4.37451
4.15214
4.22757
4.48112
3.92277
4.35231
4.13123
4.21919
4.24539
4.03011
4.19555
3.96887
4.46141
4.43473
4.13694
4.56541
4.5104
4.18051
4.19099
4.30928
3.95055
4.51146
3.73354
4.57172
4.12139
3.99126
4.39134
4.28854
4.06627
4.25873
4.16043
3.91318
4.44081
4.37769
4.07139
4.50232
4.29078
4.20306
4.15351
4.02595
3.73092
3.97315
4.30046
3.86821
4.20847
3.9156
4.1151
4.02658
3.76707
4.50364
4.72177
4.41241
5.49946
4.07834
4.08305
4.48334
4.48531
4.44313
4.72425
4.08181
5.01667
4.46229
4.3548
5.02897
4.54763
4.26164
4.15902
4.53348
3.95235
4.71965
4.85977
4.32155
4.18124
4.516
4.05126
4.70007
4.49272
4.05296
4.50754
4.56681
3.96267
4.46758
4.44786
4.25472
4.53502
4.13167
4.49254
4.49322
4.13651
4.45511
4.36208
4.40138
4.47002
4.10613
4.09502
4.41929
4.10548
4.61742
4.20233
4.19112
4.38187
4.44673
4.07722
3.9322
3.56773
4.47459
4.39991
4.24905
4.04908
4.30344
4.29548
3.98398
4.18914
4.12454
4.09399
4.32689
4.08952
4.00996
3.98387
4.3564
4.30521
4.20054
4.41168
4.40996
4.16761
4.49962
4.29131
4.26737
4.15822
3.86283
4.48971
4.41902
4.82519
4.05236
4.55873
3.8372
4.05655
4.26776
4.34395
4.07079
5.06136
4.27339
4.08775
4.94176
3.80474
4.1589
4.13489
4.1272
4.28089
4.32995
4.4089
4.69787
4.05494
4.59488
4.40043
4.84524
4.44163
4.9857
5.11994
4.50791
5.15134
4.03605
4.46639
4.24403
4.15247
5.0509
5.32837
4.82117
4.18714
4.41092
4.58971
4.44319
4.54718
5.46204
4.60149
4.19602
4.59342
4.40114
4.85928
4.34368
4.42545
4.24362
4.89463
4.65177
4.38967
6.2301
4.21361
4.36379
4.15727
4.37639
4.10973
3.96965
4.27088
4.19019
4.11399
4.45998
4.15592
4.49932
4.17208
4.01005
4.11815
3.87541
4.00695
4.32925
4.85807
4.12437
4.19854
4.47352
4.00934
4.11466
3.85973
4.5269
3.97354
4.0514
4.03871
4.29022
4.22536
3.74012
3.97729
3.99086
3.95062
4.0193
4.00703
4.29391
3.97248
4.0158
3.93694
4.13148
4.07271
4.12823
4.39009
4.00105
3.90542
4.64001
4.2242
3.77963
4.72033
4.20416
4.21502
4.02214
4.17777
4.43317
4.04672
4.20497
4.20792
3.8772
4.36104
4.21341
3.69731
3.93189
3.64455
3.88943
3.8329
4.14104
4.12304
4.53599
4.16314
4.38088
3.97702
4.19337
4.55287
4.51927
4.22323
4.26028
4.4516
3.9714
4.31403
4.40888
4.42735
4.11273
4.032
4.36177
4.33132
4.09326
4.08196
4.16635
3.90013
5.02094
4.21758
5.45549
4.11523
4.96441
4.73034
4.70541
5.0837
4.42392
4.23349
4.29678
4.44577
4.83068
4.53054
4.24718
4.38924
4.21158
4.22223
3.77811
4.17536
5.11043
4.35818
4.19946
5.33751
4.58088
3.8369
6.60589
3.97775
5.69348
4.03603
8.53169
5.17094
5.0359
4.38985
4.90695
4.17003
5.34853
4.83386
4.50443
3.90243
5.12036
7.68963
4.27191
5.29554
4.56032
4.88048
4.25451
4.33591
3.9984
4.41186
4.11846
4.86844
4.87331
4.71828
4.33857
5.90508
4.39984
4.65391
3.89812
4.35868
4.74424
3.97721
4.31835
5.07657
3.93171
5.21364
4.26961
4.95173
4.24063
5.10735
5.36907
4.41638
4.19307
4.1715
4.49182
4.11274
4.93011
4.64894
4.53756
4.70806
4.95754
4.59252
4.48996
4.30007
4.3413
4.80296
4.84115
5.38035
5.1103
4.47086
4.8397
5.27259
4.30061
3.81596
5.60909
5.48438
5.44977
5.11478
6.43651
4.76266
5.18607
7.75146
5.61311
5.93492
4.81194
7.03881
6.06952
6.437
6.58739
5.94984
6.55409
4.56123
6.37156
4.90672
5.68455
5.28031
5.33904
5.28372
4.97344
5.69732
4.99907
4.2983
4.34744
4.35019
5.62934
6.40632
6.02738
4.87846
4.34192
4.33849
4.45912
4.34988
5.21707
4.78621
4.49099
5.72128
5.06842
5.42281
5.75903
5.3476
5.70256
4.31175
5.86014
4.34228
6.33579
4.6595
7.10938
4.60485
5.06609
5.37307
6.8548
5.37204
5.24811
5.28484
5.12281
3.84938
5.40012
4.42985
5.8687
4.81515
6.57601
4.87319
5.04186
5.43456
9.34278
5.89212
4.96764
5.37919
7.03453
4.57012
4.89499
6.67129
5.01644
5.0593
5.44725
4.88555
4.16802
4.4248
4.03357
6.3342
4.48676
4.33458
4.72123
4.38056
4.46666
4.18243
5.16703
4.86286
4.08166
4.9942
4.39498
4.37195
5.05306
4.60152
5.37231
4.32724
4.59775
5.24611
4.11692
4.26433
4.91063
3.94087
4.37892
4.18193
4.33575
5.0572
4.73394
4.61034
4.40038
4.67703
4.40643
4.35036
4.09536
4.88293
5.00601
4.37835
4.92904
4.44542
5.05321
4.53299
4.45824
4.35835
4.12512
4.41923
4.50575
5.37043
4.25446
4.31569
3.87911
4.77754
4.16828
4.52718
4.85362
4.59706
4.32227
4.23355
4.29455
3.87589
4.22459
5.70024
4.54621
4.55736
4.37603
3.8644
4.27752
4.80604
4.2272
4.17885
4.13718
3.99417
4.39126
3.80086
4.4321
4.57778
4.66095
4.66728
4.32411
5.17068
4.57336
3.99747
4.5693
4.45521
4.64604
4.28559
4.68485
4.37237
4.39332
3.98336
4.91291
5.0463
3.90625
4.98572
4.20966
4.47493
4.43742
4.30153
4.379
4.32126
4.14154
4.83817
4.96159
4.06418
4.02043
3.90538
4.34712
4.73864
4.18271
4.84935
4.29453
4.18383
4.11475
3.93624
4.58534
4.20873
4.12324
3.94827
4.79816
4.93961
6.66425
4.33279
4.93026
4.51721
4.33972
4.15845
4.93896
4.03457
4.61896
4.31897
4.49907
4.57292
4.17077
4.28807
4.65073
4.36397
3.63354
4.57452
4.27626
4.62154
4.50087
4.33607
4.5502
4.63491
5.30642
4.51698
4.73589
4.08614
4.28867
4.77312
4.66748
4.97591
4.47915
4.48597
4.31468
4.08776
6.60476
7.93515
6.01137
4.52791
4.7147
4.68042
4.62331
4.23962
4.01156
4.43821
4.33349
4.19595
4.48584
4.24043
3.87957
4.46804
4.02416
4.10523
4.46359
4.39437
4.20807
4.27626
3.8594
4.14433
4.37355
4.18447
4.30076
3.97189
4.42209
4.39346
4.17969
4.41317
4.35654
4.4615
4.64389
4.50685
4.14281
3.9519
4.43867
4.2083
4.0039
4.03357
4.5321
3.96982
4.06923
4.27582
4.2765
4.47782
4.62146
4.52549
3.96781
4.165
4.25112
4.49921
4.18161
4.46884
4.32901
4.45446
4.13983
4.59572
4.69239
4.33624
4.04974
4.05776
4.36954
4.30723
3.93493
4.44556
4.35017
4.19421
4.16992
4.16923
3.94758
4.42437
4.11688
4.35982
4.23006
4.27551
4.6402
4.94381
4.11965
3.78978
4.14951
4.55172
4.10792
4.28585
3.87129
4.06049
4.19994
4.05053
4.55532
4.10776
4.09738
4.07894
4.02378
4.06886
4.04832
4.11653
4.24177
4.02897
4.26474
4.35783
4.25996
5.15227
4.44863
4.21586
4.39594
4.56717
4.7086
4.6247
4.59571
4.3373
4.56517
4.36217
4.66627
4.15604
4.34378
4.38827
4.37879
4.26613
4.4886
4.27189
4.80955
4.76893
4.49988
4.12779
4.44639
4.3735
4.48996
4.84844
4.44957
4.47446
4.21622
4.66307
4.34739
4.5606
4.29147
4.05788
4.2862
4.07163
4.11057
4.14919
4.65313
4.26148
4.28198
4.19226
4.03193
4.38235
4.32787
4.22937
4.11624
4.33876
4.43074
4.05078
4.17151
4.65201
4.32512
4.34938
4.25418
4.81323
4.64957
4.1985
3.86848
4.64627
4.09987
4.01902
4.1832
4.25438
3.99604
4.34028
4.07198
3.95582
4.027
4.24992
3.7092
3.88337
4.6146
3.8564
4.41957
4.4267
4.34473
4.33406
3.84779
3.90453
3.72454
3.86494
4.10716
4.49718
4.3498
4.49005
6.60222
15.8738
4.39276
7.11179
7.9741
15.6359
4.09851
9.37565
5.21454
5.27514
4.55654
4.44941
4.39045
4.25587
4.11571
4.38979
4.5313
4.35101
4.61581
4.71673
4.63148
4.21002
4.57712
4.73056
4.18514
4.49645
4.1526
4.16211
4.16964
4.57091
4.35315
3.84159
4.59284
4.23273
5.97626
4.72304
4.34606
4.36272
4.10124
4.6031
4.46122
3.9116
4.01764
4.12739
4.04851
4.41129
3.9503
4.3814
4.25731
3.99024
3.72679
4.17012
4.12419
3.90847
4.14454
3.81659
3.9712
4.31673
3.98329
4.54993
4.36055
----------------
insert (avg): 4.48634
----------------
----- init -----
58.8814
----------------
init (avg): 58.8814
----------------
----- commit -----
1154.64
----------------
commit (avg): 1154.64
----------------
# Loading records:	1000
skipping run
