parsing config file ./lvconfig6.conf
parsing done
<<<< begin once 
<<<<< redos: 0 >>>>>
<<<< commit once 
----- insert -----
5.39091
6.3495
5.39777
7.20406
5.93253
6.70322
6.26565
5.5893
6.66865
6.01021
6.01978
5.77131
5.13657
5.29498
4.81656
4.78051
4.95015
4.3889
4.48311
4.54119
4.92415
5.09808
5.64361
8.68948
7.97138
5.5381
5.66281
4.84896
4.92018
5.65811
6.134
7.67766
6.5721
5.14264
4.96471
4.19742
4.27964
5.21917
4.94398
5.13555
5.45474
4.43217
5.61854
5.27047
5.49784
5.50332
5.85682
4.8115
5.18305
5.45436
5.55975
7.34801
6.75178
6.71433
6.68014
6.02418
5.41948
6.35341
7.98941
13.5869
9.32096
6.09453
6.35198
7.0815
8.17453
7.38766
7.06402
4.46589
6.45223
7.73098
6.90383
6.90564
8.05534
9.07097
12.7348
6.80179
7.0835
6.39436
5.70788
7.85535
4.67037
8.63153
4.55248
5.97335
7.13936
6.72723
9.25615
8.92839
6.27794
6.36555
10.1688
9.66133
8.49488
8.80327
6.2255
7.94371
5.36436
7.74939
7.9626
5.3169
8.44926
9.17
6.18773
6.95553
8.50284
5.83026
4.91861
9.88922
8.43734
7.66502
9.047
6.3764
10.5075
5.93864
11.6194
8.12838
5.61294
7.71011
7.95355
6.1318
6.35863
6.64099
7.04828
5.24047
5.98146
9.58431
7.5378
10.4253
7.86415
9.04053
8.88744
27.2889
17.571
9.94723
25.2643
8.53365
10.6196
7.63781
16.5014
9.70886
8.48169
8.65086
9.67504
7.49098
8.78108
11.6598
8.2596
10.5378
9.20861
8.01999
9.45862
8.14101
9.40099
6.29613
10.8038
6.96432
12.0976
8.11857
7.22483
11.9563
7.34943
9.88353
8.50766
5.73541
6.6666
6.97384
8.20031
7.14356
6.0684
5.87354
9.29466
7.64492
5.95045
7.36978
8.13399
7.66179
6.64739
7.72932
6.44326
8.84929
9.21592
7.27484
7.40372
6.37486
7.96433
5.55677
6.11253
8.24934
5.56442
6.51986
8.51795
8.15853
9.32977
12.0957
9.9108
7.47169
7.76145
4.75487
9.15604
7.00166
5.82949
6.71486
8.72793
7.7182
7.56242
6.30607
10.9012
5.92775
10.7396
7.50148
7.09021
6.6243
7.89635
6.77337
8.85341
8.50994
6.07313
7.02782
10.1221
7.74897
6.35
7.2846
8.10466
6.39574
10.6161
7.82409
8.01075
7.41055
9.56314
13.6376
7.10976
5.91336
8.82849
8.98969
8.84502
6.96282
9.90893
10.0961
7.10996
4.47329
8.61616
8.12457
7.26991
6.47786
7.3228
6.79448
4.70922
8.8263
9.81821
6.38356
8.6222
6.02968
8.95786
6.90198
9.33659
6.45279
6.3889
6.87948
7.99623
7.55979
7.69566
7.86968
13.6523
14.4793
8.35915
10.0025
6.2645
9.85825
6.19271
7.22225
8.51329
7.64859
8.33135
6.98796
9.2134
7.55918
10.5935
9.39994
8.93965
8.1344
6.64656
7.07093
9.07505
8.67672
8.1634
6.76753
7.74745
9.71153
7.86966
9.86691
9.19561
8.05654
8.65052
10.9682
7.18917
5.02217
8.7342
5.86848
5.43366
7.78418
7.23426
8.4483
6.29235
6.76205
7.25838
7.59555
6.96272
6.79688
5.61581
8.96217
11.0334
8.94175
9.98537
8.84329
6.21934
6.44289
6.76122
6.52181
6.36293
8.11752
5.28068
7.13308
8.26721
6.06969
9.28594
7.1906
8.47322
6.80194
6.00642
7.17842
8.91653
6.9138
6.86544
7.41012
7.52271
11.8991
6.53981
7.91134
4.44062
6.42049
7.01092
6.32234
8.49465
7.79127
7.35924
6.9552
6.7761
7.6106
5.85126
8.30272
7.96815
9.13417
11.5735
5.69118
7.66908
7.85835
6.21373
9.4698
10.142
9.41732
11.679
10.7334
9.33085
5.44201
7.08786
9.87589
9.84341
7.42596
8.35176
9.76226
7.7157
7.00462
6.96798
8.90498
8.42105
6.50045
12.309
9.43468
8.94241
8.69838
8.24101
5.62811
7.37597
13.2316
9.46086
8.07432
6.93973
6.54249
7.00175
5.77436
6.26735
8.34125
8.13663
8.61592
7.18337
8.38857
7.63537
7.84778
8.60131
7.94609
7.11713
6.3407
7.24465
6.85396
7.57031
9.63668
9.65632
10.0114
6.6215
6.80612
8.46156
8.71815
7.44073
5.83581
8.69264
10.992
9.5598
10.4674
7.56748
6.23742
7.42044
10.0608
8.73359
8.28633
9.51387
6.67058
6.76333
6.04827
5.87106
6.58458
8.17513
5.86669
6.40302
8.05083
9.68185
6.89774
6.51944
7.422
7.18669
6.22876
8.49207
8.61446
8.05516
6.60657
7.12062
9.71707
11.4329
6.80535
10.0422
7.20401
7.63281
7.19914
10.7438
9.36555
8.14189
7.1155
6.3877
9.21161
10.0217
11.6172
9.49326
7.7126
9.87027
7.03707
38.5274
9.78248
9.59025
12.2664
11.7251
12.0693
7.67498
6.36516
7.47567
8.30516
6.39141
4.44951
5.85247
7.79659
7.24029
8.02645
6.93936
6.79026
6.21361
6.5319
10.8501
9.89829
7.89456
10.6169
8.20323
6.1607
8.66723
10.3795
8.68928
7.33627
10.0887
8.44544
9.21379
6.16701
8.52514
8.90176
6.542
6.35004
6.57123
9.95668
7.27261
6.45302
9.34977
6.17216
10.8838
11.1913
5.94592
8.31021
9.64077
6.9143
7.77418
8.1651
6.78298
6.58583
9.74568
7.67033
5.72551
7.69663
7.1226
7.86999
12.2241
7.66175
7.92435
7.34306
7.13322
6.88059
5.90085
6.62519
5.75572
5.55896
12.8973
11.1695
9.04112
6.14054
7.54029
6.32473
9.11854
8.92552
8.39754
12.0223
11.2252
8.69094
7.44109
8.48932
9.87152
9.45657
10.0408
9.90516
12.9263
7.64438
13.6592
8.83247
10.2391
11.5636
9.11629
5.28787
8.00226
9.50213
6.13291
5.52033
9.85426
6.82088
8.08122
8.31359
5.84596
5.50407
6.86874
7.54354
5.99311
6.49948
6.01811
10.6543
5.48769
5.42774
10.5586
6.59542
6.27148
5.67441
7.11465
6.1335
6.76319
13.806
9.84631
9.90134
6.51244
9.24685
7.25481
8.7133
11.0571
8.41675
8.49892
8.55647
6.32697
5.75968
7.6197
8.6374
4.75164
9.08094
6.02109
4.81116
6.97297
7.67606
9.08977
11.109
6.41714
9.90297
10.8951
10.5811
8.17539
8.38098
7.40195
8.56963
8.97561
6.2822
5.47631
7.69188
7.22074
8.34296
9.35062
6.99276
7.17568
7.24627
7.72372
7.17654
7.79167
5.7744
7.44695
8.22978
7.15297
9.26137
8.83296
6.94728
7.58276
5.98406
6.08845
5.82742
9.73756
8.032
7.88879
9.15983
8.32122
9.54573
17.7162
10.341
9.49217
5.56821
18.9174
6.60919
8.99089
8.78424
7.16102
7.34577
6.92997
6.55214
7.58539
10.5737
7.2782
8.61342
7.04193
8.72986
7.51654
8.82344
6.52073
7.53134
7.44297
14.7693
5.24974
5.23603
7.5277
10.8996
7.10635
8.60636
8.65176
9.2274
6.44479
10.4598
7.19958
9.27482
5.18916
9.11369
8.63516
7.27452
6.47164
7.56074
7.30682
7.64742
6.82301
6.82477
13.248
11.4149
11.9516
11.2589
7.8774
8.94614
9.7588
6.40299
7.03096
10.774
8.17744
8.87551
9.28783
7.5017
5.91438
9.25687
10.0291
12.8038
11.3586
11.5929
11.3262
7.57305
7.76515
9.22262
10.2086
8.9524
8.30467
6.73694
9.58141
8.23946
6.1938
8.04368
6.343
7.03336
4.7166
5.79629
6.85661
6.19018
9.88442
9.87372
9.57651
12.0682
8.17613
7.6342
7.69797
10.1104
8.44093
7.27538
6.4346
10.4738
7.52758
7.50358
8.55073
7.15376
7.11903
7.37765
7.67652
8.46576
7.87158
6.22745
6.13245
8.10167
8.87758
10.8732
8.79212
6.3234
6.90088
10.016
10.5868
8.0515
7.69511
8.27989
9.00958
7.95918
9.01307
7.88045
8.78074
6.48632
6.60341
9.48337
6.60272
5.07023
13.711
9.99023
7.91793
9.87071
7.66401
8.79311
6.25954
8.1941
8.01249
8.51804
13.8783
9.73321
7.38395
8.30714
6.80221
12.5571
8.75272
7.51536
10.7259
9.32092
6.02775
5.86196
17.3123
8.01041
7.78573
9.08488
7.23232
5.74232
6.42179
8.40804
7.1757
6.78418
8.51247
6.54178
7.52726
8.30355
10.0862
9.22928
9.36492
8.48407
9.41352
8.82459
7.7524
5.48013
8.7702
9.42209
10.3809
5.46738
8.83573
6.40423
7.92391
8.25596
8.40939
5.85586
9.56406
5.19354
8.61562
6.38974
9.5534
10.1722
14.2384
8.48035
8.33639
8.28689
6.35038
9.20988
7.21206
9.6731
6.34992
9.89828
6.69649
9.61485
6.09337
9.43627
9.48284
8.50627
5.70239
6.50064
9.21453
7.48966
7.93159
10.9736
8.11084
9.90587
8.47534
12.412
8.06073
8.3827
6.35339
7.66165
7.91624
13.2188
6.53272
6.02097
9.00054
14.6613
7.75133
5.34524
8.42068
9.9217
8.2747
6.36496
8.58881
6.41831
8.36486
7.13026
6.14595
9.25878
7.87612
10.6852
11.5657
9.53162
9.06528
7.87733
8.04762
6.59924
12.8415
6.90784
8.73267
5.95944
7.40511
7.82023
10.3874
10.4542
6.75236
5.75849
8.51741
7.70019
7.52528
7.62986
6.70132
6.69021
6.98648
6.52599
9.20155
10.8243
9.02807
7.38961
7.35137
6.36003
8.25931
6.76407
9.31785
6.24365
9.45483
9.14848
6.58771
8.5827
7.75587
6.1117
5.99409
6.24646
8.47347
8.85483
7.88795
8.07284
7.20338
7.03131
7.05799
10.0896
9.12909
7.79903
6.38788
8.30775
5.28252
8.21372
8.61369
8.45461
9.04335
8.43997
11.6647
9.60571
8.58141
6.60618
10.0255
7.40871
8.53135
9.27152
4.61278
5.87597
7.31273
7.99834
6.21464
12.0629
7.65209
11.3955
9.19932
11.6812
14.5261
13.5951
9.27461
8.85278
9.63646
5.63107
6.66641
10.8999
5.77746
4.85755
9.77006
12.3598
9.06538
7.3259
7.93079
9.95229
8.83901
7.65893
7.64803
6.43112
7.45175
11.5403
6.31972
13.1706
8.49612
7.16625
8.76109
7.87116
8.99103
7.15951
9.57374
10.378
10.39
9.58907
7.45452
7.70908
9.23058
8.43154
----------------
insert (avg): 8.08989
----------------
----- init -----
11.0734
----------------
init (avg): 11.0734
----------------
----- commit -----
1623.01
----------------
commit (avg): 1623.01
----------------
# Loading records:	1000
skipping run
