parsing config file ./lvconfig26.conf
parsing done
<<<< begin once 
<<<<< redos: 0 >>>>>
<<<< commit once 
----- insert -----
5.30587
4.40435
4.67208
4.42764
4.49232
4.36148
6.08054
5.41502
5.15228
4.08304
4.23113
4.79986
5.03701
4.65541
5.7142
5.95595
6.37557
4.6645
4.50047
5.34373
4.99805
5.16865
6.18282
4.60759
5.85333
4.34036
4.5869
6.01243
5.36865
4.95993
4.97563
4.82088
5.43426
4.2983
5.54404
5.41279
4.60967
4.48935
4.12479
5.22291
5.12687
6.26809
7.18182
4.87779
5.24177
9.67556
4.27266
4.78727
5.20539
4.72394
6.19866
4.60425
6.47182
4.70128
4.61148
5.60698
4.40087
5.13809
5.21331
4.1681
4.55009
4.78075
6.91617
5.25969
6.30092
5.66456
6.63288
5.54947
6.47477
4.91254
4.96753
4.72121
6.88324
6.63976
7.74172
7.08503
8.29041
6.51495
10.7072
12.4404
6.86214
6.65946
6.51964
8.30056
7.2301
6.08998
4.52793
7.49371
5.2951
4.16812
6.81647
7.16772
6.94958
8.58343
8.06968
12.7633
5.6974
8.26941
5.66769
6.47785
8.32976
8.1408
7.85944
5.81122
5.69122
6.311
13.4668
7.7579
5.54259
6.47726
10.8573
6.49565
4.89201
9.29073
6.84486
5.91614
9.65267
7.12807
5.15382
7.53861
4.92183
8.23823
9.34389
6.22453
6.9999
9.02511
9.10328
10.5991
8.53739
10.6411
8.11203
6.97587
11.9208
9.14565
5.38838
7.42747
8.23377
5.87116
7.55694
5.7587
6.21982
6.70698
6.79014
7.78774
8.64356
7.84587
7.50768
8.46096
9.97777
11.1954
30.007
17.9374
26.0276
10.292
7.78627
10.7571
8.14613
16.2523
8.93726
6.57427
4.33434
7.10442
12.8102
6.43955
8.92223
9.53343
6.68949
6.38182
4.70606
5.53207
5.35831
11.8908
6.76367
5.88521
9.27033
6.90012
9.88518
6.18789
6.6913
6.50393
7.95203
7.24517
8.92953
8.06962
6.94923
8.03389
6.12542
6.34449
7.18629
6.03173
6.99548
7.18598
8.02652
9.49878
10.3474
8.72448
6.9764
8.65495
6.09635
6.65943
7.81617
7.42258
7.51186
9.7043
8.58102
6.25067
6.34714
7.54454
8.43883
6.12947
7.19939
5.99733
5.33848
7.94412
8.77931
8.93723
11.2436
8.47774
9.3957
8.19934
7.68507
6.39623
8.37242
5.99178
7.05438
6.95107
8.11699
8.61065
9.57619
7.05879
9.66644
6.45872
11.6879
9.05675
10.8475
8.45476
6.60593
9.22587
8.45306
9.68881
9.06209
6.44057
7.31335
8.22905
6.60929
10.4395
7.49788
8.21678
7.92094
8.88189
14.3482
7.08458
9.88097
8.34053
6.94902
8.22046
7.52586
9.24291
11.0177
9.69668
5.59213
6.63559
5.33702
5.783
7.07449
8.44687
8.59403
9.42085
7.15168
8.36913
9.70429
6.4698
8.39632
5.81053
6.48654
6.34383
6.73973
6.28455
5.78523
7.07737
7.19282
7.62512
6.06983
6.5442
7.33943
9.34401
8.27804
8.46653
7.85828
5.77679
8.18475
7.90153
6.01461
5.41109
5.9134
7.64208
7.66476
6.84357
10.0314
7.85849
8.10553
7.1475
10.0865
7.01735
9.28661
5.52754
7.85422
6.23569
7.22614
7.07275
6.34482
8.18491
8.00736
7.09652
6.81776
10.4397
6.92585
6.97767
6.74309
7.30407
7.78276
8.84323
8.57776
8.44459
6.8736
7.56122
7.85679
7.64628
7.24722
6.29618
5.32316
7.56334
7.34434
6.94999
6.14971
6.22451
11.2921
8.31065
10.0019
8.74016
6.42533
8.91832
6.19859
6.45433
6.68779
5.78235
8.43151
5.22281
7.2626
5.98775
8.85815
7.27253
5.72333
7.04136
8.187
5.11582
8.39524
9.93903
6.28264
5.18492
8.91992
13.6616
6.38819
8.35125
7.11194
6.08181
5.06937
9.05923
9.04884
12.0772
8.45093
7.74951
9.39935
8.29124
7.88853
5.93897
7.51509
7.98409
8.69137
10.1339
7.29167
5.32729
9.89478
11.7694
10.4111
6.62843
6.92624
7.51884
7.65221
8.09199
6.72849
7.38074
10.1879
4.65383
6.15035
9.55308
5.08689
8.21023
5.76034
8.28558
7.8975
7.54709
8.37466
7.39969
8.72743
6.84273
7.26976
8.19273
9.19141
8.20155
14.7003
8.27538
8.75074
6.5882
8.97447
7.64972
6.7697
8.65297
7.15465
6.75141
5.26111
7.7178
7.59606
6.71195
7.48865
8.54035
6.79166
7.89149
6.85652
9.69727
5.81917
6.29217
10.3
9.06909
10.4242
6.64684
6.48678
6.13361
7.25048
8.26036
7.37969
7.3796
6.79767
8.68717
8.61182
10.1806
8.18524
7.74073
5.68264
9.66958
8.54378
7.82436
10.0207
6.95904
8.49441
9.1296
8.2171
10.2118
8.41917
7.96057
10.2635
7.00532
7.1646
5.96788
7.85355
6.26922
8.6529
8.66177
8.29653
8.91345
8.98697
6.74221
9.43599
4.23866
6.77683
6.58438
7.04825
8.04834
7.20941
10.2059
9.28221
8.28352
5.82049
6.81799
9.80912
10.3773
11.4077
9.44187
7.44687
6.92543
10.1844
37.7992
9.67308
10.7126
11.9439
10.8802
13.0422
8.32709
6.48228
6.42315
6.74205
6.03047
9.01828
9.32697
7.26757
6.40207
7.95962
8.57174
6.96243
6.96153
9.30149
7.68881
6.72911
9.71099
5.9313
6.75493
7.9881
12.7145
4.47374
9.89213
8.2945
8.98074
7.92919
8.44219
6.4329
8.94675
8.191
7.52875
6.06351
5.82132
8.69465
7.4002
8.31836
9.50494
6.36145
10.5579
11.814
6.1583
7.80201
7.66464
8.4863
7.83969
9.32141
5.65995
8.21185
7.02031
5.51817
9.05919
10.2137
5.5521
5.94759
11.8774
5.16506
8.2645
7.22292
5.96667
7.31907
9.53686
7.02587
5.43174
6.29153
12.7916
11.1657
6.29996
6.11528
8.06602
8.02343
8.41673
7.27776
10.3639
9.75647
5.59515
8.72942
8.93596
8.51778
7.25363
9.8454
7.46427
11.4269
7.51402
12.2129
7.64554
9.77814
9.41302
7.72129
17.9224
11.7432
8.28956
8.52348
6.30307
4.77143
7.10619
9.83218
7.41459
8.04937
8.69603
8.20477
9.67901
8.74524
6.04513
6.67164
8.90376
6.41779
8.24871
8.80113
8.39058
8.71312
7.0729
9.7313
6.60973
8.03578
9.64144
8.36062
10.666
8.45866
5.71648
7.24084
8.60945
7.26293
7.92063
7.57255
6.71633
9.17801
9.02889
6.20033
5.6814
5.90176
7.48903
6.44255
7.12988
8.04176
5.37451
6.54997
7.54922
9.20624
6.84559
9.1483
7.25164
6.74088
11.4126
7.0109
8.61732
9.84449
5.90005
7.69799
9.8757
9.50995
7.39793
6.22636
6.24357
7.07404
7.39221
8.71407
5.64427
5.97109
6.79129
6.49225
6.43947
4.91961
9.04603
6.85405
11.1139
9.22593
9.73048
8.03929
6.69273
6.3172
7.29394
9.21042
7.41964
8.18247
5.05221
8.30007
10.6874
12.9249
7.64563
7.69591
7.74549
20.8412
10.0602
8.76432
7.85825
8.47689
7.08488
6.55103
6.54719
6.64204
11.9452
8.82303
5.29225
5.37937
5.58851
8.69238
7.9425
6.96236
7.67996
9.84899
18.985
8.94912
6.47206
7.56832
5.92064
7.06474
7.8983
7.47683
9.7762
6.14868
7.4395
9.32351
7.93831
6.75215
8.82229
5.81467
8.11281
8.9222
6.6571
7.38531
7.35894
7.34729
9.24319
12.8088
13.2605
10.448
10.9624
7.89798
8.3055
9.33014
7.51577
8.51732
9.21531
7.1527
5.97903
8.52049
8.38369
9.61933
9.28804
10.5332
12.5284
17.3463
11.0513
12.3301
7.69225
6.26109
5.97782
8.10181
8.74374
10.4029
6.3308
7.07666
5.85827
7.41208
7.76457
8.151
7.16207
5.20096
6.0593
6.71362
6.6136
7.33303
6.9701
9.27089
9.0471
8.68394
8.35061
6.22614
9.40667
9.31694
7.82807
8.73095
5.9498
9.75375
7.93597
6.64438
8.43346
8.42968
6.99365
7.84237
6.65721
5.2024
7.02432
6.18013
7.42741
11.174
7.88588
10.0775
7.7943
9.54134
9.76167
14.7518
8.53224
7.5488
10.7386
7.04052
7.35676
9.86823
8.30766
7.88207
5.93684
7.18311
5.98951
6.94097
8.58345
6.45056
8.51519
8.9139
8.62934
6.75892
7.39177
5.22629
7.5552
7.9908
8.33359
8.33319
6.41854
15.9299
7.93896
7.39382
8.00216
7.12853
13.8418
10.0699
8.30386
6.27093
6.63635
8.80045
6.29133
6.41202
13.7024
7.95808
6.30662
10.9797
9.22654
7.86401
8.87636
7.59385
6.46376
7.8335
6.84146
10.7765
6.75432
7.70818
9.09242
7.59202
6.47455
8.37666
7.29134
10.2014
8.30567
9.82686
6.54045
6.79991
8.13603
8.7257
5.81558
8.24334
10.8123
10.1909
9.00325
10.0831
7.67332
8.62933
5.81832
10.048
14.4532
12.2673
8.36962
7.55978
9.55988
6.69351
6.2697
8.71519
6.62065
5.38444
7.43735
6.71203
7.49417
6.91348
10.7964
8.79592
7.42026
6.04912
9.4177
9.90808
8.30772
7.01997
8.84457
7.27858
9.0184
6.86234
14.6561
9.63701
7.35604
8.18381
5.66863
7.19823
8.81413
7.78347
9.96573
7.35725
8.38461
8.9774
6.59101
9.69095
6.45762
5.97175
8.12662
5.49086
6.97931
8.22739
10.2552
5.11676
12.9776
7.97837
9.16835
17.6035
6.43934
6.54861
8.12552
11.2567
9.11356
10.4182
7.89293
8.94466
6.18034
6.72482
7.46453
6.02362
7.04842
9.02759
11.3745
8.83168
8.37084
6.99867
8.28984
6.59999
6.61545
6.96892
5.57542
9.27764
9.63472
6.62356
6.59016
7.76161
5.30352
7.03936
7.28078
6.7025
7.80463
7.8819
6.55601
6.74608
7.41538
7.53645
9.34146
7.47185
9.02111
8.32157
7.89318
7.09125
7.74886
8.39937
7.13717
6.34843
6.22638
5.84193
8.82648
13.1119
6.85319
6.60955
7.0119
8.15307
8.21468
8.72489
9.12673
8.4804
10.8646
10.7359
9.59094
8.96185
8.14122
9.41917
10.5682
8.02885
9.77545
6.99244
5.34075
9.15067
8.16476
7.76395
10.8989
7.93025
8.57554
7.19191
12.7857
12.2099
10.2442
8.61924
9.79434
5.62095
6.61276
----------------
insert (avg): 7.91206
----------------
----- init -----
15.7627
----------------
init (avg): 15.7627
----------------
----- commit -----
1534.84
----------------
commit (avg): 1534.84
----------------
# Loading records:	1000
skipping run
