parsing config file ./lvconfig24.conf
parsing done
<<<< begin once 
<<<<< redos: 0 >>>>>
<<<< commit once 
----- insert -----
4.62972
5.2196
6.15975
4.97
7.39503
6.44317
6.52573
5.82633
6.7003
6.37965
5.45515
6.25137
5.68473
6.59527
4.87183
5.61681
4.446
4.55897
4.32951
4.94999
4.81153
6.52575
6.9172
8.96628
7.68596
5.61528
4.58278
4.46332
4.82144
3.80902
4.77203
5.5946
7.12605
6.37058
7.42954
4.68008
4.91093
5.74953
5.8031
6.09501
6.43613
4.41242
5.45496
5.60075
4.69197
5.38799
5.78302
4.86589
4.77835
4.95707
5.68372
7.56893
6.65247
8.03554
6.99992
8.20617
7.50053
9.091
12.444
6.89433
6.97826
7.1434
8.27906
7.9924
7.89242
9.42984
7.77541
8.44055
7.50498
6.75217
7.92258
8.20468
12.5056
6.35845
6.20731
5.84566
7.99351
9.91136
8.05263
6.64859
7.11132
7.20334
6.6766
9.10036
10.0099
10.1071
7.57042
7.75275
6.3236
7.98496
8.53121
9.80006
6.39576
5.30501
6.86698
8.29693
8.06212
6.32353
6.10493
7.12152
7.26505
8.91487
9.22225
9.73138
9.0221
6.66409
9.96022
7.04704
11.9944
7.66219
7.58796
10.4824
8.66844
4.91296
7.10536
9.42312
8.09499
7.85015
8.02187
8.29522
7.73377
6.36024
7.68784
7.54298
6.48258
8.3861
30.5596
18.5013
25.5802
9.61512
8.5231
9.98905
8.43239
16.5286
6.30958
9.28668
8.28977
11.5596
6.57886
7.48428
9.48235
7.32229
7.19004
9.43988
8.6418
8.20258
8.0137
8.01484
8.73732
7.45715
12.1406
6.2781
11.3494
7.82791
8.89562
8.29677
7.34986
9.01736
6.27756
7.85794
6.27596
5.55163
7.26234
7.76288
7.15114
7.57809
8.55787
7.98094
9.36883
7.39323
6.83824
5.0056
11.305
8.23238
7.37575
8.16343
10.0755
7.47988
6.13492
8.54355
7.2009
12.3518
8.33835
6.16352
7.22665
9.56611
6.63841
10.0378
12.0076
8.04043
7.70629
9.5796
8.68023
8.40203
6.20247
6.40543
8.6307
8.61314
7.21159
7.91772
12.8838
6.92228
6.84144
6.31788
6.52004
10.9322
7.18466
6.02658
8.1455
10.579
8.51666
10.0576
5.24442
5.89893
10.2233
8.72827
8.76735
8.751
9.11302
10.2401
8.7528
8.82857
9.17203
5.54351
5.21426
7.37233
7.93763
6.9655
8.19982
7.86835
11.0686
7.87108
9.56748
8.05879
6.92189
6.68325
4.77491
6.36621
7.36428
5.41521
6.22549
6.96461
12.0969
6.63137
7.30214
8.4745
6.17745
6.69029
6.92685
5.91694
7.26721
6.78411
9.32036
7.61491
7.50235
7.01281
11.1914
7.80317
7.25338
4.15533
9.31488
10.8776
5.9405
8.32989
6.67814
7.2384
7.69674
7.38578
7.74485
6.49185
9.06623
4.94324
8.72756
10.1029
9.45377
4.96436
6.42158
4.71906
6.43213
8.39767
8.878
9.36667
9.35429
7.54181
9.38177
7.08299
10.6449
8.61336
8.6483
9.14345
10.6411
5.47213
6.95059
8.85363
6.0052
5.4402
7.66076
7.9838
7.61975
7.10188
5.91203
7.67982
8.17092
4.54031
5.96604
6.63918
8.78749
6.46042
12.272
7.71558
8.97398
9.91688
5.95569
7.56696
5.92609
5.75365
6.30568
5.65142
6.98884
5.02427
7.06738
6.56865
6.1737
5.31513
4.97971
9.4429
6.42821
7.47529
5.94111
7.66134
8.71082
5.65387
7.33161
6.23215
12.5211
9.14409
6.66498
7.47472
6.50618
7.32957
9.32226
6.4007
9.38777
7.71159
5.39126
7.09618
6.62016
6.65429
6.43633
7.05361
9.03944
8.06539
7.10162
6.29009
11.5573
5.95588
9.38902
8.01325
5.95891
13.338
9.39814
7.84225
8.61998
7.30697
6.06239
4.97139
9.12952
6.18482
7.87142
11.546
7.45559
6.61855
7.53762
8.4634
9.40103
10.0539
7.77124
9.32065
9.06986
8.66647
8.38129
5.52905
7.48433
14.5283
8.46023
9.07621
7.70551
7.70454
7.19824
6.37118
6.79451
8.40115
7.30009
9.88478
6.30026
6.79469
8.36051
9.00079
6.71505
8.07048
5.9216
6.4179
6.5792
6.21075
7.01679
6.88948
5.34503
13.307
8.05578
8.3704
7.32556
6.89047
8.76664
8.39396
8.8215
10.8292
8.58174
7.02702
10.3162
4.91567
8.07907
8.33397
6.37731
11.2107
8.23526
10.7788
7.2319
6.21997
7.34877
6.86445
9.07554
8.53537
9.22761
8.36421
7.15074
7.56366
6.7908
7.78906
5.88416
8.84253
9.42709
8.21428
8.10193
9.5808
10.8569
7.19667
9.29701
9.31327
6.69434
5.57302
7.25699
10.4635
8.93133
7.90294
8.00174
10.0629
9.65977
11.2094
8.83257
4.96982
8.38971
6.65648
6.13052
36.0569
7.33689
9.31093
10.502
11.3192
11.957
11.5496
7.62506
7.05713
7.29638
7.08988
7.77511
8.76856
9.15022
7.67973
6.69043
7.38727
6.91111
5.65327
6.57498
10.322
7.74903
9.38309
8.39629
8.66216
9.89136
8.84688
9.55149
8.23337
6.45073
6.10462
6.18966
8.61097
8.47715
6.48244
8.57362
5.87592
7.42859
6.09549
6.87823
6.32174
8.4686
8.85543
8.64229
7.05088
8.78716
10.8865
9.00965
8.58849
6.57178
5.39058
5.61719
7.54501
9.39404
10.2439
8.15407
7.44213
7.15846
6.32213
6.85618
7.02785
8.05232
8.95783
7.17803
6.29366
7.80703
8.15192
6.66415
6.75637
7.09314
7.16812
7.44392
7.13245
13.1557
9.38923
7.21276
8.31534
8.1661
7.05349
6.84919
8.32171
4.91483
7.44503
7.01759
5.70911
8.67116
10.5287
8.38935
8.91938
9.28558
8.11806
8.7248
12.3541
8.034
9.03189
13.1736
18.7393
6.94318
8.92149
9.95134
9.03592
6.38699
7.08268
7.65496
7.87167
8.12395
8.70222
8.52579
8.61045
7.7713
5.66434
8.27547
6.2697
8.98266
8.63912
8.20485
8.94492
10.0046
7.07156
9.80101
6.97876
13.9361
10.7153
10.5988
6.05866
6.67978
5.01326
6.69648
12.7602
5.40175
6.83032
8.92674
5.54626
5.6233
7.65541
6.00791
7.26248
7.07637
7.26777
6.45563
7.08191
10.7276
5.86158
8.69717
11.4468
9.91056
6.29871
10.1313
11.3516
8.21062
8.95779
9.38522
9.05849
7.22284
9.22911
7.89227
7.89776
8.30861
6.0819
8.37065
7.86981
6.53928
10.3171
6.55126
7.65516
5.85661
7.08029
8.49517
8.17534
13.4318
7.63496
11.166
6.17688
5.8981
8.97065
7.29116
6.80335
8.05546
8.78185
9.11093
9.62089
17.2525
9.91048
5.06397
5.45805
20.3515
10.5891
8.3171
9.49494
8.01102
6.45647
5.37687
6.89497
6.94583
9.85498
9.01698
5.92953
8.43666
10.0909
9.76268
7.3201
5.84822
7.4876
8.03396
15.7328
8.76694
6.56416
7.17049
6.8418
9.63484
8.78561
7.99922
8.76264
9.48555
9.21466
10.1715
5.93463
9.29229
12.2701
9.72465
7.3872
5.44247
8.32587
6.97122
9.60174
13.8272
10.0851
12.0835
9.39398
8.58463
8.38808
9.2549
6.4126
8.50246
10.8538
8.28555
8.47095
9.79631
7.37901
6.31377
9.44258
10.1146
11.6943
10.5882
7.53142
10.8931
13.4837
7.33943
6.94152
8.62049
7.82011
7.14193
7.72322
10.2043
7.07696
6.67125
10.1975
6.74157
5.36132
8.02851
5.63946
8.84803
7.02667
8.25652
5.88231
6.52757
7.15447
12.5286
7.91558
7.17474
8.24126
10.1953
7.74925
8.55644
6.63747
9.17477
7.97391
8.95701
8.75502
6.89614
6.52038
10.36
7.30855
9.44857
8.54191
9.59822
5.52781
7.8689
9.90461
7.13471
6.37858
10.4406
9.64535
9.9967
7.34325
9.34009
9.75099
8.21019
6.82623
5.46798
10.6007
6.53732
7.64553
7.31917
11.0918
7.83469
8.09103
9.45526
8.72519
9.34885
10.3524
9.30843
6.59329
7.74249
8.68308
8.27284
8.21987
8.35075
9.28587
5.11489
7.40643
8.49695
8.24317
9.96497
8.73627
7.5188
10.3691
11.6142
9.74967
17.7644
11.3891
5.4143
10.1928
6.12529
7.14816
6.27944
7.29413
12.604
8.91583
6.6663
9.26442
8.40465
7.3582
9.30051
6.71793
5.29144
9.87005
5.89059
8.56927
5.74744
7.01593
9.4628
11.9545
8.22231
9.74192
10.455
8.30853
7.77639
8.39744
5.79815
9.10276
5.87333
10.5113
8.67306
7.91047
9.55063
12.2481
7.44519
10.1225
7.5524
9.10625
10.7012
6.70047
5.4727
5.47921
10.2643
9.33981
7.09195
6.42337
9.95231
8.83449
5.32241
9.32108
9.63077
10.9703
9.09727
6.61147
7.22235
5.12963
7.64776
7.93169
16.7706
8.54679
8.22925
6.50169
7.56449
8.29552
12.5872
11.6718
9.6428
11.6388
10.0893
6.3847
6.79835
6.24676
7.17729
7.23789
7.89087
6.23451
9.57933
8.77672
8.72171
8.8492
6.94649
6.91757
17.8194
7.87083
10.3915
7.88728
6.49771
8.45187
12.309
6.37273
9.4633
8.33734
5.9808
7.05435
5.07538
6.65582
8.56784
9.1792
6.70173
5.63577
7.21857
6.65083
8.53545
8.09838
6.4488
6.25551
6.25524
8.85643
9.29633
7.41894
6.20757
7.96849
6.55877
8.17595
7.83147
7.61767
7.96551
8.39936
6.24324
8.23521
9.1539
8.82888
7.52358
8.22443
7.06328
6.54236
6.2569
6.44861
6.74259
7.2501
6.92219
6.55206
6.03428
5.94564
14.3753
7.72507
7.99293
6.72018
5.92921
7.58218
8.28299
7.57295
10.1604
8.86819
10.7058
10.3866
9.85777
8.59414
10.3852
7.38222
10.6351
8.49826
9.3308
8.5848
10.2139
8.13087
10.1009
9.94184
10.8564
13.3246
14.019
11.8128
6.89637
6.55805
8.209
6.33722
5.94239
6.80682
10.8094
7.90467
8.06812
11.7325
9.6099
7.58352
8.28122
8.66517
8.33819
7.51173
8.24899
9.50787
5.83802
8.43993
11.8786
9.30068
6.54467
6.76417
8.04312
8.51512
12.0216
10.8348
9.70426
11.1908
9.7032
7.86358
6.27693
7.83911
8.18311
8.07039
9.25565
8.22216
8.24455
9.45235
13.4325
7.08236
----------------
insert (avg): 8.14395
----------------
----- init -----
10.7974
----------------
init (avg): 10.7974
----------------
----- commit -----
2275.94
----------------
commit (avg): 2275.94
----------------
# Loading records:	1000
skipping run
