parsing config file ./lvconfig13.conf
parsing done
<<<< begin once 
<<<<< redos: 0 >>>>>
<<<< commit once 
----- insert -----
6.44558
6.41898
5.72389
4.50062
4.21157
4.76822
4.54028
5.15164
6.36549
7.76343
6.36036
5.96338
5.28244
4.64922
5.06943
5.00315
5.07567
4.61571
6.88999
4.92634
5.66996
6.71392
6.89506
5.4908
6.13255
5.52695
5.67391
4.06269
6.78713
6.07154
7.06351
7.14829
8.81363
7.5371
6.75013
13.7858
6.30492
6.72875
5.32042
5.87073
7.78458
7.16224
7.50201
9.59728
7.98251
8.17509
7.01995
6.53802
8.68898
7.28591
13.9783
8.9267
6.09832
9.02665
7.40277
5.40837
6.24767
5.67902
6.86385
7.152
9.55333
8.16955
10.2077
10.3249
10.5875
6.59733
5.60974
11.0597
9.18506
4.95024
6.40139
7.39526
7.80556
7.7311
6.07535
6.96855
4.71201
7.36364
7.18357
9.05536
8.01117
6.58791
5.37732
7.59301
8.62478
8.96716
7.88704
12.5573
10.029
6.94979
6.19875
8.80058
6.12391
6.84264
8.67613
8.38172
7.36287
7.93726
8.65594
8.51587
10.0445
6.00668
9.28746
9.78653
7.29595
24.2014
16.0643
7.45395
24.1503
8.1799
11.6161
7.97921
12.2365
9.30539
9.11055
6.8837
6.62986
7.91516
9.00776
8.17911
9.9568
7.55811
7.39005
10.1698
8.28202
7.62549
9.3033
8.18869
10.9791
7.63098
11.1467
10.2553
7.63611
9.74428
7.56078
10.8545
7.24641
9.70477
8.60847
9.80981
6.70667
8.34411
7.5482
7.3961
5.65467
4.78597
7.08047
6.17448
6.64319
7.39546
8.37305
11.3586
7.14429
7.27952
8.76731
9.05088
8.93996
6.35836
8.37385
6.73551
7.31816
6.05754
7.88509
6.31887
6.83595
9.61209
6.79779
10.2608
11.5494
8.14455
12.3431
7.16277
8.70367
8.26673
6.45223
6.64186
5.97628
7.6544
8.04223
8.40515
8.78814
6.54993
9.955
4.75478
6.47657
7.25105
14.2396
6.96316
7.95504
8.13546
6.78054
9.45875
7.02169
6.80675
6.44765
8.39475
5.88173
10.015
7.5649
8.97736
9.06503
8.9927
13.4408
7.41778
9.65403
9.65711
7.96479
4.46654
6.53011
8.30247
10.4239
8.66566
10.1093
8.70478
7.41192
7.25441
6.80556
7.95595
7.19412
4.09922
8.3178
8.84464
6.43786
9.27953
6.66191
5.7831
8.07362
6.33226
6.12271
7.37887
4.95082
5.56912
8.50023
7.1996
7.82862
5.86045
6.20878
8.24771
7.45508
9.17573
7.5718
10.7257
7.62748
5.53207
8.11531
5.81318
5.90027
5.62802
6.92261
7.49204
7.13581
8.87618
7.3545
10.4579
9.98857
9.02067
8.8074
5.97404
6.42713
9.88757
8.0419
8.79873
9.21099
9.92815
9.71071
6.89526
10.7534
7.93157
7.71941
8.41809
8.43239
8.06466
9.06161
7.41634
7.06001
7.88496
7.4809
8.011
6.88599
6.80882
7.53888
9.12814
7.23637
8.79494
8.94656
6.37377
12.6156
7.78654
8.79134
6.22505
7.88566
7.08704
5.50441
6.61333
6.34148
7.31658
10.799
7.71733
5.35166
6.54793
5.3652
6.80924
9.40669
6.54413
7.47541
6.47954
8.07577
7.35112
6.00395
7.65604
6.79146
11.1869
9.12496
6.61674
7.59961
4.97818
8.58552
5.82688
7.72133
6.46983
5.95002
8.71771
6.37717
6.83751
10.9752
6.57761
9.28079
10.6604
9.44084
5.86398
7.63295
4.77748
5.62355
7.39213
9.75512
6.89284
9.55777
7.60584
6.64302
5.37229
6.61478
7.3902
7.01916
6.89856
9.10263
9.14526
6.50955
10.9496
6.20709
6.17143
7.31843
7.16431
7.74505
8.93599
6.90139
7.30846
7.6916
5.99151
8.98658
7.36479
6.17881
7.68245
13.473
6.79482
7.16089
8.72271
7.07429
7.10023
6.61752
7.92284
7.24168
8.19072
7.78477
9.34029
6.44808
6.36502
8.56288
9.12707
8.20439
6.1644
6.46093
5.77378
8.64449
6.43742
7.43869
7.91533
9.346
9.67133
7.25942
7.41061
8.79785
7.76889
7.36681
10.0569
9.56245
7.87017
8.44972
10.2397
6.43583
6.28466
5.62619
8.2112
6.39617
6.86091
7.72553
9.55723
6.25605
7.06347
6.82922
7.78727
6.33662
8.8631
8.8436
9.9807
8.84726
7.49194
5.86976
6.19646
7.88073
6.50769
8.12081
9.34905
7.75269
7.5919
6.09399
5.95909
9.70477
8.40324
7.90359
11.2319
7.1257
8.64729
7.04039
6.73808
8.89125
7.46766
11.9059
9.31577
13.7947
8.41672
9.59548
7.09797
11.0454
37.9814
7.93227
7.09218
11.307
11.8197
11.5358
12.7357
8.59599
12.4107
8.89861
7.15185
7.7487
8.05075
7.65284
5.44807
7.57834
8.08104
6.42383
8.18603
9.56733
10.3944
8.09095
11.0435
7.11981
8.84744
6.86074
9.35363
5.1921
9.10915
8.83179
5.91016
6.99826
9.8557
7.15505
9.89288
7.85857
5.84701
8.84355
5.63088
6.98986
7.16178
6.49333
9.38053
5.58642
7.33102
10.8733
10.3624
7.59669
7.93384
4.07522
5.79137
8.42119
6.90888
7.57005
6.16368
8.44156
10.3762
5.54855
9.61761
7.80045
6.8254
9.2289
7.92029
8.06503
7.3133
8.13197
11.0517
6.16336
5.19455
5.90885
8.5976
9.95226
7.89736
6.84035
8.37856
7.58259
7.92757
7.31299
7.3498
8.29916
11.7108
5.24154
6.32295
8.99133
11.787
8.77275
8.48618
9.46783
6.38026
7.26949
12.6548
8.96628
7.63151
10.0285
7.39046
12.8717
10.5099
11.4032
7.54727
7.00863
6.6671
5.15908
7.73249
6.39248
6.42039
7.47546
7.28756
6.96571
6.08674
6.91343
8.90829
8.57704
6.98738
11.608
8.97371
7.28575
10.0869
9.22768
7.51556
9.444
6.70439
14.3003
9.41951
5.50852
8.09837
5.90838
8.55001
6.12481
8.62196
10.5765
8.68013
8.29021
5.6405
5.62021
8.42886
5.97996
7.37662
6.0737
7.45687
6.26535
7.42219
6.60054
9.77968
8.68855
10.9683
6.15998
10.8472
10.2414
11.1201
8.47796
8.75715
8.12629
6.06509
9.73179
6.8764
8.57062
7.5051
8.54612
7.7845
6.55156
7.17402
6.15199
5.95485
9.14644
7.43504
8.00124
6.42937
5.96825
8.0748
8.19486
14.4118
6.33527
6.35414
8.43501
7.01271
6.76333
9.44064
7.41355
6.08866
8.03383
5.56891
9.09915
12.1857
12.9261
9.44292
9.65867
21.1702
8.54251
8.22529
7.58138
5.81799
6.33259
6.59247
6.18901
6.14579
11.1668
9.79631
8.5977
9.84916
6.25727
7.95821
6.80027
7.71328
8.40744
8.41801
18.2936
8.62731
9.7319
10.441
5.66054
7.81557
6.75944
8.29941
9.67497
7.16444
10.4933
7.60537
6.82382
8.74798
6.30845
8.27368
9.38205
7.86501
7.33888
7.3802
6.74788
8.99554
12.0594
12.3885
10.5311
10.5691
7.55888
9.91067
8.26928
7.18593
7.36474
11.6744
6.35566
6.16163
8.47732
6.88455
7.30938
8.63663
8.3066
6.30879
12.8142
12.9118
10.6818
10.5643
7.33029
7.92766
6.27539
6.99477
6.48121
8.4171
9.64805
10.4014
7.63542
6.34367
9.99845
7.80701
7.6852
8.17875
6.39526
7.54807
7.9048
6.26707
8.37276
9.23079
12.4582
8.08384
6.84695
7.99912
9.68999
5.58323
5.49922
8.54859
9.07589
10.841
9.00295
8.50012
7.05703
7.56105
11.4985
7.6021
8.37093
9.46511
9.72377
8.54674
14.3933
7.36195
9.05964
7.14797
9.91384
10.8749
7.84166
5.74518
10.4468
9.40256
7.01084
5.48448
9.12954
7.41389
7.46909
8.07227
10.9752
7.8446
9.0072
8.64857
8.35407
9.09339
9.28919
6.49438
5.98514
5.75146
6.2932
7.35973
8.67207
8.87274
10.3911
11.3917
8.39703
9.05693
5.94873
14.4693
11.7475
7.97018
9.87101
9.3138
7.81879
4.85913
10.1502
6.22478
7.80258
8.23325
10.2708
6.57142
6.80546
8.07793
8.10617
6.37179
7.34217
7.62502
7.87019
6.84598
8.09829
5.25841
7.76107
9.0886
8.14008
9.44831
8.0168
5.41621
4.59201
8.25959
9.71881
7.71865
8.13594
9.1461
6.69269
7.31015
8.1654
7.57293
9.40251
6.15087
8.77967
7.01485
7.11356
6.69656
11.6281
12.1
14.7817
7.67965
4.64057
9.45024
10.3195
6.03089
6.80036
7.17559
10.7731
6.09689
6.24852
7.59672
9.65611
8.93133
6.30741
7.25267
6.0361
8.32338
6.64632
6.20988
9.45906
10.1267
8.81921
10.0633
11.35
8.45921
8.5797
8.08745
6.82731
8.0081
8.8285
8.11391
10.8507
6.18981
8.01832
7.90638
10.0114
8.67497
9.29112
10.0466
9.21375
7.41763
7.61837
9.41342
6.93164
6.12454
9.976
8.32203
7.71097
14.7961
8.24695
8.7919
6.48695
12.8429
8.21706
8.17496
7.32444
8.62918
8.36935
10.0729
7.5923
10.6918
8.10089
7.1303
7.4796
8.36445
8.22765
6.76819
7.86945
7.50452
7.09445
6.3166
6.686
8.40725
11.9143
8.22381
8.88826
5.72469
6.8673
7.95988
7.58734
10.0515
9.36821
10.0597
9.27619
9.19303
8.44599
7.76429
9.45673
7.74868
6.62787
6.00274
6.6005
8.1692
6.56959
8.15265
5.73866
13.4856
12.0688
8.10488
7.89041
6.07211
7.51749
8.14509
8.67686
9.10825
4.97013
9.46466
10.5491
10.2374
9.68331
10.0663
7.44172
8.59287
9.0492
9.29712
8.89897
8.12139
8.95807
8.11277
8.7073
11.0634
8.44161
10.266
9.39405
10.9044
8.84072
7.4306
6.76717
9.4178
10.0388
7.48871
11.0993
10.094
6.42468
10.412
5.01555
10.1056
7.64633
7.21572
10.1667
8.87964
9.55315
5.99823
6.15982
6.77243
6.65958
10.4548
7.24138
8.21608
7.33354
7.48854
9.13277
11.9811
12.4478
8.77372
10.3467
10.4089
9.68
7.12948
8.24666
7.71123
10.0076
10.2504
10.0864
9.74488
13.9111
8.78839
8.84406
9.45796
7.88254
7.81748
9.04438
10.1975
7.75455
8.51916
7.80004
7.1842
10.7583
16.2874
9.10056
9.84434
8.36148
5.42666
9.89716
8.8913
----------------
insert (avg): 8.17705
----------------
----- init -----
12.4964
----------------
init (avg): 12.4964
----------------
----- commit -----
1563.04
----------------
commit (avg): 1563.04
----------------
# Loading records:	1000
skipping run
