parsing config file ./lvconfig37.conf
parsing done
<<<< begin once 
<<<<< redos: 0 >>>>>
<<<< commit once 
----- insert -----
4.21989
3.42958
3.45727
3.45326
3.48371
3.887
3.64639
3.43186
3.85687
3.45484
3.42217
3.5528
3.50162
3.59878
3.43849
3.2334
3.81068
3.39258
3.49768
3.68214
3.17276
3.6369
3.5683
3.20166
3.33915
3.60654
4.11631
3.21191
3.47412
3.39123
3.04161
4.17924
3.72172
3.57107
3.48794
3.74158
3.68508
3.32963
3.63517
3.47038
3.55743
3.7513
3.20988
3.52763
3.85929
3.58677
3.0904
3.49153
3.62573
3.56162
3.72362
3.71817
3.64138
3.46343
3.55143
3.56721
3.46781
3.68244
3.67362
4.07612
3.59214
3.74788
3.71693
3.27136
3.65329
3.72712
3.6636
3.7554
3.79449
3.5073
3.71072
3.59374
3.37483
3.67648
3.50542
4.15749
3.69058
4.00347
3.749
3.7122
3.54674
3.97728
3.60897
3.82089
3.42201
3.86021
3.59629
3.68946
3.65008
3.56605
3.79171
8.26623
3.92302
3.77108
3.47717
3.60435
4.10644
3.51349
3.52599
3.94676
3.75284
3.87829
3.63677
3.67377
3.58616
3.70351
3.51405
3.47302
3.65632
3.37951
3.77868
3.75935
4.17206
3.79558
3.75984
3.37802
3.77265
3.65723
3.75044
3.977
3.90631
4.29961
3.90842
3.61652
3.76811
3.72883
4.21854
3.87142
3.34006
3.4805
3.4604
3.86623
3.87388
3.77833
3.40187
3.49259
3.81925
3.79301
3.66232
3.56404
3.54082
3.43263
3.75703
3.59824
3.71324
3.82661
3.5167
3.68478
3.65489
3.68414
3.68824
3.59268
3.66337
3.50971
3.72365
3.723
3.66095
3.85308
3.52972
3.57263
4.01206
3.40288
3.72275
3.61346
3.36047
3.57591
3.6596
3.62445
4.15862
3.4461
3.49942
3.6872
3.7657
3.93129
3.43159
3.43109
3.43797
3.57037
3.64899
3.73782
3.61722
3.32884
3.34803
3.76574
3.64913
7.60335
3.76768
3.67101
3.71632
3.47845
3.59045
3.789
3.62106
3.8499
3.66385
4.02585
3.95525
4.50403
3.55543
4.33437
3.63724
3.40891
3.876
3.63982
3.43467
3.20921
3.63315
3.74715
3.41526
3.59767
3.41193
3.73184
3.76239
3.66748
3.73388
3.65132
4.12382
3.65589
3.67089
3.6831
3.51951
3.69947
3.81201
3.78903
3.85582
3.66544
3.75478
3.63388
3.6074
3.61569
3.73359
3.72285
3.71916
3.45018
3.47693
3.67162
3.7698
3.63062
3.60454
3.56321
3.62437
3.62651
3.53732
3.64781
3.59279
3.87298
3.52615
3.62563
3.63466
3.8262
3.71664
3.58752
3.32939
3.58806
4.04456
3.60633
3.55283
3.70921
3.88399
3.75597
3.47221
3.53699
3.51898
3.44755
3.86902
3.59308
3.76655
3.82827
3.71937
3.32297
3.80232
3.67861
3.4873
3.63127
3.64429
3.64323
3.76143
3.55212
3.91066
3.99461
3.84701
3.68066
3.82719
4.04493
3.35418
3.58319
4.01354
3.92321
3.68067
3.56256
3.62655
3.67843
3.72511
3.5729
3.4173
3.95221
3.73992
3.97705
3.70771
3.88551
3.83024
3.76844
3.64334
3.91607
3.32128
3.66787
3.84692
3.41724
3.65947
3.56383
3.63089
3.63674
3.73454
3.65587
3.73476
3.88166
3.46514
3.5545
3.60001
3.59412
3.74653
3.582
3.61517
3.552
3.89439
3.71161
3.60193
3.67688
3.80808
3.57857
3.66761
3.64059
3.74949
3.5318
3.50873
3.48682
3.55464
3.49857
3.7589
3.40458
3.74206
3.76826
3.75325
3.64517
3.68515
3.75107
3.69877
3.53937
3.73224
3.63245
3.74183
3.6394
3.74897
3.54717
3.7447
3.47389
3.79517
3.73389
3.63487
3.53643
3.59907
3.54074
3.72283
3.90295
3.5739
3.72493
3.81869
3.81707
3.8223
3.5081
3.80232
3.82211
3.56065
3.67574
3.84119
3.80101
3.76975
3.55009
3.61761
3.56203
3.66868
3.46458
3.64628
3.65523
3.84966
3.37656
3.75452
3.79568
3.69002
3.84845
3.60659
3.65359
3.81459
3.80964
3.89724
3.65665
3.82651
3.85444
3.77458
3.68456
3.53537
3.6166
3.84015
3.94197
4.16982
3.82219
4.26132
3.94255
3.77995
3.96134
3.83457
3.8822
3.68425
3.85864
4.3221
3.82259
4.02538
3.53652
3.4111
3.6465
3.5747
3.74518
3.72885
3.87753
3.86855
3.63206
3.60377
3.78366
3.53287
3.5826
3.68506
3.71179
3.66427
3.93967
3.56694
3.76491
3.55427
3.87806
4.08379
3.89092
4.01343
3.74684
3.45181
3.60203
3.72582
3.66798
3.5106
3.61057
3.46349
3.49222
3.59238
3.56699
3.64162
3.75789
3.88223
3.69117
3.55375
3.966
4.26609
5.00663
3.6801
3.62897
3.66942
3.77755
3.41978
3.61557
3.69973
3.77882
3.60273
3.82491
3.82459
3.54601
3.67532
3.79119
3.97959
3.70964
3.67492
3.6416
3.44567
3.59453
3.39215
3.75137
3.58821
3.69581
3.75208
3.46725
3.53194
3.78186
3.7387
3.74744
3.61557
3.52431
3.6999
3.74463
3.77989
3.72812
3.62677
3.81372
3.79385
3.44822
3.86333
3.61812
4.02278
3.8067
3.85036
3.96255
3.54572
3.79939
3.77685
3.6944
3.792
3.60696
3.79182
3.61376
3.74248
3.82156
3.61207
3.37918
3.61696
3.61825
3.50606
3.53737
3.48397
3.73136
3.80647
3.93338
3.96193
3.78076
3.75653
3.80913
3.75592
3.52184
3.48342
3.83352
3.63069
4.222
3.7103
3.84567
4.00374
3.43008
4.05282
3.7431
3.64331
3.79834
4.18836
3.75195
3.81566
3.58402
3.50529
3.58196
3.61336
3.31854
3.85145
3.69566
3.59088
3.64076
4.38711
3.8313
3.79818
4.02182
3.56986
3.69494
3.89369
3.50746
3.94657
3.59314
3.70073
3.68642
3.76954
3.74786
4.0448
3.90766
3.70214
3.74477
3.79115
3.60173
3.71457
3.76767
3.68833
4.22304
3.44337
4.32558
3.82294
3.90896
3.74274
3.74825
3.69189
3.66076
3.4786
3.56668
3.66547
3.88376
3.65535
3.85713
3.75433
3.89134
3.60171
3.45695
3.65538
3.75446
3.85915
3.48882
3.92724
3.63867
3.44573
3.55067
3.69443
3.53687
3.38304
3.89505
3.47377
3.87931
3.90725
4.00495
3.58442
3.67099
3.74637
3.62607
3.64823
3.82222
3.629
3.69571
3.57814
3.79149
3.62473
3.78625
3.80337
3.80384
3.60485
3.826
3.62228
3.83734
3.82512
4.0024
3.91834
3.70915
3.67866
3.80841
3.62215
3.46852
3.70322
3.79123
3.86144
3.67612
3.7414
3.62108
3.76722
3.8852
3.63881
3.65871
3.52244
3.7801
3.93133
3.80717
3.94375
3.85857
3.79561
3.55837
3.72829
3.59171
3.67614
3.76669
3.89602
3.79264
3.86326
3.83704
3.57573
3.96494
3.69122
3.78073
3.74078
3.78585
4.18924
3.66982
3.64885
3.62762
3.83909
3.77214
3.49185
3.79273
3.82188
3.58806
3.87291
3.92236
3.88853
3.698
3.50901
3.49792
3.80599
3.62014
3.82368
3.77155
3.72034
3.69025
3.46966
3.5561
3.5929
3.68318
3.86209
3.54286
3.73247
3.80579
3.8667
3.55993
3.72245
3.76072
3.8808
3.98828
3.74412
3.68095
3.76137
3.82337
3.60965
3.75572
3.83813
3.80925
3.89372
3.69446
3.68637
3.77918
3.68848
3.62826
3.51787
3.75451
3.81635
3.74967
3.72472
3.44809
3.45198
3.5889
3.53505
3.82
3.42766
3.64581
3.89431
3.71036
3.69299
3.72382
3.73789
4.05504
3.82413
3.87538
4.16934
3.83438
3.55041
3.74515
3.71504
4.05622
3.84319
3.59961
3.86422
3.66608
3.58861
3.77417
3.878
3.7929
3.93354
3.71698
3.79502
3.63609
3.64244
4.26536
3.48224
3.6989
3.53783
3.95101
3.70724
3.83603
3.62541
3.68314
3.51363
3.81388
3.85691
3.7107
3.57461
3.49237
3.55205
3.86785
4.15224
3.96387
3.97827
3.73517
3.67938
3.95341
4.07771
3.47356
3.85561
3.55015
3.53033
3.90865
3.48614
3.65541
3.63715
3.73646
3.78585
3.62984
3.56171
3.80067
3.74978
3.67486
4.07038
3.87672
3.72519
4.02027
3.96342
3.68361
3.79597
3.55686
3.68979
3.56794
3.6379
3.83269
3.63516
3.58062
3.68829
3.90713
3.72843
4.02526
3.79524
3.93605
3.65618
3.71056
3.67013
3.61585
3.96063
3.67304
3.5925
3.98536
3.64761
3.98156
3.69335
4.36709
4.1105
3.86642
3.93635
3.65031
3.36728
3.82554
3.81747
3.69164
3.81346
4.26144
3.62387
3.70971
3.66499
3.7307
4.07748
3.5496
3.6104
3.51609
3.93656
3.93958
3.75084
3.5037
3.79986
3.72451
3.6101
3.79843
3.68813
3.5434
3.86758
3.8094
4.02721
3.71469
3.60814
3.54413
3.76478
3.56154
3.72227
3.75468
3.56739
3.70733
3.66718
3.59735
3.68219
3.75827
3.64092
3.54493
3.55752
3.73809
3.84935
3.69076
3.73413
3.48419
3.79861
3.74381
3.75707
3.78246
3.49647
3.53204
3.54831
3.66242
3.54508
3.72568
3.57739
3.99038
3.95399
3.64091
3.83505
3.61774
3.68474
3.63977
3.80547
3.60362
3.52973
3.73433
3.63491
3.68084
3.88507
3.59573
3.67966
3.52774
3.83935
3.73534
3.7655
3.97466
3.68451
3.76863
3.54212
3.62459
3.59268
3.86288
3.59037
3.63605
3.49536
3.87561
3.85688
3.50914
4.16704
3.71514
3.91056
3.42822
3.58886
3.63466
3.51464
3.66059
3.27115
3.80683
3.56901
3.85439
3.66602
3.70868
3.86817
4.00632
3.69034
3.85456
3.86883
3.72956
3.91589
3.60129
3.79018
3.68711
3.76999
3.68666
3.45948
3.40458
3.57211
3.86515
3.65808
3.80254
3.73091
3.74009
3.59435
3.82181
3.48056
3.75264
4.07651
3.72265
3.76973
3.53816
3.74551
3.92937
3.7878
3.92502
4.35657
3.96053
3.99253
3.80965
3.81026
7.99677
4.47752
3.74284
3.98827
3.88913
3.56793
3.72808
3.67641
3.72387
3.91621
3.67376
3.66233
3.6653
3.72281
3.48611
3.53267
3.55779
3.80105
3.73937
3.75607
3.79348
----------------
insert (avg): 3.72128
----------------
----- init -----
9.12178
----------------
init (avg): 9.12178
----------------
----- commit -----
1112.17
----------------
commit (avg): 1112.17
----------------
# Loading records:	1000
skipping run
