parsing config file ./lvconfig16.conf
parsing done
<<<< begin once 
<<<<< redos: 0 >>>>>
<<<< commit once 
----- insert -----
5.67695
4.2805
4.26218
4.31133
4.92593
4.31078
5.34181
5.07913
4.24572
5.67249
4.2938
5.01259
4.31478
4.64252
5.82005
5.98649
6.8897
4.7766
4.6069
5.27413
4.82219
4.87031
6.13735
6.18183
6.98885
5.91684
6.2476
6.20064
5.27971
6.20106
5.80683
5.15232
4.99035
4.89336
5.32293
4.9463
4.8286
5.31813
4.75458
6.6168
7.28876
9.00568
7.05716
6.60393
5.13572
4.8286
4.65221
5.8866
6.2157
6.59231
5.1181
4.43114
6.13087
4.394
4.51826
5.50131
6.35586
6.25477
6.87824
7.42826
4.48179
6.34362
6.19417
5.54221
5.42984
4.51531
4.9967
5.68455
7.58864
6.18148
6.66774
7.59746
8.54085
6.87189
6.08713
7.69572
9.71275
6.12307
7.0157
7.65665
8.9359
7.21659
6.76448
8.77742
4.89021
4.85754
8.31369
8.52166
6.82606
6.69908
6.83214
10.435
9.217
8.42868
6.18467
7.05473
8.71133
6.7993
6.55674
6.10129
5.95954
7.48143
12.0243
9.7181
10.7095
8.37723
4.69287
8.81797
11.4935
9.53497
5.92893
7.25166
9.74712
8.57494
8.23436
9.0293
10.4526
7.45599
9.16343
8.14847
6.69176
5.81025
7.25128
6.8477
8.58441
7.60892
7.59324
8.89737
8.05173
6.62438
5.63483
5.32974
8.10063
8.2757
8.21075
8.57461
5.83878
4.9782
6.79328
8.71251
11.03
10.8271
7.09709
5.60473
8.93261
29.9479
18.3348
6.85673
23.2491
8.30236
10.9328
6.99951
6.8162
15.6612
6.56271
8.19484
9.25555
7.25949
8.30657
6.92851
8.15721
10.423
7.84639
7.04346
6.55853
6.35897
7.34598
8.12894
9.7999
9.61339
6.07133
10.541
6.19632
6.76795
6.08449
8.93509
6.49766
7.09391
9.32403
7.86069
6.45426
8.31022
10.4066
6.76515
7.64398
7.96161
8.3665
8.74135
6.56518
5.88599
7.75612
7.42844
7.89448
6.33335
6.43048
7.98301
7.05983
7.98703
9.04566
8.71261
7.87516
6.82677
6.69082
7.15657
6.24655
9.26349
7.25876
8.22527
5.77662
6.98657
9.94899
11.8153
7.91332
7.58579
10.0305
8.14383
6.41342
6.70475
6.85616
8.00665
9.38241
8.01485
12.3815
9.22532
7.01124
6.41903
8.4465
7.97983
11.3994
7.13596
9.71913
7.29261
5.08584
7.33663
9.55449
7.0968
6.45873
6.78451
10.515
6.80413
11.0646
8.91684
10.2888
7.38504
9.91864
10.0513
9.76565
7.75262
7.61235
7.21479
7.55484
6.56205
6.11526
5.59547
9.9767
9.59235
8.50133
8.2951
6.7546
6.18757
8.39432
9.51638
5.17544
5.42788
10.9949
7.42899
7.21003
6.95556
6.82318
6.7318
9.5172
8.33709
6.77889
5.76132
6.8307
7.30678
7.41912
5.78167
6.51065
8.27314
15.866
8.89181
13.1098
6.48091
7.53359
5.45003
6.0989
8.94709
7.76102
8.04034
7.07237
9.48664
6.58525
6.4663
10.3514
8.7935
4.299
9.39693
9.34705
8.14012
8.1491
8.89519
11.884
8.85062
6.77907
7.80989
9.58866
7.16167
7.72606
7.42346
9.82081
6.53821
6.93279
7.97056
7.02565
8.61047
7.35143
7.89173
7.94633
7.58746
7.45061
6.72951
8.32784
5.39492
4.61278
6.56211
9.12113
12.8421
10.449
7.15529
7.62592
7.57927
8.60056
5.13046
6.50472
5.87378
8.21187
8.56268
4.64877
7.37564
7.2572
7.95805
7.39646
5.54481
8.03249
8.0467
8.59895
7.58117
8.38108
6.04779
6.86186
6.66856
12.6416
9.05382
7.14238
6.45596
6.17265
7.86064
6.86737
6.93666
6.32932
6.12679
8.73699
7.17913
6.67306
11.7479
6.71252
7.61144
9.71756
9.46121
5.8122
10.1647
6.36817
8.94475
6.76992
8.21929
8.09395
8.08368
9.98308
6.22523
8.68015
8.87842
6.51832
6.3343
6.46601
7.11226
9.09877
9.93606
7.55506
5.90835
8.00816
9.56137
8.63515
10.5983
8.00973
8.2161
8.61972
5.24936
7.65519
5.88166
8.35877
9.70336
9.78622
7.41979
8.94931
6.43762
7.45851
5.88565
5.03111
6.03471
8.65896
6.00512
7.19542
8.67737
6.18749
6.3791
7.00076
4.99127
7.73665
7.06314
6.71572
8.04993
5.93857
10.1901
7.25021
9.91867
9.65435
10.0141
9.28344
10.2123
7.03592
9.04667
8.13785
8.86604
10.6565
8.38681
7.08201
9.59365
5.81207
9.91344
7.36742
7.11991
7.78906
10.2972
5.76916
10.7532
6.2586
6.92944
7.81928
7.44548
7.22954
12.9606
9.50692
7.11004
6.86446
7.26059
6.86122
6.52572
7.51336
10.2166
8.80843
7.81711
8.45838
7.65207
9.45904
7.13536
8.24596
8.07629
7.17582
7.50109
6.17749
6.73264
8.70467
7.44156
7.49584
7.49664
6.61463
7.53509
10.5905
9.11488
8.4388
8.60182
6.10021
37.8747
7.53037
8.72064
10.562
11.5632
11.7393
12.2859
8.58497
7.90911
8.81583
5.56848
9.48174
6.19642
6.21126
7.70841
8.66279
9.79929
7.04374
5.81924
10.5996
5.73406
8.71568
7.52691
7.24945
8.30084
4.92013
6.69916
9.16605
8.0053
9.15517
8.98355
7.84929
8.36625
10.1458
6.1691
9.35022
7.48765
6.79936
6.50582
6.13611
8.86485
6.96149
8.01505
9.21125
9.68269
8.38091
10.699
6.22777
8.44311
8.51365
9.13797
7.56242
7.03263
6.72634
7.38143
7.32338
8.45069
5.84234
8.55432
6.23006
8.14274
14.3193
7.22672
9.8273
5.80373
6.52222
10.4243
6.19601
7.96413
8.29141
8.04293
11.9199
9.49197
7.74554
6.54972
9.50641
8.84223
5.94135
7.83813
10.2826
5.25374
8.13987
8.84757
8.23484
7.13284
9.13164
8.1261
9.69572
7.06407
9.91195
9.86332
8.13355
11.2602
7.92864
11.1477
12.6694
9.48775
12.2571
8.64103
8.21893
5.69658
7.97616
8.94215
10.9927
6.91271
6.07955
8.48528
7.7606
5.67529
7.68481
6.21858
9.44223
9.11916
7.407
9.23644
8.58119
5.66753
4.91162
6.83906
6.38049
11.4477
6.80319
7.4277
7.15957
5.81885
6.04274
7.46506
6.33633
8.06533
7.95025
7.71234
6.89587
7.5408
7.77615
6.20761
6.34551
7.57669
5.02484
8.10802
6.64939
5.113
6.59959
9.5779
5.88767
7.0968
13.2266
14.1918
12.2173
11.2257
8.29853
7.81799
7.97852
5.57027
6.44777
6.92669
8.09767
9.4671
7.00175
5.9449
6.67988
6.15337
6.1845
6.87744
5.57691
9.79663
5.15419
7.06559
4.54883
7.7483
6.56042
5.72537
7.84047
13.3145
8.95519
10.9937
8.81911
10.4136
8.31946
6.72065
8.03305
7.41944
9.3729
6.18116
9.01178
12.8339
7.53758
6.63642
9.91934
21.8758
9.69675
12.0738
5.94402
5.02351
8.56521
6.98237
6.14349
12.9502
7.74615
8.4818
6.71128
9.94667
7.89095
5.84116
6.82941
9.4098
8.74511
15.1214
7.72381
7.7225
6.57309
6.73553
6.93925
7.49599
7.33476
9.57526
5.87518
7.25595
10.0447
5.81901
6.87065
9.63641
7.81009
8.89919
8.3175
6.82922
6.84919
6.34617
7.8102
9.59619
13.3091
12.1043
10.4612
9.7286
8.77974
9.08986
7.78713
7.01261
8.43517
10.5311
6.54492
7.03585
8.62583
8.32289
9.02606
10.3465
10.1694
13.1661
10.2769
11.5279
11.4921
7.13947
7.94744
6.47008
8.19154
8.52747
7.30436
8.42644
5.89041
5.99586
6.80943
10.0589
6.44458
7.30482
6.67978
9.49661
6.12143
6.72605
7.37137
5.62087
9.78938
8.05011
11.3335
6.96486
5.8069
7.6878
9.61752
7.12423
6.75458
7.77757
7.69441
8.92992
7.8531
8.68891
7.36803
7.23722
7.95232
9.29425
7.36427
8.8798
9.89966
9.52888
9.54647
13.2857
7.5569
9.69131
7.87015
8.61341
10.5655
10.2695
7.58827
7.79788
7.37976
7.45424
9.16903
8.39786
5.7055
5.68549
6.32641
6.41188
7.17977
6.81797
6.30834
12.1762
10.1471
7.96643
9.79046
5.78918
6.48342
7.24427
7.022
8.72812
7.96218
11.3815
8.85611
7.69847
7.37285
9.49067
7.54942
12.5728
11.3339
8.06422
9.36675
10.5482
6.56371
4.62107
5.2569
9.99553
8.02361
7.30921
9.86758
8.27632
8.93073
7.29368
6.63567
7.90421
8.44906
6.44366
12.1366
8.42723
5.91705
7.85898
5.92903
6.06091
7.33691
8.14762
9.64487
7.38502
5.78984
9.11058
8.91297
7.76817
7.74976
8.5091
10.8292
10.441
10.4222
7.991
10.5741
7.72607
9.48071
9.8611
10.0292
14.6004
7.84363
9.19393
9.37037
7.99347
10.6216
7.9168
8.97788
10.1374
9.59148
7.70825
11.4644
8.57841
6.07163
7.75973
6.02122
7.41865
5.05281
6.42685
8.19623
6.80458
6.67898
6.72277
10.8435
6.32331
7.51505
9.09387
9.08152
7.30942
8.79334
5.49706
7.53569
8.94512
10.0192
6.68824
7.31701
8.07154
10.1044
5.72967
5.17703
6.86208
6.72666
8.48508
8.72684
7.38528
9.24081
8.33075
5.92197
7.09117
8.16558
7.57188
6.76761
17.8185
10.0748
7.52772
9.70948
9.58646
8.1149
8.10529
10.0167
6.61586
8.56515
5.54275
6.9689
11.7414
9.21302
8.50542
6.7937
6.2782
8.55678
9.16292
6.14179
6.47464
6.15001
6.25117
8.11827
10.2279
9.43094
8.58774
8.09448
7.85565
8.31804
7.65297
7.03878
7.98782
8.76271
7.62455
7.25
7.93178
7.37357
6.35778
7.94531
9.30923
9.98343
7.76875
6.76998
5.6472
5.25901
6.44573
6.786
6.82413
10.242
8.9192
7.31608
8.31957
6.53199
5.86251
8.50615
7.41109
6.945
8.56993
6.46729
12.0112
9.0415
10.1867
7.86303
12.15
6.97083
8.90874
6.81069
7.06383
8.65082
5.65131
7.23035
8.24205
9.81976
7.64465
7.57753
9.43356
9.30179
8.33317
12.5949
11.9301
8.60808
6.87444
7.96799
9.91995
6.2659
12.9082
8.94586
6.56423
11.395
9.52362
6.76708
8.94115
----------------
insert (avg): 7.97546
----------------
----- init -----
17.8132
----------------
init (avg): 17.8132
----------------
----- commit -----
1552.87
----------------
commit (avg): 1552.87
----------------
# Loading records:	1000
skipping run
