parsing config file ./lvconfig25.conf
parsing done
<<<< begin once 
<<<<< redos: 0 >>>>>
<<<< commit once 
----- insert -----
5.10025
4.95422
5.26528
4.69891
4.68945
5.10524
5.19769
5.24365
4.72153
4.03122
5.01706
4.45353
4.71244
5.39464
6.35272
5.75141
4.4897
5.98141
5.24145
4.80043
5.48446
6.25121
5.68548
6.71141
5.24514
6.89278
6.19888
5.411
5.85928
4.56325
5.96913
5.41732
4.47908
5.87768
5.16932
4.86459
5.23905
4.76875
6.4059
5.72223
5.73837
5.25999
7.09148
6.54598
5.38691
5.02591
4.43956
5.40557
4.83604
5.59335
5.41083
4.50432
4.76854
6.62731
5.72189
5.12422
6.55696
6.34257
6.8344
6.01352
5.61141
6.31562
6.22328
4.90948
4.88639
4.48569
4.70902
7.45154
4.54389
4.30307
5.52327
7.61316
6.21611
8.53139
6.6636
4.99725
5.47696
11.6643
6.18999
8.36094
7.01562
8.21916
8.49441
6.97703
6.09844
5.1292
6.66636
8.06247
7.39729
8.80216
6.81987
7.83265
13.4858
7.55463
5.99885
5.74949
6.0822
8.35207
8.04334
6.88789
6.48503
7.43729
8.36125
9.89151
9.64305
10.1132
10.5158
11.5964
12.0317
9.17567
7.1526
7.43121
7.12559
6.34246
7.22399
8.6705
9.22845
7.39355
6.24465
8.65672
7.55832
7.14766
5.36901
8.77753
8.49845
9.73115
6.47445
10.2095
9.43882
9.63974
10.1697
8.36936
5.87806
6.57245
5.71858
8.00226
7.73325
8.00299
8.15784
7.89613
6.13984
8.98798
7.70073
9.30214
8.10343
26.0844
17.3355
7.56013
23.5955
8.71279
8.05228
10.6086
13.0974
9.37334
9.04449
8.53328
6.75809
10.4754
6.82163
5.73111
11.0102
10.6164
6.75352
6.71763
8.72428
8.54974
8.07514
6.05248
7.04083
9.26672
10.3034
7.08193
8.75724
7.18747
9.35687
6.05356
11.8882
8.16248
9.20467
9.27448
10.3507
7.17651
8.42249
5.38252
6.38135
5.49712
7.05252
10.9589
4.68702
8.20335
5.87946
6.24341
9.17212
8.63302
6.5076
9.876
9.59686
8.71829
6.1788
7.81256
6.2013
6.1508
6.69829
11.3366
7.35816
8.35078
5.64806
6.4686
10.1921
9.08449
9.29545
7.81308
9.2688
8.27752
6.04243
7.12474
8.27465
8.14737
9.53929
7.88896
5.51413
6.69684
5.8365
4.85935
6.94369
6.55482
8.72208
7.35023
12.9082
6.83219
9.40776
9.7561
7.94814
10.678
8.12697
7.92467
9.24917
7.89145
8.45317
6.90678
8.46441
9.23209
8.79627
12.8693
7.75485
6.70204
8.84561
8.09666
6.7375
8.29516
7.97948
9.91761
8.03759
10.59
5.95189
5.22048
7.17408
5.67574
6.7707
6.85193
10.6579
6.88852
8.16865
7.38566
7.00481
9.98092
6.37801
5.56951
7.50455
7.90701
7.22172
8.53299
6.41901
7.7815
8.33129
5.89616
6.24772
9.8346
7.79869
10.6747
8.39309
8.81393
5.68692
8.41883
8.46287
6.48246
8.55349
7.09046
8.93185
7.81414
6.60795
5.70022
6.21295
8.79819
9.7773
9.0474
5.14033
5.4129
9.10638
6.84534
7.99454
12.8042
11.8223
8.21235
9.92128
5.52396
7.14755
9.29667
7.30448
9.12319
8.44487
7.02034
7.95568
7.32649
5.73404
6.68442
7.99782
7.07595
6.10807
6.00668
4.805
6.2149
8.01957
7.50565
7.32534
6.53855
7.94489
7.64543
16.2457
7.07863
7.70988
6.2431
6.34996
8.51381
7.01956
5.65367
7.81225
7.01167
8.12333
8.05329
6.05433
6.30384
5.63334
6.85784
9.65542
5.99802
7.07641
6.27214
7.4081
9.26539
5.83246
8.37722
5.74922
11.4144
8.90561
9.03262
6.99009
7.64988
9.83426
8.78067
8.58614
5.97854
6.22295
7.29419
9.61094
8.1548
6.50906
6.86478
7.5165
8.15694
7.87592
11.9715
7.29187
9.69462
8.53621
7.53607
8.57895
8.67986
8.64673
9.54709
8.25516
9.57264
4.78115
5.72239
8.59156
7.11485
7.287
8.06843
6.85593
7.62258
5.82433
8.46631
9.42787
10.1544
7.54063
9.05743
6.51909
7.18897
7.72656
6.58598
6.85092
8.77659
8.85876
7.19148
6.39172
9.11058
6.2222
5.3995
7.19304
7.08026
6.28026
8.07351
7.11414
5.49169
5.84668
9.40836
7.2398
6.73378
5.83699
8.18929
6.82783
5.74452
5.08123
7.5546
5.842
8.61699
9.23517
9.25167
6.8984
7.50044
8.28076
6.95081
7.61376
8.20722
7.76402
7.77172
7.05136
7.63972
8.05795
9.49108
7.36826
6.40298
6.46516
6.9329
6.97346
7.10125
7.51485
9.67127
6.58956
6.23891
7.25244
8.41037
7.51423
7.94766
7.90266
8.28098
9.06129
8.02938
7.99628
6.35973
8.05903
5.3801
5.7285
7.44996
5.94108
12.1137
6.24807
6.49062
11.0048
6.27441
7.83629
6.88907
6.99947
7.1872
6.96037
7.45643
6.69331
9.47028
7.35283
11.6853
9.66507
11.9021
9.65725
9.61086
7.75862
10.3809
6.44314
38.669
9.01542
9.72423
12.7797
11.8371
12.0739
7.60429
8.80362
8.69799
5.55983
7.75281
6.56252
5.19267
6.15976
8.95222
7.87401
8.48633
6.96327
7.30043
10.7412
8.3824
6.68005
9.29683
8.60739
9.77188
8.05383
10.6704
9.60169
8.35749
8.94544
8.49448
8.80718
6.4713
7.95215
8.12809
7.94464
10.1515
5.69107
8.35589
5.65969
6.03056
5.98885
5.11085
8.11327
8.81638
10.3316
6.39389
7.95264
7.17969
8.1963
8.84444
8.662
6.68449
7.37969
9.67785
8.07802
5.82991
8.4965
9.55024
6.40914
8.96078
7.79729
7.13189
5.95061
6.76649
5.22569
8.78174
7.03033
7.42561
7.74662
7.01151
7.12417
6.98368
8.17818
5.64439
6.47985
8.07431
8.7538
9.47259
8.2972
10.9143
6.15761
5.8874
8.81395
7.41981
7.91954
6.78669
7.51968
9.00802
8.04714
8.33585
10.1644
7.48671
9.03769
17.1025
17.5265
6.74555
7.62121
11.8121
8.74713
5.25049
6.7957
7.4121
6.2553
5.4936
10.9943
8.50657
7.54546
6.62885
7.77444
5.53257
6.96566
8.57755
6.43162
8.95463
6.74334
8.96285
6.03828
5.65889
7.68165
8.88239
6.19883
14.7665
10.1535
10.6104
5.67621
5.39252
5.60724
7.04895
8.22938
8.24056
5.85364
10.4631
9.80691
6.44627
5.42834
6.00148
6.97156
6.5526
7.80866
6.07205
6.4184
7.41102
9.86228
8.75119
11.2379
15.6238
6.25812
5.92799
10.7973
8.4993
8.10719
9.25439
9.08191
7.24802
8.12705
8.32314
7.76708
6.26035
6.7438
6.46471
8.14114
8.44135
6.08576
7.24151
7.35374
5.95392
5.64156
8.03732
6.33495
5.65047
9.38678
10.5705
6.14133
10.8743
5.20767
6.06194
8.31472
7.66818
7.50842
8.50606
7.8095
8.56046
9.41151
17.6126
10.6242
9.21533
5.53207
21.373
9.87764
7.98125
6.05207
6.88004
6.4332
5.67591
6.63452
7.99448
10.0148
8.11607
6.99014
7.64621
9.71156
8.699
5.33871
6.64688
9.49436
8.27584
15.9577
8.44716
8.02527
11.3394
7.02957
6.92682
7.56115
9.13598
6.877
7.36984
9.2972
5.85051
5.39132
5.33197
8.81318
11.8383
10.5845
7.73669
6.75396
8.66232
6.68572
8.99329
11.0496
13.6483
10.1076
11.1297
7.8947
7.29439
9.91739
8.25148
8.51446
8.9443
6.98598
5.20599
9.46063
8.42121
9.09087
9.46008
10.2851
7.14037
7.02497
16.7099
10.5921
13.4803
6.93906
6.31711
5.52622
8.32249
8.41419
10.474
9.44569
9.08948
6.17709
8.12105
6.075
6.39579
10.1799
7.12463
7.24732
6.52705
7.66845
9.74601
7.41644
6.97215
9.73268
9.5687
6.65386
7.12043
9.69664
6.40921
7.46212
7.32032
8.95446
7.25076
8.2544
8.07032
7.67914
7.42858
7.59735
7.13401
12.704
9.04702
7.25867
7.77074
7.7577
10.2766
7.55083
9.84976
14.7702
11.9905
7.67176
8.40914
9.5452
7.57935
7.37367
9.97631
7.84868
10.4351
9.18962
11.0386
5.74768
6.08641
13.6354
8.31365
9.56151
8.92998
7.12271
9.19946
9.38729
8.15982
8.22625
8.40133
10.698
9.27117
7.03832
6.96779
8.76256
7.2242
8.3646
7.3895
7.22724
9.58815
6.02605
6.3896
10.8018
6.74674
6.37651
6.75015
8.5952
6.47462
13.4276
7.13538
5.2841
9.38687
7.49366
7.25293
6.97577
5.64407
7.14947
8.93547
8.70126
5.01374
7.84912
7.44566
8.49509
8.67787
9.6819
7.57353
5.52119
9.00248
11.6312
9.04441
9.56882
9.61134
6.31877
8.90487
9.77657
8.66017
9.84506
5.64133
7.06382
8.30829
8.48618
12.116
18.3051
8.301
7.936
9.60009
10.2696
8.63212
8.50427
8.07446
7.61719
6.24217
7.54365
9.63312
9.06601
9.35271
8.6709
7.35735
9.43098
7.83667
8.51816
9.43228
9.67599
7.53626
7.03221
11.7819
9.31543
8.92378
6.69819
8.83329
7.48533
9.45728
9.96533
7.54288
7.86563
8.26018
9.30496
7.1062
8.61128
8.04911
7.10856
5.9774
8.12781
7.69111
9.41678
9.25196
8.09447
9.40851
6.95169
6.75965
17.5917
11.3405
10.538
9.50808
9.93815
7.58989
7.79735
9.42131
9.13909
6.87085
8.09809
10.6841
10.0541
7.74265
4.73743
8.29236
7.3727
6.83641
9.12761
8.16871
5.66807
6.16037
5.9104
8.11377
14.3541
8.67748
7.79796
6.64293
8.08997
9.24146
6.33083
8.87084
8.46185
6.6997
7.62108
7.30241
7.19185
8.04408
7.47923
9.57483
10.391
8.22544
7.85747
7.52336
7.56948
6.80012
6.26335
10.994
11.4514
6.41868
8.99198
6.68485
7.86293
10.622
5.88584
6.7229
9.71171
4.94935
8.1423
8.63368
10.3197
9.59798
10.6707
7.0913
8.2307
6.64682
7.98517
9.35799
8.4907
8.50356
7.10577
8.92737
8.44685
12.8158
12.8396
8.98058
12.2043
6.16924
6.43933
6.496
8.41434
9.0877
6.2313
6.41771
11.0241
4.90774
5.55774
6.15801
11.0494
9.81148
4.89104
6.67075
8.01178
10.1463
----------------
insert (avg): 7.98699
----------------
----- init -----
17.7001
----------------
init (avg): 17.7001
----------------
----- commit -----
1677.97
----------------
commit (avg): 1677.97
----------------
# Loading records:	1000
skipping run
