parsing config file ./lvconfig29.conf
parsing done
<<<< begin once 
<<<<< redos: 0 >>>>>
<<<< commit once 
----- insert -----
4.39314
3.48157
3.64458
3.69921
3.64785
3.66467
3.75087
3.84377
3.48419
3.57619
3.90686
3.73934
3.88742
3.62342
3.65582
3.76607
3.60037
3.68392
3.73184
3.56721
4.09583
3.51274
4.55418
3.67017
3.75689
3.87282
3.91698
3.83513
3.50936
4.09241
3.91017
3.97847
3.58545
4.09481
3.89898
3.75263
4.18668
4.19007
3.82701
4.28949
3.8593
4.1366
3.72527
3.77139
4.2449
3.77536
4.11979
4.9055
3.96724
4.36645
4.19973
3.75511
7.14995
5.89323
4.53486
4.42785
4.99698
4.84786
4.60808
3.50921
6.33796
5.28686
5.06254
4.95457
4.42004
4.45439
4.49902
4.54352
5.70604
5.90536
4.85606
4.28581
4.30643
5.10098
6.46263
5.20814
7.25498
6.40114
6.77466
5.80332
6.48392
6.2587
5.47588
5.54124
4.65086
4.68531
5.41465
5.42038
4.72253
4.66315
5.75653
5.68381
4.87663
4.64447
4.32311
5.48844
6.8995
5.35735
6.42278
4.86631
5.21752
5.15765
5.3795
5.66243
5.06103
7.18017
5.01587
5.85469
6.77817
5.71601
5.56588
4.48554
5.38312
5.33468
4.83803
5.29416
5.61628
6.79933
5.60232
5.53873
6.08009
5.83756
5.12899
4.58421
6.5939
7.1484
7.9568
7.40776
7.64604
6.12063
7.48099
15.4026
9.69872
6.24737
6.33979
7.671
6.19002
6.05531
6.4584
6.37936
7.54501
8.43376
9.34853
6.25728
7.26549
7.22074
13.8261
8.22131
5.85966
11.0319
9.53282
7.64502
7.14089
6.50116
8.18033
6.67725
10.1101
9.48256
9.86453
11.012
11.2032
6.65903
5.02167
9.59871
5.63904
8.60089
8.34968
8.87903
8.16119
6.19104
7.44904
12.6576
5.57489
8.5607
5.70951
9.59855
7.29289
5.08472
6.64333
6.45393
6.34697
13.2787
5.19832
9.05666
9.10207
5.34785
8.85442
7.27021
9.08668
7.93841
7.30407
6.5147
4.77034
10.2333
8.21292
10.0192
8.35704
9.73113
8.31415
25.6113
18.8232
10.4496
19.2592
8.50756
10.5902
7.97617
14.8986
8.38374
9.03119
7.82481
7.70798
10.2303
6.84552
5.86738
7.04056
9.2577
7.92646
9.98047
8.65581
8.12148
8.63857
9.23334
9.68866
6.6798
12.2412
9.43139
8.30466
10.2118
7.42009
11.2016
9.09264
6.64624
9.33801
9.76706
6.07486
4.77332
6.15456
5.83242
8.11072
9.42353
6.95422
6.38184
6.42109
6.10809
7.40786
5.57561
8.58752
9.76659
6.87281
7.16789
10.317
7.66194
8.8977
6.41969
6.32674
8.07787
6.30452
7.83445
6.49253
9.14296
6.02282
6.09172
8.50505
9.19061
10.6262
8.98297
9.68323
10.5044
8.30774
5.78101
7.57394
6.46039
6.80505
6.77211
5.63587
7.81402
6.36929
6.81288
8.32287
6.67961
7.47176
12.4791
7.84966
7.91184
7.11638
8.42543
8.03666
9.51298
5.84224
7.51211
4.90286
7.86259
6.02812
7.19295
8.63733
7.99518
7.19136
8.18278
9.26754
13.886
7.07835
5.18387
10.2327
8.82847
9.26672
8.09104
8.53038
10.7114
10.324
8.95456
7.22021
7.90329
8.12213
6.47537
8.89653
8.18993
8.7199
5.43083
7.23131
10.1579
6.87848
7.32952
6.88016
6.82357
7.78898
7.68042
6.25955
8.13383
5.45957
6.64697
7.24904
11.2846
8.12194
10.0064
8.88319
13.1564
8.4897
8.33821
5.97941
5.54728
6.08087
6.83988
7.85211
7.50767
9.36231
7.03489
5.91983
10.3046
9.97898
7.68479
5.66588
8.95924
7.42978
8.11156
6.33025
11.2196
6.67474
7.85608
9.79432
6.88595
10.4834
8.3464
7.54747
11.4421
5.90442
7.29784
6.77444
6.04624
8.29742
6.48422
8.03761
7.62506
8.02326
7.43978
6.57586
6.87672
6.07644
6.87129
7.41583
6.66418
9.50636
12.6369
4.8345
7.21323
9.39284
6.37224
8.54538
6.07436
7.55292
8.57031
5.2835
9.61655
8.62633
5.36074
6.45722
4.82414
6.30574
5.4078
7.89105
7.70833
4.48165
8.1474
7.92281
9.37639
5.41119
6.11117
6.98057
13.0589
8.1487
6.29526
6.61599
6.37439
6.71684
7.7284
5.71495
8.29648
5.93822
7.36837
9.85722
6.32989
7.7275
6.98794
7.20627
10.8604
9.62073
5.47908
7.4569
5.13682
5.68331
7.56023
9.42338
12.7397
7.42212
10.605
7.6624
8.2628
7.3057
6.90242
7.39616
9.44089
5.27729
5.82214
10.9251
7.50566
7.07064
6.92195
8.61846
9.51082
8.89098
9.67797
8.11602
6.25092
7.54316
7.88583
6.68689
6.98957
8.59497
8.7774
8.99517
5.90231
5.93934
5.81548
7.61939
7.40524
6.44052
6.99062
7.83182
8.221
6.26777
6.67012
7.2843
6.6819
7.75549
8.92251
7.34809
5.7709
8.3845
6.99209
7.47179
8.03884
9.51579
14.9992
8.17075
8.46001
7.00408
7.12751
8.95307
7.66978
8.21957
12.1494
7.87258
7.27763
9.88774
7.00046
6.69344
7.53433
5.33164
7.22936
9.3353
9.73028
7.31002
6.98807
6.87164
7.20163
6.0355
7.32795
6.33798
6.58287
14.0292
5.90643
5.57108
6.15943
7.86084
6.13371
8.11254
9.37761
5.48093
6.8226
8.52922
5.0668
8.28461
7.36719
6.47378
7.28045
7.76909
8.12966
7.45583
5.5173
6.16997
7.28977
8.70336
7.5169
7.42294
7.49803
7.03216
13.2746
9.02672
9.40105
7.2479
10.9369
38.1066
7.96579
8.46205
9.76163
11.9962
10.5875
10.0485
4.34437
7.87171
7.16694
6.56484
7.02368
6.90744
6.22525
4.71181
6.93961
7.50128
8.32122
7.16118
7.83914
5.9984
14.7168
9.11877
9.37521
7.27654
8.22957
9.97277
8.59129
9.81699
7.80183
7.95797
6.23907
6.29862
8.12032
7.8906
6.47765
8.21089
7.90835
6.97075
5.90386
6.17626
6.08234
6.50497
6.16875
6.62684
7.71578
6.01001
6.81746
12.629
9.86757
8.69322
7.16235
8.23078
8.51527
8.7555
11.0294
7.61081
7.20631
10.172
10.1842
6.67007
5.8799
10.8338
5.48597
10.1373
6.98573
8.21412
7.80918
6.77659
9.69474
6.56559
9.6676
13.3632
5.35945
8.83017
7.34698
9.18016
9.11922
5.88999
7.49308
7.6703
8.41605
10.033
5.39461
4.38195
7.34741
8.38714
6.52698
7.54144
9.13449
7.87337
8.94853
11.2415
7.07613
7.0426
11.0149
12.4334
12.4439
7.13703
7.07898
9.75405
10.2986
8.14354
8.47454
6.67171
6.22033
8.17807
6.14778
6.99371
7.39898
6.69104
8.3286
7.76218
6.63942
7.54244
6.09054
8.92911
7.90487
8.4498
8.83379
7.96273
9.15551
5.94692
15.6098
9.86702
5.26554
5.97995
7.93098
7.48678
6.40493
8.74966
10.1671
6.28115
7.08636
5.98942
8.85534
7.8866
6.55368
4.90893
8.46541
8.05686
5.76811
7.23273
7.33037
8.52986
5.2519
8.95801
11.1021
10.4203
12.1665
9.73272
5.4806
8.68301
10.6607
8.30926
10.399
8.74422
9.12721
7.66302
7.03343
10.3782
9.3934
5.59549
7.3413
7.41593
7.28887
6.49408
6.49184
7.58871
8.36007
8.67014
12.4497
9.58405
9.97653
5.34459
6.5951
8.42277
8.05986
7.38221
8.63628
7.65517
8.04176
6.3003
9.35821
14.9515
5.27823
6.59466
5.54168
20.4016
8.22421
9.27117
7.19044
6.20735
6.77609
9.52382
6.56988
5.93083
11.202
10.3297
8.04796
6.38847
9.51737
8.51684
9.19623
7.5947
9.70971
18.5734
9.79893
6.67319
6.43654
7.37174
10.0193
7.73165
8.58447
8.8773
9.30462
9.5051
6.98043
7.29227
9.2153
7.55309
5.41344
10.0212
6.45661
7.27723
7.85309
7.91191
9.7272
12.312
12.7773
9.88396
9.14408
8.48238
8.84797
8.4371
7.53853
7.31655
11.9218
6.029
5.85768
10.0078
6.53655
10.2023
5.9038
8.82729
6.50082
12.0645
12.0348
10.7263
11.7845
11.1584
8.23464
6.80914
8.05251
9.31371
9.93201
9.22215
5.82188
7.76756
10.2032
7.0785
5.09836
7.59939
6.79274
8.93731
6.63611
9.70777
10.2998
8.04295
10.4993
8.79844
7.18682
8.10992
9.44355
6.55372
5.10285
6.50432
6.80414
8.84445
8.77483
8.57016
6.50415
6.51204
6.56843
6.22178
9.37393
6.05553
7.59004
9.50048
9.13682
9.98618
13.078
8.98814
8.21792
8.25857
8.56349
8.72261
12.2363
7.32122
6.95757
8.58366
7.86022
9.56151
7.6041
8.48862
7.28029
6.07378
8.94081
9.5925
6.61092
9.13288
8.92684
8.63353
10.1494
6.43328
9.08795
8.97621
9.99812
7.38716
7.88333
9.24311
10.9983
7.80146
10.1777
8.59854
9.81446
8.86509
6.91883
10.9113
6.4584
7.69231
8.17597
15.1074
9.48004
7.31972
9.55102
7.05795
6.93677
9.22063
6.25058
7.13852
6.28066
7.72024
5.79774
4.3189
6.04059
10.0597
6.11419
9.50149
9.43537
8.48114
9.35464
12.3498
7.73387
10.0591
13.2503
7.99256
8.43518
9.79319
7.58367
8.38054
6.62474
8.44688
6.54851
7.4408
7.71958
6.4027
6.29535
8.29152
13.9343
15.0825
10.2953
12.3158
8.31989
8.01998
7.28741
8.81843
10.285
9.42951
7.41651
6.17138
10.0799
8.33056
5.73332
7.8589
7.20022
8.04465
6.65652
8.04926
6.21049
6.76381
8.66569
8.10984
6.65933
8.51215
8.81817
9.17096
6.62808
6.413
7.1927
8.78252
11.768
6.45223
7.2342
8.30795
11.436
5.22035
6.4236
9.96111
5.4932
7.76183
7.81098
7.31821
6.37383
7.28651
9.3252
5.48448
6.34375
5.9581
6.45255
7.44369
12.2526
10.1802
7.9422
8.74494
9.24004
7.32032
12.5552
6.84808
5.75659
6.44839
9.105
6.72399
8.56705
7.93926
6.52036
10.3699
7.59771
8.91392
8.91839
6.338
8.16995
8.14027
6.77454
5.66193
7.89093
10.1361
8.73986
9.13402
8.27567
6.48257
8.39895
8.88391
7.66446
9.19474
7.24876
10.1402
9.43741
9.10268
5.97735
----------------
insert (avg): 7.73916
----------------
----- init -----
12.8172
----------------
init (avg): 12.8172
----------------
----- commit -----
1689.04
----------------
commit (avg): 1689.04
----------------
# Loading records:	1000
skipping run
