parsing config file ./lvconfig4.conf
parsing done
<<<< begin once 
<<<<< redos: 0 >>>>>
<<<< commit once 
----- insert -----
4.68596
4.39107
4.5274
3.90626
4.03908
6.49414
4.7924
3.99361
4.9776
5.3746
6.64152
5.7832
6.51786
6.15296
5.30007
5.8069
5.40897
4.49541
4.77844
6.13085
5.626
5.01803
5.12355
4.6384
4.64618
6.63612
7.50915
4.50755
6.16336
7.1744
5.15095
4.73708
4.61946
5.15211
6.03471
6.2105
7.16856
7.06515
5.75495
5.61372
4.30131
5.21614
4.62943
5.39297
4.41834
7.06633
4.84151
5.91693
6.61934
5.35553
4.35213
6.58912
4.18314
4.79697
7.03789
4.83981
4.31473
5.23984
7.85518
7.35566
6.51799
6.20583
4.52665
6.76488
13.4529
6.03013
7.95924
6.21612
8.36997
7.09003
6.12305
4.66834
7.64643
7.02328
8.31309
7.72896
7.2976
7.99522
8.07176
13.9455
7.15439
6.81516
7.59087
5.44045
7.93449
7.13965
7.30793
7.2679
5.08698
5.96386
11.972
10.6204
10.3219
10.6128
6.51353
5.69284
9.87733
8.31351
8.3285
8.41294
7.74845
9.07446
8.48477
8.51055
10.2163
7.2691
9.39841
8.47377
7.42521
4.96435
7.24049
7.98303
7.3386
9.75263
14.5924
11.6308
9.09251
5.47928
9.07065
6.64309
9.94384
8.92432
7.18859
6.97983
8.82943
7.33218
6.8368
8.37632
5.8666
6.52113
9.26131
30.9682
17.8122
9.80931
19.8735
7.04903
7.52599
11.1595
7.08134
15.5954
6.63092
4.39711
8.48591
8.47695
9.38583
5.04754
6.95088
6.74641
10.118
8.27113
9.53619
8.69747
8.20284
7.70832
10.0262
9.51112
5.74908
11.7798
6.44667
10.2154
6.84046
5.10724
6.14949
10.5196
9.23596
8.7598
9.09785
6.45361
6.82625
5.44372
7.5724
7.81602
7.76638
7.59608
7.64155
5.87836
8.10107
7.6106
6.54621
6.26668
7.13138
7.96821
7.13852
7.28509
9.79015
8.80315
9.18698
6.89008
6.34317
7.69474
5.80147
7.51566
5.50573
6.76669
6.96695
9.65596
10.0895
11.4274
8.20662
7.72431
8.54658
5.96893
6.2082
8.0664
8.8279
8.20048
9.38384
8.61655
6.95852
8.12876
6.21117
6.3664
6.6848
11.9392
13.1494
6.80078
7.3454
6.43743
10.1442
5.3179
9.22458
8.81018
8.35542
8.94902
8.54598
8.62049
8.2468
8.03279
8.21752
8.19491
8.52198
14.4373
7.18786
9.37627
5.44065
8.44288
9.4123
8.43327
11.1586
7.45483
9.80489
8.24728
6.56733
7.36509
7.25452
9.23428
9.74497
10.5272
11.3698
7.67804
9.93046
7.28603
7.2907
7.60196
6.82438
6.85369
7.70629
6.56484
6.85529
6.36178
8.79864
6.02575
9.26601
6.39916
12.4192
7.01335
5.65744
10.4988
8.03046
8.22664
7.15005
6.29135
6.67788
5.38948
7.0474
6.63858
6.50635
6.55456
9.63285
7.95254
7.53686
7.71231
8.73508
5.45979
6.27539
7.29535
8.54823
8.89851
11.8962
10.2638
10.0189
6.86599
9.48532
8.9178
9.31044
9.32326
6.08666
7.84643
7.67727
7.09948
6.69654
6.03303
6.62341
7.01025
9.96222
7.65912
5.79225
5.71771
6.79595
7.76939
8.15766
6.28197
9.44288
13.5718
6.38224
5.31657
8.52791
6.64648
9.88779
6.0008
6.03152
8.36835
5.00899
9.63064
4.83466
6.30196
5.36524
9.95564
6.45552
9.29833
6.12362
8.42166
9.55105
7.97243
8.07139
5.8997
6.18823
9.32628
10.8173
8.72859
5.6033
6.32575
6.55205
6.41845
8.71316
8.26856
7.31187
6.85805
6.68517
9.23326
10.9219
7.52634
8.16965
9.77956
10.4121
5.66118
8.8153
7.21335
9.94801
9.06709
7.33423
9.59918
7.47501
7.20951
6.76722
8.46844
6.88736
5.09499
5.9431
9.53585
8.09178
7.589
9.43543
6.86988
6.5229
6.84979
7.30572
7.75339
6.855
7.02541
9.00309
9.07451
6.43674
7.16749
7.13525
6.46409
8.17905
8.93555
9.65068
8.58724
8.19476
8.12147
7.53218
6.78315
7.50288
6.4047
8.41737
6.98872
7.4691
7.55475
7.7182
7.12837
6.60588
8.31454
5.46392
6.13147
8.03338
5.57766
5.77492
6.4356
7.47026
8.46316
9.45504
8.22456
7.40458
7.47542
6.7728
10.2843
7.43072
8.84278
6.71734
9.94425
9.66783
10.4455
8.39545
8.03167
5.95516
8.70555
8.76285
7.41169
10.9658
11.2104
6.43841
6.27375
7.55383
7.70462
7.63771
6.2016
14.5577
5.30968
5.99994
7.12217
7.31425
6.38549
7.6987
6.66682
8.94272
7.60757
6.29318
6.13813
8.2467
8.14925
8.11709
7.4229
11.3723
5.27779
5.07146
6.33578
8.27811
11.0648
8.89457
6.80155
6.59556
9.13599
8.59672
9.24696
8.20956
10.1398
7.56151
6.23088
37.2158
7.58758
9.50065
9.14934
12.5497
11.8721
12.0665
7.89372
5.11586
8.01499
9.21304
9.6547
6.37672
6.43993
7.23615
6.14746
9.85842
6.58338
5.76559
8.02973
10.3399
7.46806
7.235
8.52267
5.83911
7.10773
6.63746
8.82173
10.2584
9.06703
6.95417
8.09425
7.5841
4.82946
8.76114
8.12928
8.37734
8.13195
6.05943
9.09643
6.45306
10.2295
6.37752
7.3145
7.90787
8.41143
12.6407
9.71041
8.1784
9.4417
8.57398
6.93539
5.10332
6.56801
7.35995
7.30192
4.96205
8.80391
6.48949
9.37772
8.31298
6.59038
8.80851
7.55616
8.2623
6.69134
8.0962
7.43034
10.2785
7.63269
9.39221
13.01
7.15424
7.59577
7.24639
7.88063
8.98194
9.58213
8.58047
7.82904
9.03497
10.4474
5.94023
8.45496
9.56993
7.20263
7.48879
6.06946
9.33649
9.77317
11.9099
7.15241
7.37067
10.7231
12.9534
13.4889
10.0501
9.87356
8.49625
7.7073
5.22622
7.37016
6.66409
7.80539
7.01037
7.24939
8.53142
6.21378
5.9985
10.3512
8.04577
7.44133
9.18897
8.30834
7.59174
9.56414
8.57391
5.67482
7.29338
6.05174
6.80233
13.6795
10.2495
10.9542
7.06675
7.80023
6.31957
7.47583
8.17999
5.85335
9.53233
6.06499
9.08751
5.36766
4.22044
6.41526
5.29571
7.93508
8.21401
5.55892
7.76187
10.789
6.04421
7.9917
11.8422
8.19476
7.89691
10.4545
11.3199
7.88108
7.34628
9.93285
6.34971
9.7975
6.08769
5.77049
6.89935
7.4642
6.94105
10.2275
7.62716
6.99941
6.18982
9.6488
8.62624
6.89993
5.11364
7.50472
7.9407
8.13396
8.3778
8.44476
9.74454
7.92853
7.96168
6.49109
5.86742
6.09413
7.00483
8.94772
6.02571
9.34901
9.35324
13.7646
8.73272
10.0438
10.3005
21.979
6.223
9.23829
7.20108
6.57867
6.90337
7.55836
6.36475
6.91788
10.7548
7.34332
8.23026
6.34916
6.59276
7.29649
5.51906
8.4234
8.43424
9.70267
17.5101
8.0091
7.06067
7.6459
7.03993
8.57603
8.14822
5.99343
8.56897
5.98698
6.96071
10.1125
8.0234
6.50191
7.70193
14.0801
8.8927
7.98585
8.34249
7.56196
6.99032
9.03736
13.6948
12.0403
10.1567
10.9335
7.20119
9.55389
7.23128
7.50942
6.77489
6.15221
6.87886
7.49604
8.96249
8.63907
7.60839
6.59138
9.49588
9.63797
12.2398
11.8961
11.5086
11.4835
7.10957
8.08262
9.47634
9.54308
8.93916
7.31154
8.05232
8.39917
9.5955
7.37406
6.78
6.16089
6.44361
5.80332
7.13728
9.18307
5.60398
7.04417
10.293
8.52253
10.6193
8.34132
7.63662
8.94832
9.80562
5.77699
5.04664
7.45936
6.99753
8.43429
7.59402
8.73511
8.34505
6.28889
6.97985
7.384
6.76888
5.1805
7.56333
9.27374
9.47061
9.05721
7.32065
6.76238
8.96943
7.88955
8.52003
8.11869
10.9244
11.3999
6.47336
7.09
7.87022
7.51082
8.34917
6.25013
8.03679
10.4404
7.37117
8.52493
6.92307
9.36205
9.15613
10.0695
8.17876
8.83194
6.12009
7.51035
6.581
8.40954
8.52287
7.0498
9.26868
9.6403
8.83881
7.35365
9.20664
8.36502
11.9247
8.64532
9.43734
7.92771
10.0796
9.7384
5.30433
5.05258
10.9905
8.20607
6.05573
11.6797
8.266
8.05919
7.98492
6.43132
7.5919
7.76258
5.97717
10.8981
8.19548
6.92592
9.35393
9.06731
9.24122
8.72109
8.87024
5.96551
8.44231
8.13008
11.4285
5.46289
7.49634
7.37144
8.59475
8.27455
6.69053
9.36005
5.89988
12.6457
6.6168
6.3297
9.02501
10.9875
13.7042
11.7613
9.32272
8.51843
8.98397
7.82289
6.47932
7.555
6.0523
10.7834
9.27997
7.29935
5.03799
7.38302
7.69934
6.26111
7.91738
6.15656
8.81822
10.1014
9.68306
7.05995
7.60919
6.94712
8.49376
6.25021
15.4738
7.80393
9.25172
9.63431
5.32828
6.81427
7.47879
8.86472
9.79705
7.71928
11.7809
9.32974
6.98546
8.68999
8.82456
9.14965
7.02173
8.28966
9.19459
9.57594
8.13211
10.0865
7.74102
13.441
11.3364
6.34202
5.61497
6.02403
7.08495
8.95182
8.87453
8.72747
10.4291
10.5016
8.48618
6.54093
5.45326
7.22948
8.51129
7.51928
5.28121
8.03598
7.86437
6.63371
7.36067
5.56185
8.05095
6.27543
6.09354
8.79702
11.1327
6.41958
9.20108
7.14658
5.94415
7.00495
8.28416
5.66071
9.08283
5.80418
7.78562
8.10555
8.20642
8.58554
7.58706
5.90738
6.29707
5.15286
9.884
9.21825
5.6042
5.54689
4.95927
6.56329
6.1708
6.49769
6.52532
8.41198
12.5235
8.29618
6.88193
8.18722
12.5716
7.90393
10.9733
8.80831
10.665
10.5163
8.71398
9.92476
8.0149
8.85016
13.2037
6.36502
9.99823
6.66991
7.19653
7.27693
7.45007
7.70224
8.10996
9.06653
12.772
9.90748
12.3593
12.616
9.05918
9.08019
10.285
6.98578
11.5379
9.60164
7.17176
10.3234
9.79527
6.23273
7.61958
6.18489
10.5765
8.33755
10.2954
6.25006
7.06468
5.76086
8.84436
8.59166
10.2391
7.01094
6.66719
6.00111
8.78398
11.9186
----------------
insert (avg): 8.02156
----------------
----- init -----
11.9005
----------------
init (avg): 11.9005
----------------
----- commit -----
1780.64
----------------
commit (avg): 1780.64
----------------
# Loading records:	1000
skipping run
