parsing config file ./lvconfig15.conf
parsing done
<<<< begin once 
<<<<< redos: 0 >>>>>
<<<< commit once 
----- insert -----
5.26434
4.00868
4.04538
4.32503
4.42362
4.7604
4.49873
5.00982
5.39365
5.26159
4.90437
4.28079
4.41082
4.4333
4.96876
5.39237
6.09032
5.97534
5.28764
5.18134
5.10234
5.23547
4.49125
7.07005
5.54861
6.51384
5.79511
5.74255
5.70706
5.09047
5.28696
6.23668
5.74508
4.79754
5.09704
5.01995
4.56294
5.99568
5.39175
5.08625
7.07759
7.37207
8.58192
7.53503
6.59198
4.62808
4.66832
4.95835
6.27877
6.37702
7.40576
6.5778
5.65712
5.8046
5.49528
5.37363
6.47098
6.31869
7.1849
4.92278
5.58088
6.83654
4.47354
5.40452
6.18686
4.37907
5.12715
7.16293
7.70998
6.54982
7.8119
7.23235
7.72963
6.29554
8.2846
6.14675
8.07655
6.34161
9.59373
7.17047
7.90468
6.89314
7.54228
10.3191
7.20025
7.80376
9.75581
6.80461
6.58522
8.1555
13.1209
8.81643
6.02352
6.6482
5.3463
8.98312
11.0802
4.41777
7.79138
8.22975
13.8321
9.38003
10.2113
12.098
9.67871
7.74484
8.63409
10.3374
9.5585
7.71907
7.41941
8.79179
7.17281
6.59835
6.68769
7.32015
8.61
7.87746
5.77304
6.41923
8.00672
6.67734
9.54227
9.13253
12.4832
5.82577
8.35702
7.87354
4.43546
7.20276
5.70295
8.09156
6.1892
8.3194
8.00328
7.20266
5.16227
8.15827
8.67937
9.55687
7.42368
7.2954
7.1868
28.0694
20.3566
9.9527
19.9157
8.43892
7.93602
8.30318
7.65014
15.6574
7.00086
5.07627
7.31846
7.87628
9.14126
6.37967
6.85342
9.55109
7.9737
6.97799
9.99354
9.25465
7.51181
7.71176
6.51897
6.89375
10.6975
9.25003
10.3476
10.1239
8.23829
8.70056
8.54124
10.1248
10.6733
7.07511
5.56717
8.17874
6.5118
8.46307
6.90092
6.78188
5.85879
6.5282
9.41545
6.74587
7.44212
8.82845
5.20479
8.18015
7.74564
6.62317
8.53903
7.14479
6.08077
5.8193
8.48072
6.77606
6.10729
11.2834
9.03561
6.47165
6.76293
6.62688
7.55996
8.71473
11.5141
8.43225
7.64578
8.09354
5.32345
8.36537
5.7068
6.38342
6.6715
5.53059
6.85214
7.91283
7.64634
10.2088
9.75311
5.85405
6.53435
9.27224
9.44769
12.474
4.56501
8.00177
8.80814
6.73192
7.02523
9.88444
8.46766
7.49941
8.76744
5.48674
9.89079
6.35272
7.98075
8.20808
7.17195
9.38153
14.5941
7.14107
9.15843
6.24325
8.02398
7.61415
5.84469
8.75784
6.09798
7.8076
8.83023
4.5215
6.4075
9.22416
5.93609
7.15648
6.93948
8.91474
6.34273
9.0549
7.07892
5.51514
7.72861
5.98341
4.64529
5.45425
8.84732
6.57139
7.33823
6.75937
6.39021
7.15248
6.18733
6.34488
6.44756
9.74446
7.99653
14.4619
8.40873
9.09172
5.94022
7.855
8.23639
6.2707
6.68969
8.09638
5.65669
9.39822
9.20242
7.188
9.80283
7.86117
6.7116
8.39266
7.61688
4.99646
7.21241
7.43849
8.36892
9.86643
9.34598
7.61978
9.93583
8.738
8.20947
8.17002
8.53812
9.06015
7.0147
6.95496
6.51696
7.95489
6.71042
8.20809
8.35027
7.49436
7.65426
7.56566
7.24778
7.88549
7.72483
7.52569
6.69361
7.22987
5.23325
11.4092
7.86599
6.48691
7.02353
6.4084
6.62594
9.36772
6.62699
6.63697
6.7975
5.50144
9.80587
8.75154
5.96231
5.6441
7.07581
8.16263
7.56868
6.21148
6.86452
9.40092
6.84755
5.73541
5.45203
8.48172
10.921
9.42301
6.10442
8.73704
5.76784
6.5291
6.42654
8.86505
5.89148
5.8282
6.08472
8.06688
8.34263
7.02202
9.7224
7.47445
7.32406
7.33462
8.1808
8.72256
8.76846
7.39033
6.39865
10.0932
6.67171
8.20514
10.5447
10.308
6.66018
8.56827
6.688
5.21982
5.31733
5.96569
7.45918
9.58771
6.46074
7.89504
7.70858
7.57855
5.70474
8.80674
8.02497
5.12352
6.91635
11.0973
9.65276
7.97127
8.47892
6.78865
7.39305
10.0588
9.51545
6.41266
6.29363
8.36431
6.84948
4.64815
6.49649
6.85838
9.92718
5.99544
5.92354
7.26887
6.9588
6.32267
7.12061
7.7587
8.23274
5.31149
6.41456
5.59727
5.70108
8.69463
5.77095
7.13381
8.82817
7.3426
8.44097
5.95888
8.94677
8.1275
6.7617
5.42531
6.56903
6.09892
7.96517
9.11645
7.48768
10.509
6.7878
6.5937
8.71727
5.16588
10.7004
7.10925
7.30497
7.08295
8.31934
5.62171
5.82566
8.39675
7.80424
6.34199
8.18359
6.31448
13.4456
5.29078
6.89026
5.94116
8.93326
5.72169
8.39952
9.39832
5.78598
14.9737
5.32566
8.86192
11.8261
6.44035
9.90232
7.15839
8.53496
7.10224
10.6291
9.85721
7.86956
6.90619
8.43981
6.7119
10.0697
9.96208
6.43865
8.17068
8.69115
5.99881
6.59021
38.1906
10.3789
8.97473
12.6458
11.6927
12.2192
8.74201
7.07798
8.85024
5.8241
9.39874
6.40763
7.68634
6.42936
8.41051
8.33826
6.881
6.55563
14.5936
9.70735
7.35409
7.99358
5.75377
6.41069
7.27885
8.24094
10.5655
8.65451
6.92799
6.21089
6.18097
7.1815
9.27007
7.67499
11.2623
7.70966
5.03263
8.30776
5.68553
9.49256
8.86617
7.886
4.39235
9.61115
8.25679
9.92006
6.37034
8.25215
8.56861
8.89073
6.73552
8.37344
9.95819
8.73764
6.6662
7.93374
6.25863
9.84718
8.79159
12.9218
7.83618
7.13387
5.14433
8.24731
6.7005
6.34832
7.47884
5.8284
8.40014
9.63314
10.5292
5.95593
9.01008
6.66725
8.54039
7.61144
10.2193
7.58341
6.28237
7.57438
9.61706
9.34055
8.24637
8.3899
7.44641
6.55321
7.77138
6.87388
7.69934
11.8309
7.13117
7.83077
10.7283
8.58914
12.716
9.65273
8.33233
11.0689
6.96082
7.15902
5.70052
12.5679
7.12321
5.63531
7.20181
6.26795
6.87253
8.83733
7.80248
5.76257
7.97862
8.31952
6.78047
8.66963
8.99893
8.34315
8.91356
6.57243
10.4369
5.77234
10.528
7.63998
7.20076
5.94568
6.02358
7.25909
8.27682
8.78457
9.47412
5.28349
5.95399
8.5048
5.96928
8.60678
9.40052
6.46207
6.10606
6.58967
6.60997
7.55211
7.31053
7.13841
7.9369
7.04584
7.05232
18.3539
8.548
7.39713
10.7373
8.80326
8.61746
8.33158
6.35285
6.17205
6.50129
7.52163
7.75435
7.45271
7.18452
7.76839
6.35967
10.8128
7.43369
8.28734
8.86255
6.78383
8.18537
7.55495
5.43423
7.47353
14.8157
10.9929
8.01399
8.58834
6.56853
10.0569
6.7471
7.28155
7.67285
5.92841
10.8518
9.12601
13.506
9.84098
8.92794
21.6771
9.20877
8.1018
7.31817
5.63172
7.25184
9.54098
6.82551
6.10793
11.4279
9.56886
6.06271
8.21351
8.31276
5.71269
6.10184
8.02502
7.05634
9.69257
18.7219
8.13111
6.32111
8.05722
6.41122
6.52963
8.59916
7.21651
8.05922
8.2212
7.11854
9.05687
9.73701
6.38287
8.71851
12.066
9.61726
6.05602
9.12243
7.13926
6.69122
9.72769
13.1749
12.8392
9.15303
10.6345
8.04467
8.93838
10.764
5.63102
7.68478
11.4229
8.03515
8.23769
8.44034
5.65044
8.20614
6.2493
7.75444
6.90048
12.1181
17.4833
10.4705
13.9223
6.94768
6.00764
7.70636
6.38149
8.7015
10.1857
9.34086
5.7133
8.40632
9.89152
8.03557
8.06098
9.30132
9.34497
8.05698
8.74624
8.65857
9.65356
11.5622
7.29341
8.0833
8.09616
8.50215
5.81102
5.9269
7.23385
7.48419
8.34025
8.59897
8.12932
6.9891
7.00985
7.87407
11.1263
4.55941
11.19
8.25189
10.3215
8.46923
8.24582
6.58447
8.02383
9.38161
9.05834
9.9513
8.30411
10.1319
12.0053
10.2475
7.55051
9.42072
8.07286
6.96531
9.33367
6.35375
9.43373
8.01576
7.7691
9.06272
10.3639
7.11692
9.29873
7.22353
8.49921
8.83484
8.02095
8.17918
7.6221
7.75871
7.18635
8.48071
7.97143
8.26885
5.40853
11.3417
11.3847
7.64853
10.0872
6.04482
9.06191
6.68079
16.9486
9.29572
6.40029
9.98609
9.48884
6.78513
6.73615
6.94436
11.1325
8.74352
5.8987
8.8525
8.89967
8.58668
9.12525
7.59286
6.55355
8.23902
7.2839
9.76412
9.86691
8.67689
7.76061
7.81556
7.39648
9.49472
8.3255
8.39503
11.0377
9.53009
6.25407
8.27365
7.78017
8.62102
9.74331
12.2501
12.7971
8.54516
8.2618
12.4599
5.65903
10.1357
6.784
6.16681
9.11054
6.87089
7.93883
6.62797
6.90812
10.7869
8.24654
10.1432
5.41309
9.102
9.57148
7.38972
5.43287
5.3182
7.36552
7.39443
6.81291
5.48378
8.39048
7.99591
9.70936
6.73614
8.55389
5.91964
7.31356
7.71564
8.37017
8.50345
9.50019
17.3609
10.6666
8.45106
9.25398
8.41193
6.82045
7.13895
5.00277
7.15707
8.33975
8.17282
7.72292
7.85489
7.22538
13.8616
8.72267
8.0919
8.15572
10.9984
9.07809
6.24886
6.30902
6.7471
8.62398
8.83175
6.5391
9.52729
8.34993
8.86684
8.3268
7.84739
5.82619
7.97579
7.19555
7.01327
7.6027
8.32508
8.03404
8.52738
7.16983
7.53428
9.71059
7.44858
7.03207
8.10177
8.95702
6.38434
8.2201
5.51923
8.23445
9.4036
9.30104
8.96761
8.40918
9.26779
7.70811
7.85864
7.33745
7.14546
8.74273
6.02496
7.68426
6.06864
14.6686
8.45944
6.44009
6.72859
7.02443
8.367
11.5382
7.98547
7.52104
7.27367
10.6481
10.4696
9.04092
6.48752
8.46665
12.0419
6.01858
9.75147
7.73475
7.41641
7.04001
6.78069
6.73441
6.53032
8.81073
8.51436
7.35764
7.34356
11.1301
9.3172
13.8196
9.63978
7.27902
8.60941
9.45504
6.54308
10.5759
6.95085
8.69963
7.11835
11.0286
9.96195
7.84783
6.94306
----------------
insert (avg): 7.97879
----------------
----- init -----
15.6946
----------------
init (avg): 15.6946
----------------
----- commit -----
1479.61
----------------
commit (avg): 1479.61
----------------
# Loading records:	1000
skipping run
