parsing config file ./lvconfig21.conf
parsing done
<<<< begin once 
<<<<< redos: 0 >>>>>
<<<< commit once 
----- insert -----
5.32775
6.23373
5.21546
6.95227
5.49622
5.02411
4.42798
4.70545
6.04577
5.88219
4.70115
4.88929
6.17903
6.18654
4.48721
5.90069
4.40796
4.38652
5.64885
4.3428
4.9333
4.47375
4.95043
6.45469
10.1998
7.75357
4.82386
6.03201
5.00367
5.22307
5.91179
4.94796
6.34423
4.96631
4.11952
5.52382
4.8641
4.83134
5.89391
5.55611
5.58442
7.6515
5.12569
4.60848
5.28813
4.59242
5.23115
5.73409
5.9027
4.30828
4.61268
5.62134
7.71726
4.89372
4.66574
4.67192
7.07814
6.17318
4.62708
6.36867
8.26286
12.3424
9.16141
6.22003
5.04771
7.7824
8.49267
7.0613
10.1327
7.61694
8.52328
8.96578
6.86785
6.36102
5.74482
6.4946
9.29563
6.66718
4.87501
3.97279
10.1541
8.50634
7.8749
7.14787
7.08004
6.86127
8.43172
9.81691
8.28582
6.23467
5.87194
9.74442
11.0079
7.67737
9.15192
10.5229
8.99151
7.8076
9.15381
8.24812
8.32094
9.44197
5.79237
7.28072
8.27107
7.47068
7.60232
5.29496
5.62752
9.12937
5.9832
7.29172
11.5456
7.8251
7.964
9.10523
5.72905
8.23829
6.76663
6.12364
7.69085
6.80127
9.71443
5.29422
11.0517
9.22801
8.86015
8.27755
9.2785
6.13776
27.9575
19.3189
29.2966
8.89291
10.6968
8.72813
14.0054
8.43451
8.39813
8.38743
8.47747
9.64278
7.61658
6.17958
9.37169
9.48034
7.0896
10.5427
6.01464
7.29863
8.22105
7.91186
7.14269
9.71344
11.2413
7.14982
10.4311
8.99222
6.04144
6.11796
8.24189
7.68192
9.25205
7.08233
6.77358
7.57215
6.84462
7.12707
7.33591
6.91865
5.66915
7.73263
8.18579
4.85697
9.08353
8.85979
7.25253
6.72987
7.04537
7.14608
8.90107
8.86721
9.06612
8.65321
7.26187
6.31436
7.92919
10.2857
5.86561
6.00088
8.53507
8.13911
7.73391
7.69485
9.46241
7.97576
8.05052
6.09305
5.60408
6.5552
6.73471
7.20655
6.57395
9.17681
6.92902
8.60343
6.92606
6.54872
8.57338
10.9329
5.4115
6.79139
7.11386
8.16781
7.13541
7.5749
11.3467
7.861
6.40681
9.25455
8.48778
7.15213
8.7462
8.43641
8.42664
7.42829
9.73442
8.09844
8.30705
8.76202
10.0006
7.2001
6.34418
8.28629
9.40254
7.13705
5.84711
6.1034
9.16092
8.29743
10.0595
8.19581
5.81731
4.97601
5.53151
6.59921
7.9182
8.42843
5.76935
11.0727
5.54193
7.11227
7.69304
8.17652
6.67138
5.59882
8.82863
7.46202
7.47313
5.96429
6.8547
7.47086
7.68046
5.72172
5.80172
9.74929
14.6529
7.67287
6.67639
8.34911
8.76454
7.68151
7.36991
6.50271
6.62182
5.82938
6.63374
7.36498
8.78155
5.06121
8.13784
10.2518
10.473
6.68524
7.68443
5.12831
10.5494
8.00476
9.20049
10.4166
7.40599
8.56004
6.18552
7.00188
9.44833
9.4162
8.2358
10.9073
5.56016
7.34428
8.829
7.83481
6.90989
8.56113
7.48933
7.78482
7.12204
5.98258
7.43143
6.26546
5.61825
9.19686
8.86476
6.25306
10.1601
9.24175
8.68826
6.27758
8.73224
5.96663
6.18059
5.25125
6.53538
8.04882
7.55433
7.82524
8.82865
6.61575
7.03453
5.2873
8.08435
7.15048
6.47522
5.85201
6.55746
7.36191
6.81046
7.33175
8.89457
6.59365
10.8371
9.24074
7.20537
6.83521
6.44899
7.51571
9.23666
7.1056
9.04186
6.27819
6.25282
9.36036
6.18631
7.17308
7.91438
9.49393
11.3561
7.6454
6.10294
11.336
6.19836
8.97693
8.09988
10.3139
7.51719
10.6944
6.16113
5.77174
7.56857
6.28576
7.68169
9.6681
8.35648
6.30824
11.4984
7.50496
6.8854
7.37366
8.82941
8.77791
5.21547
9.39133
9.0542
7.58467
9.49362
7.59508
8.88692
8.94808
8.65447
4.70167
9.7923
7.70487
7.72197
4.77802
7.18199
5.86539
6.87085
8.30215
6.19927
6.22841
5.83471
6.95884
7.26486
7.58753
7.38783
8.92865
6.23209
8.9666
6.4445
9.86452
6.17139
6.73199
8.25488
10.445
9.98061
6.83758
8.39496
9.73825
6.28298
7.98988
8.44728
5.41123
10.1321
9.51211
9.69184
6.68529
7.07536
6.71284
7.30924
8.00751
8.80209
9.17466
9.74409
7.66251
5.45375
8.90766
7.16422
9.91634
7.76977
9.06783
7.98693
5.90885
7.87158
7.02665
8.23538
6.03616
7.2667
6.89873
7.57172
12.9154
8.706
7.79701
9.48679
6.279
10.389
7.02909
8.34583
6.83548
6.2263
6.36857
7.93057
7.77643
7.71925
8.61834
8.13671
10.9196
8.67731
9.84957
7.35431
10.5205
8.24535
36.8813
10.2917
9.5566
11.5696
10.6564
13.0879
7.68915
6.19681
7.74669
8.20814
6.68202
8.74574
7.50728
6.87195
6.0485
8.56863
8.40512
6.39203
7.7126
10.2664
9.47233
6.39284
7.24319
8.56591
5.77166
7.33048
11.1091
7.46463
7.55831
6.0135
6.6396
5.16561
8.0424
8.57603
6.33156
8.5043
7.89556
7.85804
6.21399
5.27214
10.0714
6.16746
8.33638
9.56862
7.1492
9.48146
9.4202
8.60835
8.432
8.89085
7.27984
7.60186
9.25615
6.17092
7.74461
7.38005
10.3805
5.37348
6.06833
7.1205
7.32193
11.3453
8.87272
8.44887
7.82632
6.45365
7.06955
5.75922
6.12081
7.20054
8.27448
7.02591
11.8463
5.12585
7.09648
7.95113
7.10144
6.51619
7.32652
8.10257
7.59131
12.3029
6.80064
5.08249
8.1281
11.2549
8.87211
8.79246
8.84878
7.18362
10.2459
12.7106
7.96833
8.70918
13.3137
9.85159
10.9996
10.0999
7.54957
8.67479
6.36371
7.62287
5.6409
8.73691
8.86997
7.24874
7.73325
7.10945
6.11813
7.51865
8.12464
6.08713
7.2963
6.46231
5.59475
7.65294
5.47983
8.07544
6.67708
7.88696
7.08228
9.47752
5.6141
15.3894
10.2153
8.93509
4.42903
6.09069
5.79906
7.26852
8.60478
11.0053
5.29228
7.85811
5.82218
8.14847
6.19311
5.92933
8.41343
8.10618
6.89512
8.04578
7.5275
5.87264
8.24366
6.32983
8.22591
11.587
9.94379
7.00502
6.69865
11.5274
6.82221
8.48802
8.30379
5.93094
10.3815
9.51415
7.99043
8.20081
7.24167
7.1906
5.38611
7.57558
8.3257
12.0793
7.48746
7.794
5.2527
7.44325
7.91924
7.21718
8.50471
9.57155
9.23816
7.65687
9.32946
5.6279
10.213
8.15996
9.56207
6.03078
8.40955
7.37441
8.76771
12.7464
9.96818
8.7262
6.13764
21.4576
7.60765
4.35749
8.8145
8.44717
4.97903
7.47668
6.76217
6.13255
11.7962
8.71515
7.47445
4.75179
5.7587
6.95338
7.98984
7.9466
7.3142
6.87169
7.74889
16.0691
8.49513
5.29349
6.94235
7.55394
6.84213
7.73969
9.09646
8.47449
6.8872
7.52144
7.91379
7.29634
8.73654
8.53575
13.4269
7.22292
7.71081
7.68243
8.91479
7.5054
10.408
11.8175
9.95768
11.8446
10.7737
7.40855
9.90194
6.77681
7.64443
7.77653
9.74429
5.455
5.81703
8.07361
7.72951
7.1256
7.67213
9.54165
9.83866
13.0388
17.0795
10.7067
13.8253
6.60623
7.55833
6.91726
8.43491
8.1589
8.32155
5.76962
7.4657
9.78343
10.4132
8.06763
7.88266
10.236
8.46119
7.42936
6.18025
6.94987
7.07758
7.16632
13.1215
6.49388
7.13949
7.30431
9.66104
4.66068
6.60008
7.55152
7.5541
7.97015
8.34108
6.71029
8.67544
7.79163
7.43552
6.81821
7.88305
8.41873
9.28887
6.07121
8.25668
9.18797
13.3897
6.89088
10.8237
11.365
13.1601
8.21644
10.0335
9.47621
8.0656
6.8919
6.25958
10.4011
7.35761
9.3162
6.23137
9.19064
6.6752
8.10746
9.21285
10.0458
9.24803
9.42323
8.70002
7.72886
7.38236
8.17498
7.68732
9.14254
11.7915
9.55248
7.76066
10.3302
7.51004
12.6728
7.35775
7.66031
9.94351
7.78608
7.8636
6.86551
6.44001
6.70316
6.9955
8.14765
6.16607
12.9616
6.51243
6.69032
8.31746
6.42432
5.1411
6.83765
8.54685
9.03695
8.3137
10.475
9.16453
9.79679
8.81031
8.86081
8.04512
8.32991
5.61398
9.12936
12.3625
8.66107
8.49958
10.919
8.52691
7.83245
8.47841
8.3376
8.82026
7.6131
6.28865
8.64405
11.1958
8.81216
16.8526
10.0612
7.34361
6.71987
9.28967
6.04408
9.27322
6.61625
10.0287
6.42099
7.91199
6.06232
8.80625
6.15783
7.29869
8.45387
6.08283
8.93366
10.6193
7.63504
6.79078
8.84133
7.87596
7.03075
6.75495
8.16451
8.53029
9.65552
6.0805
6.50078
7.48777
8.72308
8.40826
10.0653
7.0658
7.88667
7.31928
10.0433
9.41399
10.5799
8.91978
8.39828
6.9854
8.44626
9.89111
8.4494
8.48255
10.1692
6.81803
14.4442
10.1115
8.97734
6.90073
6.96919
13.2272
8.68073
7.52384
9.26987
7.254
9.62534
5.40842
10.0093
7.5735
8.4309
12.6646
8.62927
9.04853
6.66241
7.64439
7.37282
5.97773
6.70894
6.04975
6.81143
14.2538
8.71175
6.34973
6.02355
7.18074
10.4038
7.40031
10.8325
7.92497
7.74101
7.11712
9.79843
8.59205
7.3726
8.93008
6.4545
8.68995
8.61889
6.91633
8.02446
7.02602
6.05066
8.11901
11.8601
8.57029
7.1898
7.1543
6.44348
4.65796
7.0295
10.0425
7.98626
6.54688
8.03438
10.3117
6.30215
9.52838
9.82461
9.01958
9.98361
8.2791
9.61523
7.88657
6.31232
8.03927
7.81248
8.62531
8.36173
7.18422
10.8365
10.7384
12.7124
14.8549
11.7932
9.84849
8.43293
9.78636
7.15654
9.57751
7.53333
9.156
7.45375
9.83897
9.43893
6.5409
7.61164
6.95307
9.23713
6.28294
6.37378
6.77454
8.85165
8.81368
7.13343
11.5016
10.043
6.23398
6.39799
6.47734
8.72066
12.2309
9.03831
9.94282
----------------
insert (avg): 8.02457
----------------
----- init -----
11.7263
----------------
init (avg): 11.7263
----------------
----- commit -----
1889
----------------
commit (avg): 1889
----------------
# Loading records:	1000
skipping run
