parsing config file ./lvconfig32.conf
parsing done
<<<< begin once 
<<<<< redos: 0 >>>>>
<<<< commit once 
----- insert -----
4.18134
3.96467
3.81911
4.16413
3.87911
5.2237
4.88006
4.22093
4.99499
4.8285
4.14029
4.18684
3.94854
5.23403
4.61609
4.79584
4.06756
4.46641
4.62667
4.45585
4.83747
3.90556
4.72035
8.53601
4.65664
4.39851
4.76259
4.58997
9.47828
4.36656
26.0026
21.0432
27.5497
9.86563
4.28491
4.62057
4.26084
4.79851
4.20448
4.11647
4.65734
3.9527
4.81121
4.99812
4.23785
4.02058
5.12829
3.76151
4.40234
4.41169
4.31977
4.47685
4.4279
4.66927
5.02187
5.29565
4.61236
5.53984
4.55689
5.51005
4.56332
4.55009
4.62629
4.57886
5.06546
4.82929
4.58826
4.86877
4.52666
5.07066
5.17097
4.26346
4.46016
4.86752
4.13308
4.33003
4.73821
4.75028
4.73942
5.2676
4.95364
4.45187
4.66793
4.98084
4.62707
4.76468
4.49625
4.7625
4.98858
4.08905
5.04254
5.05391
4.58166
4.17152
4.30154
4.7418
4.33232
4.81596
4.95908
4.43961
4.71278
4.95488
4.45392
4.76265
4.07106
4.02525
4.17352
4.686
4.06635
4.28213
4.18973
4.11747
4.29926
4.24064
4.47874
4.33553
4.10093
3.71775
3.89094
4.40416
4.31532
4.37198
3.8662
3.82147
4.14213
4.03397
3.94593
4.32854
4.35529
3.91334
4.25362
4.05324
4.89894
4.26924
4.4112
4.62617
4.27663
3.78379
4.62515
4.13176
4.38013
4.38556
3.69894
4.32852
4.22768
4.14387
4.35384
3.82351
4.25077
4.02972
4.55342
4.33129
4.01975
4.43677
4.88335
4.83436
3.89184
4.27453
4.38187
4.12144
3.92604
4.08906
4.66886
4.49374
4.22618
4.62706
4.85555
3.7214
4.43439
4.16078
4.40305
4.3842
4.36549
7.23964
4.88545
4.94497
5.00233
4.15455
4.52304
5.71276
4.41492
4.67313
4.58983
4.59502
5.26909
5.28654
5.21822
4.53736
5.34262
5.13178
4.94496
4.88736
13.1046
7.01556
3.97802
5.11424
4.80865
4.62921
4.63099
5.25773
6.14155
4.75601
5.09691
4.72287
4.98715
4.79064
5.4615
4.75519
5.27243
4.5462
4.62198
5.34531
4.42396
4.124
5.20427
5.33367
4.70687
4.15394
4.94952
5.05188
4.36914
5.25729
4.35799
5.91367
5.34543
5.30059
5.67749
5.01815
7.07003
4.87984
4.52157
4.18605
4.62003
4.64169
5.52937
4.37004
4.43483
5.01171
5.22493
3.72293
4.04211
4.49934
4.10596
4.47687
4.34194
4.2432
4.05931
4.33512
4.25654
5.38763
4.70422
5.18048
5.15365
4.84716
4.31945
4.6893
4.95918
4.17534
6.16407
4.83134
5.08637
5.42929
4.92938
4.57547
5.3277
5.04893
4.8319
4.97404
5.1243
5.06774
5.11803
5.2451
5.05852
5.08974
5.19254
5.21601
4.69028
4.99699
4.92381
5.22687
4.76705
5.31701
4.78158
5.16577
5.33825
5.12156
5.37491
5.72071
5.75542
4.97248
5.04026
5.90843
5.20575
4.69799
6.38285
5.53467
4.66625
5.17105
4.88035
5.18787
5.26629
4.11371
5.59435
5.64279
4.85335
4.54628
5.34033
4.61769
5.2771
4.92306
5.27378
5.38185
4.62966
4.64612
4.80564
5.14039
4.51753
4.65878
4.68519
4.6978
5.32898
4.25603
5.03323
5.09045
4.87142
5.06079
4.81355
4.41974
4.96023
5.54142
5.23299
5.33735
5.2561
5.29482
5.34973
5.42452
4.69246
5.128
4.46971
4.5464
5.43056
4.68652
4.69659
4.85005
5.35974
5.11657
4.77401
5.38132
5.24387
4.7975
5.02116
5.01136
4.90733
5.12679
4.93243
5.01083
4.85045
4.59678
4.40526
4.94103
5.17703
4.71934
5.70327
5.0961
5.33089
4.2864
5.63396
5.26328
4.67173
4.85379
4.82275
5.21224
4.7566
4.79663
5.17008
5.05909
5.09553
4.88567
3.94035
11.3353
5.61609
4.77933
4.8415
4.81816
4.39865
4.2016
4.69524
5.47071
4.64128
4.60506
3.96509
4.12545
4.56316
4.3891
4.73511
4.55416
4.35187
4.55896
4.55581
4.45928
3.98193
4.20985
4.65834
5.10868
4.60447
4.61329
3.92003
4.87943
4.89555
5.10174
4.64704
4.79015
4.83202
4.07424
4.91779
4.59614
4.98159
4.68866
4.10285
4.44315
5.61135
4.73459
4.22377
4.45745
4.33584
4.41118
4.62275
5.11438
5.01419
5.42579
5.98358
5.98651
5.04114
4.48433
5.42321
5.50889
7.4779
4.78787
4.36806
4.87114
5.17177
5.62749
5.8415
4.80693
5.19084
5.63497
5.14864
5.65572
4.83034
5.18933
4.86015
5.02262
5.5551
5.12516
4.78498
5.40732
5.53888
4.69459
4.83131
5.12515
5.59036
5.09818
5.1989
5.30905
4.99032
4.99564
6.22576
3.81064
4.21751
4.67681
4.65092
5.29092
4.17007
4.61961
4.32458
4.6366
5.38857
4.45499
4.70266
5.33356
5.58205
4.56156
5.19433
5.13307
5.08513
4.85474
4.91508
6.15574
5.5106
5.51825
5.00518
6.00159
5.26744
4.83162
5.04275
4.96187
5.22642
4.98404
4.50497
4.71586
4.55456
5.448
4.99327
4.58035
5.21743
4.94721
4.95857
4.94382
5.17011
4.81741
4.94903
5.36031
4.47593
5.07512
4.50558
4.53059
5.10183
5.34832
5.40689
5.07879
5.46277
5.19943
5.63385
4.73577
5.44639
5.32073
5.18727
5.15247
4.56931
5.44172
4.9017
4.87654
5.17874
4.78463
4.823
5.05158
6.30149
4.67628
4.87415
5.39866
5.51695
4.48558
4.81898
4.62279
5.06571
4.52395
5.69724
4.79206
5.39828
4.76188
4.76782
5.41021
5.16149
5.26342
5.30681
5.17
4.79186
4.86083
5.43093
5.48342
5.40195
4.77632
9.89655
5.74921
4.77237
4.81199
3.92705
5.4981
4.58027
4.54424
4.60667
4.69334
4.56601
4.3184
4.185
4.65358
4.34088
5.26181
4.18292
4.00364
4.65324
4.12758
4.56394
4.72057
4.47391
4.51006
4.61252
4.40058
4.58569
4.57309
3.89699
4.55302
5.06633
4.98826
5.37779
4.57823
4.95635
4.91592
4.40227
5.03557
5.55783
4.63901
5.77904
5.25516
4.66378
4.48336
4.73989
4.61126
4.92621
5.09008
5.21457
5.37417
4.64224
4.69468
5.49574
5.16093
5.22587
5.26706
4.74186
4.60876
4.76564
6.30668
5.37644
4.89779
5.1601
5.09412
5.03606
5.97193
4.56993
4.48678
6.42491
4.66372
5.51758
5.43879
5.02254
5.79364
5.08772
4.84159
4.89091
4.2906
4.67124
4.74065
4.33038
5.24364
5.71958
5.23885
5.31888
5.58848
5.07697
5.05775
4.65596
4.78728
5.35916
5.19725
5.3776
4.78651
5.72603
5.51801
5.71165
4.94622
5.3053
4.98996
5.28431
5.04812
5.69125
5.68794
5.41068
5.35661
6.05035
4.63072
5.67452
4.90059
5.17318
4.73052
4.81819
4.92032
4.72818
5.38045
5.58998
5.09812
4.70082
4.87534
4.91346
5.11061
4.71966
4.52362
4.42673
5.81543
5.4081
5.23421
4.58396
4.75846
4.876
5.0267
5.35017
4.43696
4.42311
4.44682
4.61546
4.96901
3.86579
5.89858
5.34621
5.47296
4.96522
5.46705
4.75141
5.26059
5.5678
4.82102
4.82848
4.69099
4.82229
5.44808
5.53729
5.65927
4.43503
4.48697
5.08199
5.60707
5.08978
4.63657
4.59135
5.48045
4.55234
4.36936
4.49211
4.14113
4.17876
4.82919
4.52028
4.15602
4.23398
4.60101
4.26399
4.49238
4.81061
5.4358
4.49764
4.45817
4.57477
5.2124
4.50931
4.65759
4.26645
4.56864
4.07974
4.60102
4.29292
4.29683
4.38509
5.11544
4.58163
6.22001
8.44493
4.61745
4.55987
4.58574
4.59391
4.31103
4.44035
4.52793
4.47758
4.68093
5.10879
5.18429
4.74592
3.9164
4.67731
4.24461
4.17701
4.17556
4.91283
4.78003
4.44317
4.15503
4.5976
4.15606
4.56583
4.35387
4.34244
4.56905
4.0516
4.33226
4.68066
4.78017
4.4088
4.10059
4.66379
4.18379
4.00701
3.89099
5.25338
5.53528
4.96556
5.27281
4.71586
5.41775
4.93848
5.51133
5.40044
4.6906
5.69545
5.18371
5.58877
5.44892
4.82901
5.32452
5.82397
4.76568
5.44832
4.55132
5.12556
4.82426
5.07932
5.29144
5.00593
5.95187
5.18477
4.68355
4.19102
4.78674
6.55644
4.72556
5.02182
5.05083
5.33171
4.84089
5.17796
5.30265
5.40404
5.21774
13.0265
5.54247
4.7043
5.3322
5.61146
4.94407
5.17558
5.60701
4.90258
5.47251
6.03684
5.50271
5.37529
5.45127
4.75121
5.42889
6.39809
4.30185
4.99239
4.84363
4.91744
4.59767
3.96673
5.74718
4.82454
4.92996
4.48721
5.39076
4.81831
5.41801
4.96123
5.4738
4.93438
5.70047
5.27922
5.56106
5.16133
4.43571
4.81135
5.08281
5.34732
5.19204
5.25994
4.67141
5.26763
4.84107
5.12881
5.42907
5.69855
4.94842
4.57264
5.22972
5.64084
4.83868
4.70905
4.65719
5.55391
5.15715
4.88188
5.12273
5.57749
5.51767
5.2199
4.96775
5.29847
5.18736
4.30297
5.28784
6.34713
5.4315
4.90814
5.01574
4.79682
5.13567
5.39694
5.3331
6.24869
4.92956
4.57232
4.4551
4.67135
4.294
3.91993
4.67706
4.42416
4.68172
4.76425
4.97537
5.48077
5.07737
5.83392
5.14063
4.47625
5.55554
5.25877
5.0039
5.62048
4.55628
4.85182
5.34415
5.4265
5.06197
5.44812
5.28074
5.0632
5.1818
4.84692
5.11158
5.30223
5.4663
4.4807
4.5569
5.33084
4.9709
10.0237
6.37257
5.8285
5.20386
5.29433
4.91092
5.26893
5.56885
5.73917
5.56983
4.19201
4.71913
5.09065
4.87468
5.10819
5.3373
5.55177
5.08606
5.8636
5.25618
5.00983
4.87697
4.88612
4.75373
4.90989
4.95443
5.77439
5.04453
4.33488
5.43056
4.895
4.85765
5.69111
4.77222
4.52974
5.00715
4.99127
5.36049
5.32974
5.34152
5.20545
5.48856
4.8805
5.05029
5.70226
5.30232
4.31145
4.92887
5.1777
6.39447
5.319
5.13617
4.46458
4.63772
----------------
insert (avg): 4.99883
----------------
----- init -----
9.48693
----------------
init (avg): 9.48693
----------------
----- commit -----
1132.42
----------------
commit (avg): 1132.42
----------------
# Loading records:	1000
skipping run
