parsing config file ./lvconfig12.conf
parsing done
<<<< begin once 
<<<<< redos: 0 >>>>>
<<<< commit once 
----- insert -----
5.33668
7.59204
8.83431
11.5533
6.24436
7.27594
5.35363
4.86881
7.56582
7.38107
6.57467
7.75751
4.40403
6.33811
8.40135
6.99526
7.22502
6.79441
9.2384
13.2945
7.46959
6.4101
7.82476
4.9776
8.85422
6.09706
7.89478
7.74456
7.21156
5.9364
9.74404
8.96396
6.4657
6.25503
9.32337
10.469
8.83866
8.49657
5.91889
7.63926
6.09284
8.46833
7.22822
8.87985
9.01977
10.3202
7.66857
8.56348
9.6193
10.0661
8.45641
6.75002
8.57482
10.032
9.52264
7.93138
9.40855
8.1549
5.78511
8.32315
7.61829
9.28082
8.35441
6.87343
8.50698
8.4371
7.73534
7.02493
8.80749
7.81068
9.07497
11.2018
24.4443
16.9851
11.2841
19.0854
8.12529
10.9119
7.92657
11.2286
10.4014
9.88675
8.26508
8.02132
9.7079
6.47215
5.69281
7.31788
8.72124
9.2881
9.78694
8.23604
7.69807
8.73259
8.1351
8.73892
8.06069
11.8677
6.63121
10.5809
8.09695
6.18958
6.50253
9.43578
7.4722
9.85118
9.36084
9.87729
7.39513
8.64926
6.49299
7.79692
8.72254
7.62249
4.97247
7.508
5.69214
8.6763
8.00271
5.61171
7.70531
6.42246
9.34203
10.0461
7.79326
8.39336
6.75157
6.52345
13.3918
6.61842
6.84954
7.00485
6.96512
7.24095
8.64841
11.3694
9.09623
7.1412
4.42585
9.01085
10.1224
7.05515
6.10516
8.51335
7.47999
8.28266
7.87593
9.86717
5.39657
6.19946
11.3583
8.24859
8.08174
14.2153
8.02186
7.48023
9.96363
8.66852
7.42639
6.46529
9.13396
8.42606
8.93534
10.4357
6.4197
7.92888
10.9709
9.34635
12.9002
8.08165
9.15075
10.7003
8.88004
7.75429
5.79276
6.03524
8.66892
7.9097
10.6437
8.86551
7.28289
7.75017
8.04501
5.85407
9.67475
8.30528
8.75935
5.30992
7.25509
10.0596
7.09312
7.32661
6.84456
6.69473
7.98341
6.94379
6.87413
6.39477
6.83239
6.63117
7.73538
7.609
7.14913
8.94817
5.39605
6.94802
6.31885
8.85853
7.88399
6.06283
6.00807
7.3951
6.52484
5.40242
6.39703
7.6647
8.75678
6.41763
9.27136
6.69373
8.35523
9.12076
5.24689
8.01585
9.01969
9.748
7.45554
9.18764
10.6648
8.06176
9.82658
6.96552
9.51221
9.13125
6.64034
5.89984
7.28839
6.42247
7.19625
6.97957
7.39115
8.67493
8.01638
7.17889
7.53886
7.68358
7.35313
6.51128
9.03118
7.30142
9.01941
9.13752
11.5891
9.19753
9.57249
9.4509
6.2735
8.06976
5.70665
7.33445
7.63538
6.83638
10.9324
8.20701
6.32952
6.95529
5.36615
7.3336
7.6671
7.85061
6.11991
9.01218
8.14562
4.98546
5.50357
11.8114
8.77478
8.95002
10.7579
6.05066
7.15539
9.10292
8.31672
6.46699
8.28226
5.74477
7.1079
9.80251
6.18941
6.88688
7.81946
7.79069
14.6637
7.22389
6.56555
11.3126
6.59804
10.9635
9.77857
8.14374
7.892
8.81619
7.27695
8.46481
7.41855
6.34499
4.82946
8.0344
7.30386
7.7694
6.28118
9.28152
7.47446
6.52384
8.20205
7.97606
9.6407
6.37351
7.11955
8.2087
6.0466
7.99289
7.82589
6.609
7.69866
8.671
11.0778
7.03205
5.7742
7.42175
7.9028
7.64071
8.51961
6.83728
5.79997
7.33755
8.86599
5.89385
8.89086
7.46798
6.94754
5.95502
8.23911
6.42288
4.51682
6.24993
7.28292
7.35265
7.06025
9.94569
9.50432
10.1706
7.17386
9.03137
7.97602
6.94812
6.81957
9.2895
6.4408
11.4841
9.34053
9.44861
6.89859
6.27691
6.57447
6.84665
6.47655
10.5422
9.58671
8.87711
6.93955
6.35915
9.01089
8.31212
8.20796
8.22115
8.61597
8.00355
7.49838
5.27787
7.26476
7.70357
7.24069
5.8008
8.86533
7.7138
8.13927
7.22252
7.62082
10.1425
7.36886
7.54158
7.4427
6.66839
8.26931
7.90978
9.15765
9.02242
9.31709
7.47019
10.0241
7.64496
10.3052
8.81347
8.34277
5.76768
8.02644
6.25276
37.4478
7.29086
8.61519
9.93989
12.5765
11.4099
13.4151
7.85334
7.05039
6.34765
5.93012
8.06634
8.73129
9.46897
7.69303
7.48239
8.99782
8.95849
7.68356
10.4971
10.5684
8.01306
11.0549
6.53473
7.88053
8.81249
8.97645
9.61795
7.23949
5.96559
5.24331
8.13707
8.53036
6.30631
8.03528
7.87208
6.07646
5.94014
7.78503
5.83209
6.53784
6.16709
6.65177
9.55129
5.82888
7.29217
10.5047
10.3135
7.28484
8.06225
8.96191
5.94949
7.01892
9.92621
8.22373
7.38628
10.3843
6.11626
9.09343
7.78587
7.79776
10.7439
6.80804
7.4825
6.34209
7.85045
6.45542
10.7834
5.5865
6.44983
9.29479
9.25689
9.22837
6.37187
7.40205
9.21909
6.70284
8.34823
6.39469
7.79183
11.9042
10.8175
8.68676
5.9092
6.43825
8.60391
8.66275
9.13157
6.8868
7.05468
8.29189
8.0618
7.25059
9.22144
13.7091
8.20045
11.8819
10.1592
7.61958
9.1013
6.01741
7.5011
6.00472
8.31657
6.97262
7.86132
8.06297
5.45682
6.64568
6.5261
10.9411
6.11498
9.12362
8.94368
6.35393
5.74723
9.8197
6.03789
8.28954
6.91915
10.1357
6.81914
14.4154
9.92219
5.86127
5.61193
8.71158
5.63825
6.84819
5.00161
8.74076
4.61177
6.31302
10.5714
7.63821
6.51239
7.02862
5.85747
7.48848
4.86627
9.29167
6.72134
6.70109
7.35887
7.47803
5.68559
9.13378
10.8431
10.2173
10.6424
9.46334
5.83776
8.07467
13.8274
8.08903
9.55369
9.61104
8.97657
7.32396
7.84936
9.48121
7.57468
6.0994
8.41803
8.42986
8.25248
7.25209
8.01983
5.76714
6.63736
5.60096
7.71565
11.7634
9.13816
7.72986
6.4004
5.81207
9.2687
11.1724
8.4575
8.86483
9.43395
10.2978
12.1677
8.2718
7.92595
7.61878
21.0797
7.55992
7.65269
8.08028
6.28062
6.37743
5.94407
6.91545
6.7171
6.97617
10.4309
9.64658
7.09679
7.16591
8.34502
8.3924
8.6472
6.08622
7.38248
8.68403
15.6419
8.39211
8.15343
10.5194
5.90537
7.66063
6.27189
8.66654
9.15052
8.18074
5.20791
6.55349
9.63378
4.54332
9.36913
12.4743
8.54366
6.57862
7.30701
7.45057
7.59601
9.71097
12.8127
12.4199
10.3108
11.1088
7.82022
6.83324
7.34298
9.26879
6.76431
6.4415
6.1323
8.31377
9.0381
7.43692
8.8658
5.94486
9.63029
10.5693
12.5174
11.768
9.05519
7.20073
13.6752
6.77937
6.49938
5.5858
7.74271
9.01844
7.40085
6.72616
5.83898
7.45177
6.28857
9.82599
5.84239
5.67318
10.3427
4.35142
8.8564
7.07175
7.09628
6.42701
9.90109
9.41326
8.45012
6.34946
7.75802
8.23584
11.6871
6.72912
6.85425
7.09484
9.86426
9.51017
7.86155
6.77115
6.09736
6.55587
7.44257
9.10512
7.98502
9.32141
8.60004
10.9603
7.91538
9.91886
6.38947
10.691
16.0384
10.8284
6.83686
9.28402
9.00853
7.8807
7.5606
8.64032
8.72126
10.9037
5.44961
5.69374
6.52717
8.36937
6.42924
13.7102
10.32
7.50826
5.72875
9.55671
9.73061
9.5919
9.56761
9.60871
8.51435
10.2978
9.04713
10.3438
8.66859
9.09712
13.0159
7.44509
6.81265
7.08267
9.71293
6.5708
6.2586
5.51211
6.50172
6.45444
8.75697
6.04168
13.1345
6.04488
7.59508
7.86043
6.85603
6.51007
7.84395
7.565
7.56313
7.93544
7.3845
5.78312
8.13631
8.33211
8.65356
8.62302
12.895
7.42
6.21782
10.6454
10.5879
6.59218
8.93369
11.9545
6.1887
9.39221
9.27047
6.78189
8.53329
6.25707
9.83288
9.75441
10.1853
14.7039
8.34057
8.76653
13.0427
9.89179
6.32288
8.62747
6.84051
10.7155
7.54162
10.262
10.2223
9.09782
8.25327
10.5567
6.63902
9.45698
6.21628
7.86146
6.19645
8.20229
6.87986
8.25299
11.7054
8.32736
12.7718
9.7271
8.73855
8.16123
9.92423
5.79268
9.79549
8.52274
7.4653
10.7472
8.26426
9.53149
6.54672
5.8674
6.69617
8.04977
7.54543
9.40466
9.24962
8.22426
5.17817
5.29721
5.9811
6.71095
17.6867
9.08282
9.14798
8.46604
6.4395
8.37117
10.4545
7.62723
8.75148
7.20529
6.96238
7.47187
5.65383
6.62386
8.1212
9.18194
5.33052
7.34192
8.57374
9.09135
5.57437
7.0134
6.78903
6.16847
5.7937
9.75555
11.0243
8.96166
7.43927
8.15267
8.48492
8.84163
5.63459
7.01468
7.23647
7.92361
7.84731
8.36113
7.92725
5.88191
7.00021
8.60343
10.6406
6.7719
6.01121
6.79973
7.66335
7.2078
5.91215
6.77363
6.1608
9.73865
12.3029
6.18525
7.59302
5.89578
9.26207
8.79985
8.05395
7.98268
6.08429
9.38556
10.6471
8.17714
6.6011
8.98981
11.8933
6.7012
8.99635
8.61469
9.63536
8.80157
9.07238
10.666
9.16935
10.6483
8.76321
14.138
14.2185
11.6041
9.9589
8.6786
9.72777
7.21242
9.41187
7.49969
8.66905
6.41158
11.501
9.91439
7.25548
7.16202
11.0743
8.06889
6.34791
9.13506
8.54665
6.51858
7.89963
6.8058
6.74323
13.2054
10.2006
6.2099
8.33314
7.73451
7.43246
5.8929
9.5968
12.8972
10.6918
8.91175
7.55656
8.44811
8.7496
7.15651
8.15667
7.61708
7.78991
8.09484
13.8117
8.82469
9.17681
9.40399
7.38322
8.35947
10.5085
7.5589
8.67164
8.69587
8.53211
6.93922
10.7977
15.2829
9.15991
10.6255
6.81141
5.78165
11.0508
7.83397
8.89916
11.7612
11.4815
15.2319
10.3713
12.1105
11.8628
9.59324
10.9415
9.09817
11.072
9.79613
16.0474
11.2162
9.82695
13.3375
10.5629
12.1706
9.88508
10.5013
9.5549
9.81859
10.8447
6.8508
7.92947
8.80503
7.07581
7.96764
8.54481
9.00845
7.29197
----------------
insert (avg): 8.30818
----------------
----- init -----
14.4242
----------------
init (avg): 14.4242
----------------
----- commit -----
1658.32
----------------
commit (avg): 1658.32
----------------
# Loading records:	1000
skipping run
