parsing config file ./lvconfig2.conf
parsing done
<<<< begin once 
<<<<< redos: 0 >>>>>
<<<< commit once 
----- insert -----
5.23525
4.20082
4.43082
4.53678
4.90198
5.44462
5.4153
4.35679
6.8226
6.33062
5.30381
4.82084
4.11279
4.7192
5.9229
4.65739
5.01434
6.12835
4.64765
5.37349
4.1673
4.92779
4.56027
4.5189
4.998
4.59055
4.47511
6.5723
6.98792
5.72
4.82071
8.18637
4.67943
5.4239
4.81965
5.64941
5.36154
5.60083
6.60334
6.72975
5.35525
6.04481
4.5695
5.15393
4.59503
4.26454
5.30317
7.0122
5.32015
6.20036
6.1553
6.74527
5.60801
6.90639
4.74361
4.92409
4.78925
6.13082
3.86654
4.46694
6.67395
7.06173
7.55822
6.25743
3.95436
6.79887
11.6184
6.30023
8.3178
6.72013
4.25128
6.00022
6.31687
5.79262
5.82188
6.42185
7.13468
9.06475
6.62229
7.33265
7.70833
7.67591
10.2515
8.85577
8.38108
5.63795
7.80237
8.71598
6.36484
7.52745
6.05718
7.18497
8.17788
10.2821
9.49031
10.1087
10.7838
5.94258
5.47703
11.2165
10.2451
7.89825
6.31024
7.85516
9.0472
8.36951
8.42213
10.6632
7.3418
9.22513
9.15776
10.1919
7.73064
7.17691
9.61085
7.40018
12.1809
7.30645
7.6692
9.76871
5.60116
7.35193
5.97703
6.30683
5.67653
7.90049
6.97766
5.91888
4.51742
7.06846
6.78471
6.92112
8.57498
6.43671
5.26924
10.379
30.2412
18.496
26.0107
9.38734
8.66042
6.10332
7.98708
13.5764
7.65083
8.92031
8.34506
8.67989
8.89841
8.71682
5.62478
8.5183
6.91403
7.86784
9.77378
7.94491
8.15968
9.43679
9.2665
9.60501
6.05682
10.6403
7.55193
11.3649
7.54526
7.90504
8.48649
7.58132
7.91047
6.26122
8.73733
11.051
6.23068
7.8342
6.67473
8.25986
5.69516
5.83167
10.5498
7.77115
6.76401
5.88855
5.11822
6.7567
6.68423
7.6822
6.02514
6.77511
8.9001
8.91935
6.69813
7.68931
7.22789
10.057
6.55318
6.00325
7.03946
9.66206
8.71419
8.95406
11.093
6.04864
12.0592
6.62214
5.85868
8.42717
6.01975
5.93565
6.4338
10.011
8.06011
7.80015
6.06892
7.29165
9.50508
7.05838
5.83832
8.18044
8.74111
13.0023
6.6221
7.12925
7.60606
7.83209
8.83849
10.331
6.5084
4.41642
9.6468
6.04316
10.7235
7.61651
9.19405
8.30261
7.51786
6.09351
13.6073
7.96026
9.51493
8.1553
5.92394
8.83499
6.15705
8.1995
10.9334
11.2056
6.32211
5.70439
6.76698
6.44552
6.11768
7.41262
9.81908
6.57029
10.4164
5.66157
7.08736
9.75378
6.17396
6.37478
6.54167
7.76221
7.97723
6.5925
5.34084
7.29068
8.47344
7.21283
7.07674
11.0082
9.56783
9.12524
5.50333
6.80462
10.0771
7.68033
8.84362
6.15698
5.46078
5.58338
6.87555
5.44231
7.08225
8.56546
7.39275
8.50206
6.80613
9.03007
9.22568
8.32756
6.01143
7.71558
9.52859
8.0422
8.73712
8.63403
10.1025
9.30974
6.70466
10.7729
7.98589
7.79224
10.0504
6.71104
8.12613
8.01532
7.06774
8.10167
6.76548
8.61045
8.61013
7.27259
5.48787
6.61263
6.04756
5.28648
7.70937
7.74503
9.23609
12.1971
8.43216
8.66479
6.45123
5.4896
6.7604
8.50758
5.27844
6.43433
8.6424
6.53162
8.35665
6.835
5.69024
7.34395
5.84961
9.7793
7.46414
5.49818
6.1814
5.50792
7.20955
6.95049
5.38095
5.98803
8.28505
8.52526
13.1751
8.87397
6.14769
6.08495
6.12228
9.57265
8.4765
5.97257
5.95356
6.89394
6.17939
8.40875
11.3779
6.25382
7.05192
9.13807
7.71396
7.47715
6.50609
9.97912
8.07994
9.63938
10.0102
9.94889
6.95158
10.5175
9.14591
8.14566
5.87881
8.44122
9.32026
8.2728
6.78708
6.01323
6.84616
6.79887
9.69281
8.13629
7.96131
9.62761
6.92423
7.22567
8.996
8.68626
9.30351
8.00723
9.23152
10.5031
8.63888
7.73636
6.09005
9.36583
7.90084
6.64831
6.50407
7.04394
9.50944
7.98259
9.34338
9.2696
7.61124
8.45418
8.97325
6.26201
6.63881
8.11521
6.42812
4.72885
5.49541
8.36728
8.56931
12.6774
6.05928
6.20847
11.6735
8.37563
7.77713
6.85077
8.26882
7.84491
7.72962
8.63408
10.2691
5.92254
6.0218
7.98231
6.96891
6.89413
10.2823
8.4999
6.34153
9.88552
5.80822
7.62083
7.34157
7.94818
7.00272
5.82648
8.03946
7.65797
8.21847
9.3404
8.12678
6.45852
7.23488
5.95806
8.16019
8.88402
8.5244
9.10094
8.179
7.71982
6.80667
9.47171
6.53277
5.74341
8.94818
7.23879
8.01131
8.51073
6.76159
10.7574
5.59398
5.78905
9.66919
7.59329
8.16708
9.1749
8.56674
6.02227
37.4909
7.93898
8.97787
10.0401
11.4078
11.5551
12.533
7.99735
7.61825
6.9736
7.39237
6.83246
8.04736
8.1029
7.05587
6.55534
6.79249
8.96989
7.10995
16.2006
8.76864
9.78134
6.88696
8.68644
4.67406
7.19264
7.10638
9.21577
4.73676
9.30268
5.6807
7.41074
8.67353
8.76701
6.78421
7.6287
8.19629
7.57815
6.24145
6.17791
10.9298
6.81249
6.08932
9.49474
6.41145
10.808
11.8293
7.30158
7.33067
8.50813
8.11337
7.44311
8.29991
10.2392
7.16726
7.91202
9.93611
8.15423
6.08075
7.24235
6.20053
11.3052
10.2359
7.29761
8.27782
7.57931
6.23794
6.04038
7.17527
7.98096
7.01902
9.40701
6.67934
6.31915
7.37199
8.43828
7.68378
7.28461
7.27518
7.7153
5.79503
7.32798
10.665
9.27236
10.698
7.29095
5.45995
7.12421
7.86257
11.1606
9.75853
8.52904
7.58042
8.94669
13.3439
10.5188
11.6342
9.13163
7.16115
8.42358
6.32331
7.96296
4.67286
9.30164
7.48679
7.24129
7.73096
8.87862
6.08897
5.91038
7.60368
5.27376
6.9002
5.58877
8.6089
6.28359
5.63892
9.9665
7.33668
7.89375
10.9791
7.16847
6.0502
15.2262
8.34495
9.52043
6.56579
9.00521
6.88217
9.07132
10.7542
5.66493
10.233
10.8943
5.64961
6.08187
6.78272
6.7105
8.02707
5.75645
6.24174
7.9108
8.15128
5.90172
6.55886
6.24102
7.80168
15.7466
10.607
10.968
8.43085
9.0435
8.49573
6.30216
4.66217
6.0662
8.9218
8.09162
7.68785
6.83739
10.4099
9.39242
8.97009
6.33183
7.12133
10.7636
6.98404
5.23469
9.35155
6.87568
13.2535
7.25424
8.98599
7.8981
7.25505
6.05862
8.16481
10.8796
6.55459
7.60441
7.36368
9.8326
10.2511
16.0849
7.66963
7.07358
6.35384
21.2361
6.11495
8.67447
8.20603
6.44581
7.15396
6.60368
6.84203
7.64043
9.6232
7.80323
5.13836
8.92551
8.89417
5.34096
6.42416
7.29744
8.72913
8.74161
18.4967
6.4489
5.48928
8.63561
8.61827
6.69856
7.97509
7.79636
10.457
8.11613
10.0706
5.93067
9.29574
4.82807
7.99953
12.3174
9.1664
7.36808
8.74097
7.36425
7.06779
8.58001
12.9381
13.3143
9.85552
10.7189
6.31236
10.6512
7.74848
6.03729
7.15687
6.59752
7.12895
8.49499
8.24612
7.88192
6.54007
7.49954
10.1588
10.1928
12.4908
11.681
10.8999
11.5283
7.0108
7.78061
5.89299
9.98441
8.17067
6.57751
8.26237
5.51122
5.1099
6.85579
6.03107
10.0889
6.81464
4.888
7.82103
6.40138
8.91924
7.18268
6.90651
6.41856
8.80857
10.8912
7.53642
7.67659
7.43632
7.67823
10.029
7.96289
7.28413
7.2719
10.0016
6.76134
7.19812
5.65203
6.07933
5.91718
6.76535
11.9879
7.49625
7.71451
9.58168
9.02782
8.29545
8.40401
8.73131
6.6994
8.94079
9.46103
14.9037
8.77087
9.42651
9.69792
7.66388
8.17794
8.1156
8.56318
8.30254
7.40099
6.49517
6.24114
7.22184
5.26618
7.86334
12.4829
8.71638
8.58586
10.9119
6.85871
6.75386
6.15876
7.56483
8.11265
7.00061
11.8185
6.8967
5.85538
11.283
8.2461
7.95133
8.59211
10.5395
6.48078
7.33508
10.0259
6.00158
6.68781
16.6026
7.88506
7.29462
9.22999
7.62273
7.51072
8.15026
5.96874
12.8841
8.85951
6.36097
9.7989
7.71671
8.34085
9.4604
8.99796
9.03952
8.70683
8.71685
13.1367
9.33577
11.8448
5.59916
7.60787
7.20179
10.6016
11.6674
8.77894
8.21042
8.04033
6.10853
10.068
9.66747
10.1084
8.7353
10.6885
8.02753
8.51786
12.0895
6.36348
6.54271
6.01792
7.62523
6.93553
10.4626
7.86731
9.88677
9.68956
5.41183
9.24739
8.12133
6.44372
6.64981
8.62394
6.12922
9.49303
10.7574
7.99408
5.95233
7.58908
9.71668
9.79889
7.45699
6.9984
6.08942
7.72096
8.82467
12.5627
6.8474
5.02068
9.20617
11.6221
9.38581
6.61662
7.59431
6.28305
8.48253
6.48736
9.04805
8.8093
10.144
5.44041
6.66346
5.56084
6.47091
8.08042
12.4071
11.9378
8.73854
8.35404
11.5545
9.02027
10.6002
8.58115
8.42328
6.45841
8.04814
6.67343
10.1905
6.99137
7.24067
6.86484
6.1748
5.34745
8.1768
6.16127
7.79492
7.34958
6.97625
6.10221
8.16949
11.4159
7.83126
8.19735
7.33189
8.23552
7.80494
8.9648
5.855
9.15218
9.58682
9.88255
9.33041
8.67219
5.84397
6.30018
9.17438
7.81345
8.41363
8.04177
6.81398
7.54608
7.39146
6.30648
7.6245
13.4732
8.50863
5.90714
6.26874
6.89992
5.86924
6.86785
4.93738
7.9233
8.38279
9.98401
11.9276
9.07016
7.05942
7.81911
9.06937
11.0768
7.13877
9.38707
8.44247
9.61464
8.69292
9.61743
8.94333
9.18839
10.7746
9.89363
10.5404
9.31116
13.7519
11.5676
8.01323
9.70123
10.3992
7.36402
10.6936
6.48354
5.37676
8.60362
12.3436
9.87058
6.38674
8.42552
10.136
8.30602
10.8853
6.96774
6.47694
6.55777
7.07244
9.3926
12.3253
6.81061
----------------
insert (avg): 7.99506
----------------
----- init -----
9.91498
----------------
init (avg): 9.91498
----------------
----- commit -----
1686.84
----------------
commit (avg): 1686.84
----------------
# Loading records:	1000
skipping run
