parsing config file ./lvconfig19.conf
parsing done
<<<< begin once 
<<<<< redos: 0 >>>>>
<<<< commit once 
----- insert -----
4.81991
4.78816
4.15826
4.7189
4.41738
4.43885
3.97078
4.59874
6.78746
5.49257
6.5968
5.88354
5.94129
4.44477
5.50704
4.95421
5.15555
5.5471
4.93136
5.04512
5.65939
5.25011
4.41135
4.52569
4.94822
5.63162
8.91886
7.75037
5.57132
5.26336
4.60152
5.05465
6.14351
6.59421
6.70325
6.89848
4.84567
5.71771
4.61229
5.80486
5.06532
5.3866
4.11605
6.59791
5.82047
5.96858
6.43978
6.31495
5.3891
4.49808
4.17648
4.59959
5.50722
4.92572
6.34983
4.81607
7.84768
7.06844
6.46229
5.0016
4.7675
7.58285
13.4414
6.7946
7.12063
8.11601
8.15794
6.7311
8.58795
9.02144
8.22847
8.51617
6.87393
7.04827
6.79855
6.09077
7.07875
9.11361
7.89011
6.26958
9.58033
7.46874
4.81881
5.93217
6.87542
6.36024
6.36243
6.3623
13.186
9.77402
9.88056
7.31882
6.06741
8.83254
7.34913
9.15253
9.69698
9.32492
8.01519
5.03988
8.00885
8.70076
9.22104
6.35489
6.8048
9.03213
9.2221
10.0472
8.54592
6.13929
5.58525
7.99039
10.4105
9.00567
9.1002
7.7499
7.26273
6.52801
5.51711
6.70851
8.99255
8.33768
5.16499
7.09715
5.19961
11.041
8.08614
10.798
7.78122
9.25336
8.75862
26.7767
17.5852
25.694
10.6345
7.57744
9.6397
9.25288
16.5883
5.04396
4.54452
8.34557
7.60019
8.6815
6.6897
7.26623
6.33808
8.59524
9.35432
9.49117
5.50009
6.04439
11.2529
5.73002
6.89113
9.42006
6.72857
10.2916
6.74017
7.31072
6.87338
6.87278
6.08085
8.52187
7.1562
9.25123
8.4441
6.85353
9.64162
6.38084
7.4131
6.08037
5.32045
6.13736
8.53723
6.22832
5.73722
8.19512
7.27361
8.41791
10.7948
7.99916
7.21513
8.59955
9.39884
9.01055
7.42381
6.78055
7.27772
10.2911
6.79641
6.93849
6.17447
8.85085
8.22374
9.16732
11.7641
5.77757
10.3864
5.56575
7.5067
6.06233
5.07361
8.02207
8.82399
8.45638
8.21036
5.21504
10.4103
7.60357
8.09903
7.05967
5.77947
7.91899
9.64128
13.9667
7.43639
7.10239
6.17457
7.56816
8.77831
9.6423
9.01716
8.71184
8.18146
7.53219
10.7651
9.35124
9.39764
9.03395
12.618
8.07574
7.81683
6.94194
5.60469
8.37734
8.98112
6.45803
8.09349
10.5072
10.8064
10.663
7.43213
7.94843
5.85308
8.35193
8.6112
6.39722
9.49673
6.54183
7.73229
9.77425
7.64674
5.25411
8.45153
6.96031
7.20317
5.87549
8.56919
8.18762
7.43696
5.96236
6.80858
9.62747
8.92441
10.068
8.70037
8.58797
7.37335
6.13065
8.43113
6.12213
6.49902
7.70102
5.96657
5.91806
6.47067
6.72595
6.83827
8.14292
6.89919
8.6393
8.96004
8.44284
5.82972
8.50983
7.61865
8.90382
8.5976
8.79697
9.74071
6.6644
7.99002
8.70567
8.846
9.28974
7.97089
8.22126
6.73555
8.06071
8.91048
5.79208
5.43981
8.08406
7.40695
7.31407
6.17363
7.32529
7.63032
9.29533
7.52594
8.79872
9.28316
11.907
8.48577
6.90978
7.7957
9.37747
6.38129
7.86549
6.77435
6.27661
5.53469
6.54666
8.53921
8.18251
6.21189
8.69179
6.60466
5.51144
7.29309
9.12959
4.68632
8.59547
8.40631
6.39241
5.51772
8.03007
6.81086
9.5179
9.02293
8.75253
5.15264
6.41028
7.36292
9.38823
9.46363
5.86824
7.90322
6.51412
8.61002
8.9338
6.96493
6.84109
10.4424
8.01797
6.31156
5.1948
8.34454
7.33147
9.90535
9.14647
7.29922
11.7717
9.83653
6.05922
7.21129
6.01122
5.95914
6.38839
7.3535
6.88456
6.84369
8.45622
9.6708
6.50681
6.08331
5.6412
8.24529
7.74166
6.33759
9.90671
7.6994
8.38636
6.29239
7.5665
7.05904
6.74847
7.64233
8.78103
10.1458
8.46505
9.08641
6.90182
8.40616
7.33061
6.3171
6.84833
8.48215
5.95551
5.78607
5.19753
5.46451
5.43329
7.26791
7.64831
9.04893
7.41569
7.67039
5.97047
7.83363
6.44065
7.92962
9.07013
6.9971
9.04676
5.53361
6.7383
7.87431
8.73268
6.89942
6.8704
9.45879
9.0995
6.87121
6.98121
6.2278
6.43856
8.06006
7.38235
6.63212
8.09257
9.26171
6.26774
7.5424
10.4548
9.55574
9.25752
7.91284
6.94764
8.19355
5.30585
16.4787
7.05669
6.87323
6.91687
7.61611
6.97563
7.29693
9.49166
7.93075
8.69112
8.04763
6.75117
8.94216
5.35324
6.29911
6.56446
7.14706
8.25718
7.21582
6.18453
7.34199
8.80288
6.88328
12.1863
9.66787
10.2275
7.47787
8.57263
10.1071
8.51259
10.5881
38.4301
10.2718
9.87263
11.7582
10.2225
13.4102
8.58422
9.01809
8.29648
5.76728
6.89687
6.20566
5.58669
6.20436
7.48404
8.80699
9.86263
5.32735
5.52283
12.0979
7.53839
7.81339
9.15596
5.92146
6.07411
6.60513
8.28226
5.89889
7.43341
9.55718
7.16968
7.98077
8.92776
8.19772
6.58692
8.25601
8.79233
7.02814
5.48245
6.0601
5.90261
6.44667
5.70774
7.05851
9.3037
6.09658
7.30952
11.1237
9.69032
8.45594
8.93713
7.00303
8.7448
8.06691
12.5409
8.82622
6.24857
8.37304
8.47477
7.13848
6.13594
13.4627
7.17447
7.90338
6.98543
8.59857
8.1737
9.19797
6.86378
9.31437
11.9267
8.36451
9.23756
7.66989
8.0668
7.33695
9.88548
5.47228
5.35101
6.07525
9.02588
8.36245
5.74911
6.7951
9.783
9.11139
8.88103
9.8246
9.76976
7.66255
10.0206
7.40195
7.68761
16.4361
9.56353
11.3254
9.99218
9.75923
8.71508
8.08868
7.29809
7.7461
9.5622
7.55781
9.27788
9.26103
8.42367
7.30507
5.78667
5.20197
8.49717
5.62692
6.4465
7.83126
15.5121
5.36412
6.25423
10.141
9.14514
6.37677
10.9734
10.1382
10.9694
7.01037
5.42179
4.56962
7.03858
13.7185
5.22426
7.20972
8.35507
7.71917
7.29338
7.69297
7.76289
8.02628
6.9456
5.98262
5.92976
6.14484
8.25721
5.39693
8.07882
11.3813
9.92033
6.06251
10.8765
10.7732
9.20439
8.37393
8.95954
5.94815
9.62166
6.19139
5.02475
7.56896
10.9558
8.27767
7.03722
7.95133
7.88502
6.0835
6.42513
7.59814
8.01855
7.10239
5.48878
7.91042
7.37043
15.6522
11.1236
7.10887
6.03635
6.61461
9.76028
8.35993
7.05983
8.79689
6.50674
11.3088
9.67967
12.8046
9.80098
9.62861
20.9029
9.56827
9.29098
9.13067
6.05626
5.04777
7.92426
7.24123
6.13205
12.7228
6.32588
5.95552
9.61684
8.69449
5.82167
6.90829
6.85937
8.737
8.42516
18.4646
8.66965
8.92629
10.8601
6.55987
7.84127
8.67647
9.614
6.07285
8.45655
8.54409
6.30605
8.30791
8.45381
6.75616
6.04226
10.3736
6.72464
8.06599
7.85788
7.06684
9.42488
12.1596
13.3539
9.33988
10.8495
7.97855
9.12539
8.78823
7.73682
7.81491
9.21227
8.83232
8.9147
8.24141
6.44966
8.24463
8.40363
10.8594
12.985
14.7928
8.55588
10.6601
6.88051
6.96629
5.72412
5.73153
9.22772
7.30499
5.78522
6.40917
8.96729
5.64822
7.71077
6.37934
7.90816
6.02191
7.58204
8.23748
8.48729
5.99544
6.2828
5.0724
9.87139
8.04023
11.3564
8.29776
7.15847
8.94006
10.8217
7.65712
8.85671
7.51273
7.47347
7.11006
10.2536
7.21053
8.49902
7.60719
8.62673
5.64307
11.4629
8.71351
9.84962
5.27137
7.97737
9.14366
8.52126
9.68775
6.81911
9.41124
8.91687
7.96473
9.81064
9.93511
8.01113
6.50526
9.83582
8.35754
9.9328
5.6084
6.92283
8.40753
6.95811
6.48127
12.2008
9.74525
7.8864
5.74086
7.50884
6.99124
6.92025
6.29608
9.04658
7.10262
7.83387
7.90151
8.80368
7.2663
7.05502
8.99995
5.16318
11.0426
11.3986
7.89874
7.63971
7.04436
6.68211
9.49408
5.80247
4.72015
11.0337
8.31163
8.30627
10.7553
6.56692
6.70399
9.27832
7.66075
7.2157
10.6861
6.58784
9.99633
11.8683
9.06176
9.46354
9.13847
8.40991
9.22014
7.35924
5.61931
8.83911
7.61292
5.9835
7.71296
9.35888
5.55301
7.90043
7.05308
8.85275
9.14088
6.72576
7.9768
6.82511
9.91724
9.40915
10.1201
7.5778
14.6515
9.38663
7.32392
7.08049
9.33914
6.22498
6.70112
6.44422
12.7594
8.08524
9.72625
9.7185
6.53359
7.18463
6.96272
8.0425
6.73971
8.62265
6.84473
7.91718
6.77247
5.04978
7.12502
5.79837
8.97993
9.49188
8.73238
9.39887
7.42697
8.31452
5.61881
7.72652
11.8967
8.43716
6.56942
7.40939
15.7547
6.36347
5.30998
7.74569
10.4226
8.16557
7.69287
7.42918
8.59586
9.33685
9.14416
6.07889
7.14507
9.75475
13.7793
7.97145
9.81751
7.81429
10.4031
9.75877
10.5231
6.89304
9.1899
7.17016
7.00044
7.84054
10.3355
8.44087
5.92342
7.73838
9.15349
9.00642
8.84226
5.55279
6.63736
6.63809
6.34255
5.84877
7.47369
15.0277
7.62822
6.97235
7.77701
6.55597
5.90935
8.76028
7.95785
9.03876
7.64556
7.8047
8.11748
7.85694
6.40659
7.01529
7.7781
6.38816
8.90187
7.22608
8.36378
8.89427
7.06133
7.94144
6.00464
10.8798
9.56386
6.55649
7.93254
8.22546
8.22786
11.3326
8.88763
9.20249
7.82725
11.9834
10.1734
8.45959
9.95556
7.88298
5.24372
9.51966
7.90643
6.14914
9.72272
8.59654
9.2703
12.4472
9.99532
13.4742
13.9233
8.83748
13.8249
11.341
8.65907
9.10998
10.23
7.05048
12.0733
9.41986
6.30273
8.25748
7.46752
9.01145
7.18582
7.30468
8.73612
11.7717
7.87237
7.55845
8.65794
7.81849
9.8929
5.92094
11.6157
8.19096
6.42851
5.74716
9.0883
8.69125
10.2419
11.1489
----------------
insert (avg): 8.03116
----------------
----- init -----
12.4111
----------------
init (avg): 12.4111
----------------
----- commit -----
1790.37
----------------
commit (avg): 1790.37
----------------
# Loading records:	1000
skipping run
