parsing config file ./lvconfig9.conf
parsing done
<<<< begin once 
<<<<< redos: 0 >>>>>
<<<< commit once 
----- insert -----
6.34093
6.32023
5.79537
5.04947
6.10849
6.25828
15.1496
8.7568
7.21118
6.73952
7.03815
7.52639
8.04825
9.91515
7.40463
8.23014
8.39716
6.7381
6.24651
4.77482
8.63538
9.16368
8.80005
5.65573
7.06493
5.11091
8.58428
7.03245
7.7666
7.0378
7.10074
7.05129
9.47044
9.43207
10.7165
10.6555
10.3489
6.83986
5.26655
9.8891
5.86066
8.65084
7.29719
5.70987
7.23872
9.00948
9.57757
4.57883
8.19145
9.25219
9.31635
9.56433
9.06773
8.50426
10.5648
9.22214
9.74103
8.92843
7.7094
6.75435
8.25014
4.62745
6.8693
6.15261
5.43453
6.91306
6.72514
8.8405
9.50221
11.2244
11.0011
6.8931
10.0724
11.033
24.5977
17.2294
6.32366
23.1953
9.24794
10.3354
8.74562
14.3987
9.75205
6.98016
8.50633
8.40339
6.91171
6.09951
7.78406
7.3667
9.16982
7.7543
7.61482
6.93707
6.33163
10.7105
6.10953
7.56972
10.4144
7.42788
12.7209
7.82476
8.28674
9.46303
6.63844
8.15953
8.25665
7.36958
7.75636
6.82834
7.76497
6.45776
5.65536
6.25777
7.50016
7.25317
6.5387
6.93939
6.61191
8.1427
5.73337
7.98357
5.13841
9.14191
8.98836
7.69197
6.6648
8.86451
8.92559
9.12825
7.20904
6.23612
10.1757
7.66348
5.94485
5.75347
8.69132
8.93227
8.56198
11.9089
9.99142
8.08149
10.9032
4.91862
5.84381
6.50823
6.3171
5.88223
8.36021
8.16178
7.7028
7.37464
8.41795
7.73446
5.85785
5.40457
6.75964
9.43746
11.8851
7.12527
8.1833
8.38546
5.21272
7.96423
9.0868
5.81958
7.80368
8.40563
9.14108
6.55078
8.81586
5.70291
9.13802
8.04043
6.97273
8.90384
10.1163
7.26094
9.71004
8.11288
6.55974
7.84821
5.25279
11.1846
11.2459
10.6913
8.49209
7.41081
5.83863
7.10962
8.5838
9.29628
6.35377
6.28446
6.23644
7.62972
9.36655
8.07782
6.87998
6.8793
8.35737
5.26125
6.80162
5.97085
5.91399
8.00206
5.6733
7.49158
6.91906
11.4476
7.14963
9.83058
9.85361
11.3498
5.63561
7.64498
6.83065
6.01641
8.10759
6.66729
8.11206
5.85255
8.44298
6.94563
9.14763
6.5743
7.94564
9.1456
8.88818
5.43836
7.81047
10.1144
7.95781
8.18035
8.92245
9.8328
9.82891
7.12302
10.4735
7.97082
7.37539
5.70342
8.42367
10.1867
7.37307
5.94852
5.93822
5.52669
7.56656
7.74104
8.02192
6.9929
6.18594
7.376
4.97233
5.0874
6.77743
8.25128
6.21857
9.5076
13.517
5.80154
7.41842
8.21174
8.35554
8.01338
6.18327
6.13558
6.82863
7.25016
8.85714
8.23282
7.05439
7.98104
8.34073
10.2692
8.36117
5.96099
6.95225
6.82711
7.36282
5.42844
6.93055
6.96337
11.3807
10.0114
7.8715
6.14178
6.1262
8.69663
8.71198
6.06724
9.56893
5.06042
4.86371
7.36207
8.78862
5.55782
4.3545
8.93778
11.3995
7.72486
7.44886
6.4287
6.76481
6.58335
8.64752
8.61103
8.75133
9.9632
7.03976
7.79601
8.42448
7.84648
6.07149
10.081
9.3602
9.29413
6.41237
10.4145
5.53101
7.15457
4.89473
5.12191
7.88831
9.46966
10.3858
7.48747
9.05366
5.93271
7.81417
6.89151
6.50461
8.11519
4.64653
8.23375
11.5312
6.37925
5.90764
7.93303
6.97499
7.15299
6.62495
6.86026
7.42269
6.55984
6.39084
6.4058
8.93673
7.17708
6.98621
7.74025
6.44085
6.44325
9.26708
5.62274
9.94486
8.00058
8.98754
7.33276
8.83057
7.83488
6.66054
8.24598
7.16749
6.31393
9.16381
7.42724
8.50966
7.83592
8.54314
9.17542
7.1846
6.54233
9.72451
8.85062
8.14771
7.54372
7.15581
8.99104
7.44346
4.77886
6.3828
7.75554
7.73281
6.31797
5.98298
8.58528
9.0577
7.91473
7.42979
6.79422
6.73478
6.10584
7.15942
10.0907
8.89137
7.70601
8.48779
7.04197
10.3319
6.49457
9.87975
6.8492
8.24623
7.77253
7.54844
10.8106
9.33414
9.29197
8.37534
7.00706
14.3061
9.09571
10.914
8.69562
10.2216
37.6818
7.45629
13.4592
12.2222
11.4743
11.9379
8.898
7.77002
6.13998
7.55591
7.11612
7.64061
8.09588
7.14998
6.10749
7.00346
8.96284
6.35191
7.51595
9.94984
7.24368
9.79522
7.21309
5.39447
8.206
5.83421
8.80365
9.71514
6.64331
11.7355
8.05489
6.30702
6.75854
6.67299
5.59968
6.92454
8.97005
6.52726
5.67807
5.83667
5.73628
8.90847
8.34295
8.20094
7.17302
6.9952
13.6923
8.46634
9.75174
9.00073
4.68124
10.3813
8.45389
10.6607
6.08068
8.66492
10.7877
8.33317
6.60849
8.41035
14.6455
5.91866
7.22623
7.22757
6.52171
7.1865
6.2218
7.00938
7.94336
9.45175
10.7448
7.80441
7.01848
7.52064
8.0433
6.91922
7.42546
8.70191
7.98446
5.30016
7.74655
6.58169
6.99248
6.04846
11.6017
8.32082
9.31379
9.52239
9.83053
10.987
8.83912
9.18139
12.5513
8.13838
18.0862
7.13516
9.40441
7.66074
10.2658
8.17269
4.60517
6.63031
10.1745
7.41259
8.8218
6.82788
6.43854
6.02714
7.95267
6.72124
6.00247
9.49908
6.37305
9.15141
7.41567
8.38341
8.70092
5.83628
11.4217
5.24301
11.0493
7.54326
8.21939
5.68984
5.39857
6.80163
8.10834
6.55332
7.87783
8.23507
7.24885
9.12777
5.80602
8.54428
8.42215
6.63912
7.13021
6.19902
7.4902
6.05395
7.69525
11.2869
5.81783
8.08774
11.3578
8.57691
7.79244
10.5607
10.7694
8.32894
8.25765
7.08802
5.31835
8.07229
6.11033
8.7015
7.62869
7.69072
5.15198
8.11774
6.86622
8.62952
8.30709
5.75686
6.48918
10.8112
5.33278
6.58204
7.63276
11.2675
9.44382
9.74306
8.61907
7.53906
8.39166
6.47173
6.6898
5.7661
6.41848
8.61516
7.9502
8.69268
9.87188
13.7674
7.63565
8.57106
7.87465
19.8323
9.73727
9.17403
10.3519
8.06243
10.1021
7.59273
7.69487
10.4151
8.31615
8.626
5.51267
10.4958
7.79376
9.5848
8.69908
8.40475
18.6627
7.79395
5.78714
9.10177
6.63638
7.03468
7.71547
8.56268
7.55992
7.91039
7.74908
9.85934
9.02605
12.333
9.03599
7.74491
7.74723
7.05656
7.07188
6.30994
7.19792
10.0952
13.4348
9.48816
12.1184
10.8879
7.94425
9.24338
7.58665
7.43024
7.1651
12.14
8.67691
8.06352
8.34625
5.58807
8.78624
9.64722
10.3039
13.1485
10.004
11.7243
11.3283
7.21368
8.17302
9.7851
9.699
8.57507
9.7628
8.49979
7.44775
7.54753
10.2394
6.43311
5.76378
9.70493
4.33219
9.25015
7.69937
7.54356
9.97029
7.30715
8.12744
11.7022
7.69576
9.24399
9.49541
6.65359
5.13689
8.60118
8.98181
5.88404
8.13855
7.41762
7.20344
7.05172
7.05267
8.97792
5.96774
5.5683
7.31892
8.87871
9.9265
9.29982
13.5593
7.92807
9.138
8.2851
6.5578
12.2916
8.52798
7.95015
9.18177
7.62739
7.67444
9.44482
8.06328
6.75828
5.89607
7.22915
7.06554
6.11249
8.86875
5.82895
7.89055
9.28728
9.67673
9.24983
6.43389
9.29573
8.86705
7.87968
7.67562
7.12037
11.1131
8.88709
5.16454
9.45413
8.99314
8.9467
10.1556
9.91549
7.18157
10.0791
7.64097
7.66036
5.81378
12.8408
8.84695
7.96255
8.59243
7.88957
6.97951
8.5387
6.28404
10.1995
6.03055
9.15964
9.29953
8.07332
10.8545
9.52136
9.10097
8.07843
10.0637
8.41679
8.11206
4.60903
9.25484
13.2164
8.17769
9.1264
8.79096
9.80813
11.0245
6.93016
8.8087
7.6794
7.59106
9.47492
9.70921
10.2288
9.45263
13.7811
8.62701
12.7928
9.49764
6.6115
6.99719
8.50175
10.6802
9.96646
6.92528
6.021
7.24319
7.32818
8.24536
6.70424
5.84193
7.73456
10.7021
7.50958
7.32222
8.36236
5.13739
9.39478
7.64113
5.99702
10.032
10.6826
9.64574
9.41444
8.901
11.6701
8.87401
6.78572
6.58532
11.4435
9.27174
6.68557
7.15444
6.4675
5.61285
7.19136
4.89353
6.78741
9.71266
9.12867
7.1946
5.99572
9.60952
7.37668
15.3516
11.0759
8.58423
9.55415
10.0546
8.41129
7.95535
8.64015
11.5736
6.65938
7.73646
7.4703
11.413
7.62766
6.65875
7.04236
9.21395
8.44575
6.31577
8.07775
8.0832
6.97827
9.32928
8.53807
8.41701
6.9558
7.55607
8.3086
7.34264
8.17702
9.13815
6.83222
7.57154
9.04102
9.08267
5.98236
9.01081
8.7585
7.94691
8.07232
6.38091
9.02054
8.23427
7.78896
8.35146
6.044
6.27936
7.12624
11.5439
10.975
6.53346
6.8696
6.85717
6.17809
7.96653
7.4883
7.25143
7.36388
7.63091
10.5108
10.4984
9.0729
6.51189
8.97738
10.5098
5.80483
12.945
6.26941
9.85617
6.77939
11.1233
8.99199
10.3493
10.7467
8.8853
10.269
9.28061
12.2405
8.83088
8.91701
8.66952
10.2901
6.50188
9.88056
7.59305
8.78452
7.12354
10.7998
9.19866
6.23715
7.84458
6.26305
10.1273
8.60636
10.641
8.63398
5.79507
9.23391
12.1043
12.8922
9.2594
7.76718
7.70058
12.879
10.7268
11.9593
8.41834
6.92301
8.39378
7.84413
8.9588
8.25788
8.37564
8.769
8.29045
9.08732
8.43629
13.7476
8.60338
10.0339
9.07482
7.32769
8.25133
11.1962
7.48617
8.43071
8.46482
7.86566
5.79857
6.32439
18.4628
9.1935
8.61266
9.55366
8.03011
10.9198
8.75139
8.50402
11.1026
11.9661
13.7154
8.59772
10.6584
12.5572
8.45993
13.7736
10.8122
11.1023
10.3929
15.75
11.8526
10.0989
12.9453
10.421
11.7273
10.3994
10.56
9.45091
9.49725
10.9182
9.79247
7.6327
7.88025
8.82673
7.52853
8.35202
6.41293
----------------
insert (avg): 8.3177
----------------
----- init -----
11.8276
----------------
init (avg): 11.8276
----------------
----- commit -----
2120.21
----------------
commit (avg): 2120.21
----------------
# Loading records:	1000
skipping run
