parsing config file ./lvconfig7.conf
parsing done
<<<< begin once 
<<<<< redos: 0 >>>>>
<<<< commit once 
----- insert -----
5.24914
4.84674
4.57075
4.48898
4.22349
3.85316
3.99146
5.021
4.04915
4.70339
4.18662
4.91073
3.99076
3.49554
4.66077
4.60789
6.24614
5.39455
4.2999
4.61563
5.04244
4.99838
6.71545
6.11026
5.97877
4.12753
4.17461
5.13616
6.1163
5.19626
5.94268
4.57655
5.94132
5.38312
5.26131
5.57532
4.46291
5.09171
4.84019
4.75494
7.02574
7.31057
9.73489
6.39323
6.15538
6.60752
5.00004
5.23129
5.32997
5.32567
7.23503
5.1674
5.55722
5.98699
4.06857
4.76624
5.07477
4.65751
6.8781
6.58695
7.10711
4.91515
6.06544
6.28262
5.40712
5.19436
4.84578
4.9149
5.67162
6.81873
7.2266
7.75935
7.18615
7.70449
6.74308
6.16727
15.3703
6.66826
7.39144
9.08187
7.15996
8.44438
8.09042
9.78645
7.62369
8.17971
7.14611
6.91226
6.89256
4.8684
8.68586
8.68576
7.21159
7.25384
9.83746
9.87845
8.08727
8.39931
8.7711
8.01114
13.7882
7.92373
5.45807
6.5702
10.6819
10.3804
8.50828
8.38334
6.32951
7.79093
5.87221
7.49034
8.46669
8.76152
8.85741
10.5793
7.54386
8.96561
9.7586
9.75079
8.21894
7.19451
8.31278
9.85271
10.5108
6.91322
8.75466
9.90366
8.88034
5.94386
9.51377
5.70371
7.62253
7.11309
9.14009
8.36262
6.90133
7.26681
8.72436
8.21238
8.28115
9.40373
25.9317
16.9065
7.32568
24.0669
8.56349
10.3801
8.17398
13.6399
7.82982
4.80277
5.54616
7.12262
6.56432
9.6935
4.31779
6.11381
5.88134
9.25996
7.16707
6.9235
5.37372
8.56874
6.37184
13.437
5.71309
7.41238
13.4873
7.57321
10.2442
6.63695
6.78197
6.31625
6.61694
9.26808
9.68661
6.15757
7.8587
7.40014
8.20496
6.26517
4.75162
7.234
7.37111
7.75122
8.14163
7.71316
8.35077
6.23438
7.83345
6.56655
8.93956
9.07661
7.50474
8.62043
8.95239
5.63339
5.67807
6.59685
6.7878
5.96913
7.93074
8.38562
6.92298
6.85027
6.12379
7.29113
6.52345
8.1764
10.1182
5.38978
12.7635
7.74726
7.88416
5.99256
5.67061
8.669
7.68263
6.4569
7.60771
7.61447
7.08256
8.58785
7.47186
9.83712
6.09616
6.09031
7.18461
10.3772
7.17262
7.82909
8.87577
7.90365
8.84121
10.3753
8.09875
8.74614
9.05237
6.60149
10.2287
9.42246
10.0247
8.99167
12.6687
7.21817
7.57417
8.37644
6.11562
8.30131
8.49087
8.35159
7.81022
10.6095
8.80184
4.74832
6.21431
8.11357
7.18992
6.33066
7.75942
9.20046
5.77166
11.2662
9.06836
9.32728
5.53123
5.50982
6.47969
6.41784
7.42241
7.30167
5.46837
6.27607
7.61497
6.93309
5.71409
5.51252
6.39227
9.43803
8.72561
9.19602
7.61159
6.03182
8.71544
5.01689
7.15958
6.50661
6.0017
5.95222
5.988
5.36924
8.12824
6.99285
9.26853
9.01825
7.75863
10.5863
7.85736
9.36521
6.27503
8.0287
9.32864
8.77339
6.74885
11.3775
10.2375
5.26114
9.06058
9.89194
8.48396
6.58202
7.31239
10.9398
8.37416
6.28636
6.21987
7.72795
7.01325
6.55211
5.61778
7.88013
7.11934
6.84103
6.3081
5.42733
4.79869
8.32399
6.90895
9.08103
6.43736
13.498
5.72549
5.1519
9.43298
6.56387
8.33967
7.43706
6.0262
7.65262
4.96942
7.88464
5.27115
7.15999
7.88446
8.14637
7.34358
9.61451
7.07221
7.45969
8.90751
7.93742
8.98126
7.50838
7.54642
10.9751
9.29206
4.71844
5.23547
6.80083
8.10526
8.96601
8.40023
6.30971
6.54028
7.80331
8.22581
9.54899
7.03675
6.75068
7.59469
7.79321
8.02976
7.19629
6.15766
6.7916
7.66996
9.27759
9.94968
7.3652
12.0794
10.5628
6.54119
8.80444
8.20829
8.65343
7.0748
8.85154
8.17672
6.2866
7.95232
7.59126
7.16791
5.81075
8.50619
9.35302
5.57731
8.51319
8.56466
8.51744
5.67714
8.43346
7.8997
8.8892
4.7254
8.84768
7.33488
6.82383
8.44572
7.33516
6.7988
7.15843
6.50435
7.98156
8.29222
7.71627
9.18452
5.94226
6.83484
9.0459
8.54686
8.5807
6.42373
6.07997
6.03397
6.13554
7.09903
7.11935
6.88942
4.58508
8.4184
10.037
8.95748
9.26434
6.63474
6.37909
7.85629
8.91926
8.94304
8.26353
7.73616
5.88262
10.1176
5.61774
6.11828
5.1018
8.52424
8.85306
8.21302
9.83417
6.42422
7.71352
7.90512
6.26241
6.98394
8.09333
7.59794
10.3383
7.86398
5.38441
5.35207
6.39101
7.82004
5.92696
6.26395
6.25565
9.35168
7.99469
8.80492
9.18915
10.888
6.9875
9.46351
7.52999
6.365
6.43399
8.13216
10.2261
9.91729
7.76643
8.02217
9.32048
9.14609
9.45858
8.43476
8.30828
8.03171
6.80074
10.0071
39.1264
9.93342
9.65961
12.2505
10.6956
13.0258
9.00391
7.62856
8.73575
5.41986
8.11612
7.68457
7.77069
7.16908
8.35786
7.84987
10.0507
7.61784
11.4361
7.35707
6.70727
5.86972
8.15607
5.18056
9.56157
8.91371
7.94996
6.05361
8.43508
7.14798
6.67534
8.36609
8.05911
5.24014
6.50218
9.00669
6.80642
6.25601
8.78123
6.05808
8.70543
6.05387
8.26623
6.36042
9.70374
8.26644
9.81097
7.48609
7.32374
7.02624
7.9483
8.0492
8.71137
11.8526
6.66605
7.38565
10.1917
6.91355
7.91286
7.2909
11.4665
5.23394
10.2586
5.50432
6.18753
6.00996
10.384
6.61881
7.37368
8.36635
8.14759
11.2597
5.88709
9.02749
8.63201
6.68117
8.85265
9.09746
8.25264
10.9645
6.14257
5.87857
9.11
8.76241
7.32493
9.02195
7.17804
7.33073
9.20384
11.5614
8.58709
9.22813
12.2534
8.2366
9.63245
11.1074
9.5189
5.46868
8.04445
9.19099
7.35742
4.99542
8.68219
7.87194
7.40832
7.9306
8.54382
6.29986
5.20126
11.0525
9.62208
8.10144
6.85587
8.15092
6.30275
9.78098
5.96909
5.94693
6.58573
9.2804
5.56914
15.8132
10.2113
11.086
7.48893
8.36045
6.08545
8.187
11.3602
8.39023
8.74885
8.50142
6.88692
6.29863
8.44216
6.8128
5.72852
7.92925
6.91887
8.54781
8.90155
5.72922
8.27314
7.82423
13.7651
7.61136
6.23984
12.5908
6.11314
8.29378
9.2526
6.92469
9.53126
8.31962
8.52777
7.75608
6.86716
9.52525
7.77296
7.4565
6.21086
10.0664
7.27411
5.3787
4.36686
6.46052
5.37979
6.38907
8.73632
12.5485
8.5556
6.09083
7.74213
7.5247
4.54694
8.2496
8.3632
10.6567
6.73653
4.60133
7.96329
10.0084
12.8376
7.54881
7.86946
7.67099
21.1926
7.60178
9.79404
10.2345
5.28529
5.77728
8.51996
6.60572
5.89693
12.3484
8.94332
7.38128
7.354
10.0395
7.37712
5.41747
5.78377
7.49327
8.36796
18.5609
8.13752
9.77665
10.8493
5.77718
7.54485
6.85715
8.30382
8.203
8.94485
9.90938
9.54857
5.64301
8.79248
12.12
9.24447
7.48461
8.66705
7.43016
6.92875
9.74346
13.0604
11.9246
9.69469
10.5747
8.20923
9.09713
8.4493
6.19583
6.80694
6.48186
7.0716
7.03544
7.03258
9.1148
7.03086
7.45215
6.02113
8.97886
6.69256
11.9087
17.7509
10.5342
13.2365
6.96169
7.4409
8.79986
7.68187
7.30211
8.66192
9.17569
9.57243
6.20745
8.20034
8.97699
7.81461
6.71239
6.45256
7.53834
6.71132
7.05524
8.68225
8.84972
12.5226
7.58443
6.74195
7.59597
9.65245
5.92135
5.73369
7.65092
7.22863
8.54147
7.54994
6.74906
8.52561
6.79024
5.71613
5.22215
8.24266
5.41245
11.0585
9.82512
9.14948
8.13624
7.07787
9.86751
9.86211
7.35415
10.752
14
7.00204
9.7075
9.30965
8.28472
6.80299
7.37414
9.24677
9.03176
7.8833
6.5213
8.83291
6.95566
8.71033
9.77293
10.0438
9.24334
8.06361
8.08364
7.56468
9.42309
7.71253
7.20132
7.10712
8.55504
8.68741
7.04915
7.02724
9.44185
5.64502
10.3196
8.05895
8.03897
6.2821
6.92814
9.4449
7.15365
8.65296
6.03458
10.9888
8.50101
5.32172
12.1085
7.71812
6.85093
9.64438
6.12432
6.92745
8.97241
5.64033
7.08458
8.51182
10.7691
5.51923
8.57735
5.94395
6.92472
9.47125
8.65581
8.32335
5.59316
8.45559
7.34569
7.13314
6.40528
9.09811
10.0432
8.27393
8.64522
6.47874
6.6509
6.81068
7.10812
6.28562
10.1454
5.82853
9.26348
11.168
16.8622
8.26344
7.68867
8.92686
10.9633
5.41552
7.15536
10.136
6.16946
8.01274
7.28452
6.3972
6.3068
7.66458
6.56927
9.18998
5.38913
8.14695
10.7926
7.60417
7.30728
8.32096
7.62546
12.3638
8.90342
9.08455
9.19004
7.75582
8.44839
5.37439
7.36564
8.09089
7.93957
8.84756
8.42219
7.56494
10.6043
7.18165
8.29715
6.10037
6.57781
8.84968
7.72834
7.4496
6.04983
8.55789
5.86095
6.72428
6.46981
8.89791
6.72164
18.4081
8.6714
9.62455
8.07589
8.23293
7.71766
7.1129
8.10149
11.4095
6.66697
8.08241
7.15381
8.16082
7.9248
7.69726
8.75134
8.43998
7.12556
7.27385
5.5545
7.15601
9.11646
7.13798
8.73439
11.7545
7.40089
9.16797
7.41363
6.99822
8.21658
8.82856
8.37602
7.73152
7.84663
10.0495
9.5233
9.75016
7.68942
7.24944
9.78918
9.94631
8.47919
7.7352
8.09326
6.02989
6.52478
5.50976
12.525
9.82938
8.40085
8.1613
7.53414
7.98501
11.396
10.1107
6.71556
6.33254
9.73227
10.7254
9.07323
6.4399
8.48587
7.96757
8.82287
10.8234
8.0727
10.0777
8.65277
10.247
11.5751
7.19992
7.57522
8.50189
10.0392
8.2274
12.0891
12.7829
9.81911
9.11009
9.66361
7.24373
8.66192
6.80159
5.82972
5.98168
9.07395
12.245
----------------
insert (avg): 7.94726
----------------
----- init -----
17.9257
----------------
init (avg): 17.9257
----------------
----- commit -----
1741.49
----------------
commit (avg): 1741.49
----------------
# Loading records:	1000
skipping run
