parsing config file ./lvconfig31.conf
parsing done
<<<< begin once 
<<<<< redos: 0 >>>>>
<<<< commit once 
----- insert -----
8.09918
6.61877
8.71481
13.3161
5.79195
9.41159
6.94495
8.47557
7.10498
7.56281
9.89291
6.34268
9.29458
7.50652
6.53173
8.54808
8.17272
13.3671
8.2683
6.50565
8.35299
7.6898
5.85019
5.90778
7.14286
8.92042
8.35065
13.6719
9.82222
10.1178
10.5448
5.886
6.20858
11.3583
9.49775
5.76759
8.22496
7.86723
7.70186
5.25367
8.25739
8.16218
7.05806
8.18249
8.44396
9.38019
9.69532
9.20473
10.711
8.35125
10.9817
9.35993
8.0651
7.97759
9.36188
8.85585
7.81843
8.79084
8.94245
8.1527
6.77156
5.62725
8.16376
8.74257
9.64256
7.89911
8.51404
9.09452
27.1873
17.038
6.65658
23.4218
8.23719
11.6864
8.47918
12.4054
8.65703
9.18808
6.88898
5.4856
7.55957
8.4157
6.37837
5.17172
8.76122
6.91114
7.40197
8.56554
5.77054
6.51667
7.71863
8.57235
7.93961
9.9817
7.51494
12.7934
8.66532
6.38588
7.99566
5.77591
5.8791
6.9466
8.98879
9.30714
6.40052
5.12565
9.02661
6.27636
9.04171
7.05054
7.98169
8.93845
7.60352
12.0018
6.66969
5.75684
4.70157
10.7388
9.90325
7.30944
6.49676
8.39842
5.72525
9.02337
6.94855
7.69222
8.48507
8.06156
7.74426
7.29132
9.15109
8.27773
9.33406
11.9396
10.2352
8.39312
9.21963
9.48113
7.13231
7.39235
7.10646
7.95934
8.01477
7.89122
7.21671
6.73166
8.78623
6.87338
4.91023
5.98948
7.31736
9.42198
9.16729
6.80373
5.74507
8.18671
7.51504
7.69121
8.57082
7.52578
5.7208
7.50672
8.20245
6.52185
10.5112
7.609
8.26671
7.7191
8.68747
14.636
7.51282
5.88199
7.60777
9.44852
9.10527
6.09537
8.62065
5.33625
8.11916
10.0484
5.79129
6.27857
5.65197
6.89905
7.16498
7.38009
8.61279
10.4392
8.96565
6.26741
8.64906
7.86983
7.20768
8.07859
8.88681
8.07037
7.2202
7.32516
7.01115
6.13912
4.97848
5.82171
8.21664
9.21814
14.7496
7.80619
9.824
6.90018
6.40068
8.09485
5.29084
5.71284
6.66815
6.50588
5.15766
7.72319
8.00103
7.84095
8.48761
7.11665
9.49934
6.19809
5.48738
9.17379
8.95921
9.23379
7.12599
10.4916
7.12442
11.1042
9.90509
11.2593
6.24144
8.4587
8.54104
9.10814
6.49056
8.2117
8.50746
6.33887
7.96422
8.92576
7.36986
7.57078
7.5598
6.59151
6.86976
9.35909
8.40946
7.27251
6.0025
9.59668
13.5203
6.48245
5.80096
8.65529
5.88365
8.5397
5.51698
7.50604
7.09442
9.04644
8.59614
7.45699
6.00535
6.55714
5.31716
6.63181
9.09939
6.5407
7.17598
9.77432
7.82194
6.74989
5.91685
7.20547
8.3771
12.6769
10.6522
5.99174
7.32203
8.68994
8.56979
6.36938
10.2836
5.92828
6.89749
7.89527
6.60334
7.71317
7.03877
7.3361
7.30162
7.60562
8.79261
8.82767
6.64772
6.49717
9.854
7.5984
8.41627
9.55279
10.5647
6.39671
9.07769
8.23866
9.73644
9.87333
6.98372
8.21599
10.4547
7.80668
8.1868
6.03934
9.12435
8.01249
10.3414
8.36514
8.69553
6.1133
7.08827
7.81363
6.40003
8.39071
8.37636
6.51936
11.0737
6.32777
9.11927
5.67439
7.94884
8.11668
5.88857
6.27746
8.18234
8.73736
6.04606
8.16369
5.52649
6.07243
9.24635
5.95223
9.29359
10.8432
6.53278
7.41726
8.17357
9.90568
9.2904
10.0418
7.97857
10.186
5.76697
6.19302
5.08239
7.98165
8.34655
6.36987
7.44581
8.32964
10.3042
7.71442
7.97025
6.97342
8.30403
7.42357
8.86298
9.88828
5.99192
10.0023
9.00651
7.83159
6.28015
6.34933
6.70885
8.97136
8.93595
5.88311
7.41206
6.77972
6.36289
5.54644
6.32822
8.98766
6.38493
9.79588
5.83963
8.81815
10.8275
6.89288
8.99815
6.43014
7.03934
6.4991
6.94373
6.77417
5.92366
9.48267
7.3025
5.9286
7.26039
5.02009
8.97115
8.9455
8.42252
9.35189
6.92725
6.90146
10.2149
38.7202
10.6399
9.89908
11.2192
10.8724
13.239
7.18283
6.78066
7.29453
8.36955
7.14336
8.41059
6.79144
6.43655
4.99995
9.69327
8.84156
6.7107
7.30117
10.0118
7.2566
7.64025
10.0442
7.55762
10.6952
7.92027
6.75638
7.54825
8.9483
11.0709
7.46482
5.17378
9.1955
7.62073
9.47029
9.40441
6.64504
7.54094
6.10341
6.66464
6.21152
6.53591
8.82126
5.98536
7.28384
11.0047
9.9389
8.69611
9.23315
7.55697
7.97301
8.40737
5.32653
7.14461
8.84423
10.113
5.80566
6.07498
4.92444
7.9243
6.32172
14.86
6.54769
5.68725
6.06354
6.4826
7.19984
9.54209
7.14129
9.09355
8.20956
12.0283
8.47729
7.83504
6.59788
5.77458
9.21416
4.48284
9.37914
6.25459
10.0827
10.4724
9.46736
10.8255
8.97336
8.81977
9.81493
8.31483
7.08871
10.8741
8.65598
7.69137
16.5074
9.58376
10.0004
10.6429
10.7765
11.7718
5.72304
6.93298
8.89041
8.34408
7.73322
8.79323
8.51344
5.05362
5.86846
10.3224
9.10997
6.70353
8.56966
5.74276
5.93758
10.7665
8.44996
5.68678
6.17297
9.84314
5.9289
10.5919
7.00601
8.02059
5.75841
5.53836
8.26622
5.68859
6.9732
9.29023
10.8537
10.6825
7.60046
8.89853
8.12097
7.30973
4.7958
7.96884
6.71175
6.23138
6.93753
8.54013
7.94583
6.20263
8.63043
11.1015
10.3978
11.9524
11.5123
8.37653
7.72668
8.9724
7.12616
9.52155
5.67781
4.9333
8.02408
7.07515
7.33065
7.74626
4.84419
8.52387
7.45109
7.06539
6.4008
11.0152
5.99194
6.09039
7.24336
7.43264
5.11686
13.6766
7.09662
6.28663
9.05786
7.73328
8.50551
8.5334
6.78346
8.46561
6.98456
8.6046
10.2699
8.27684
13.4678
8.12922
7.69871
20.7729
7.72521
6.35911
7.29498
7.73049
9.35064
8.51151
7.26924
5.88487
12.9601
8.04596
8.8296
5.7861
9.68161
7.88128
6.42726
6.83679
8.96792
9.45606
15.7071
7.71744
8.32645
10.5165
5.59307
5.76445
8.1642
8.77698
9.28943
7.95526
9.81109
6.17755
6.9335
10.0501
14.0138
7.6257
5.1128
5.75685
7.2121
7.64428
5.83418
8.04441
13.3804
13.239
10.2986
10.7507
7.73607
8.57663
8.9201
6.56568
8.23192
10.462
6.2103
7.25407
8.48513
8.41593
8.25001
5.9798
9.1099
6.7331
14.0429
8.94126
11.3504
11.4282
5.76895
6.1216
7.22755
6.45137
9.18237
8.65364
7.43884
7.94164
9.46371
4.95876
7.51051
8.42213
8.29527
6.92222
6.63016
6.54584
6.29144
6.33706
7.24153
5.91658
9.12604
9.46728
8.67436
8.38655
6.77287
9.34134
9.79462
6.4055
7.32784
7.29845
8.95704
5.34313
7.98562
5.75652
7.12329
8.33574
8.28582
8.59381
7.13797
12.0619
8.86188
10.9274
9.13557
8.95033
7.56589
9.56831
9.53949
6.73466
10.6649
6.34991
9.39642
8.41786
7.48577
7.63109
9.27368
6.20529
4.94664
7.24064
7.06016
6.8231
8.30406
6.40737
5.53008
13.4532
8.56547
9.57419
8.82428
6.82398
9.74793
8.62918
7.86135
7.41748
8.11784
12.3616
10.6009
7.73717
9.28495
4.80219
11.2199
9.00949
9.32615
11.0319
9.91634
6.69462
6.88428
6.06341
8.27281
8.8314
7.97479
9.64902
6.78344
8.02147
8.02673
5.86091
7.37142
6.88786
10.7213
9.01468
9.47427
8.71345
10.0965
7.71323
4.16049
7.77379
8.201
7.14085
5.42963
5.59257
5.98994
6.31113
6.06457
11.2364
7.55003
6.79526
8.29256
9.04882
6.70654
9.80365
10.1918
7.09945
7.32221
9.93205
6.9816
9.5849
8.03745
10.5874
8.34007
8.56636
12.2618
5.90537
9.98215
7.23852
9.17265
9.69595
6.25673
9.04107
5.76387
8.86716
8.36231
10.5169
8.64227
7.45307
8.65467
5.70402
9.49625
6.98306
7.86208
7.24487
6.60701
7.01419
12.7429
9.21392
8.41373
6.9955
7.37726
8.28586
8.78659
7.63595
5.79483
5.54046
6.59341
11.5181
6.22372
9.63842
7.04037
6.73111
8.2321
6.4695
7.15841
6.33811
9.5019
9.09909
7.89678
8.95182
6.93513
7.74526
17.4326
9.87344
6.48465
10.314
5.963
8.33623
12.5321
6.04604
6.8929
6.43993
10.1232
7.92208
10.1074
6.00247
6.33809
9.5195
9.07116
7.40798
5.71285
8.50902
5.60857
8.23029
6.11315
6.93109
8.71095
10.7888
6.381
8.57926
9.26179
7.43507
7.5001
9.24345
7.86163
7.56565
8.54295
9.6821
9.60197
8.46626
8.3585
8.39133
6.38925
8.23301
8.41372
7.98661
7.62685
5.84904
6.84924
5.8303
7.99914
8.80381
11.5243
5.60782
7.4766
7.06729
6.73981
11.0724
9.35462
7.29871
5.73653
11.7098
8.89987
10.1998
8.10806
12.1653
6.14328
9.45115
12.7501
5.72731
6.17811
5.98684
6.98399
9.72795
9.36126
8.41586
8.69247
6.23841
10.4454
9.50229
12.609
8.31742
9.33705
5.42814
7.66403
10.3279
7.92252
10.4593
5.59054
5.9705
10.0115
11.0033
10.0428
6.54084
8.08205
6.47208
7.31543
6.23083
8.46796
6.85179
7.29999
8.91591
6.80954
7.00826
13.6473
8.31145
7.85178
8.65201
11.2955
6.40826
5.67559
9.36191
10.9004
10.2072
9.167
7.93745
8.50021
8.35218
8.81358
10.3573
9.95627
9.9395
12.7716
8.7326
10.26
8.95855
9.34043
7.0655
10.4469
7.88732
8.0847
8.45483
8.66436
7.59898
9.88021
15.5287
9.1775
10.1961
8.11248
5.5569
10.4073
8.71214
8.20324
11.1503
11.933
15.0864
11.3329
11.2912
11.5772
9.76668
12.2289
8.8155
9.53411
10.4908
15.888
11.758
9.70959
13.0541
10.5038
11.2536
7.05189
9.71701
9.32518
9.10571
6.54449
11.2586
8.32648
7.34645
6.4572
----------------
insert (avg): 8.27064
----------------
----- init -----
12.9334
----------------
init (avg): 12.9334
----------------
----- commit -----
2200.3
----------------
commit (avg): 2200.3
----------------
# Loading records:	1000
skipping run
