parsing config file ./lvconfig1.conf
parsing done
<<<< begin once 
<<<<< redos: 0 >>>>>
<<<< commit once 
----- insert -----
5.63293
8.06149
7.10793
5.56965
16.1931
6.43272
5.51384
4.77907
5.72982
7.75437
6.66448
8.3318
9.76699
6.84028
8.66499
9.70717
6.3213
7.08894
6.98185
12.2825
7.32826
6.34865
5.74032
7.84137
9.17389
7.43687
7.35985
6.34334
6.90158
5.54597
12.5756
9.34319
5.2528
6.63119
10.3092
9.33437
8.37913
8.85388
9.42112
8.53924
5.8727
7.58091
6.00624
6.99199
8.4828
9.77835
5.61105
7.46503
8.1178
6.46235
5.79932
5.02972
8.07698
5.92496
9.48587
7.56387
11.8295
7.33601
7.61378
10.4694
6.0648
7.17571
7.27725
9.28116
7.55209
5.377
7.22736
4.98205
7.85645
8.51367
9.31061
7.15468
8.62182
5.8714
8.15733
26.5273
18.4735
26.3076
10.5003
7.46594
6.06468
7.59643
11.1092
10.4807
6.3561
8.8984
8.08673
7.3258
7.47977
9.12717
8.05022
9.09524
8.15289
9.63457
9.57492
7.96079
7.11516
5.35207
8.68416
11.9666
11.1124
6.82605
6.82394
7.50772
7.55748
6.99692
7.71284
9.19489
9.58086
6.11731
4.6719
9.08944
8.08422
6.89233
4.78478
7.26773
6.56505
7.76838
6.08102
5.60344
5.16128
8.04841
8.65463
5.89891
8.26204
8.08178
10.3009
6.48583
11.2867
5.66517
6.01727
7.77396
7.30993
8.21345
6.44428
5.96748
6.30699
7.02294
7.01335
6.9589
6.97463
14.0606
10.0454
7.86533
9.56058
12.0538
8.17722
6.20572
6.70257
6.38817
6.45385
8.07923
7.92592
8.71214
7.60687
9.89518
6.70717
6.68902
10.6014
8.48116
4.93279
9.69297
6.94024
7.38423
8.85025
6.84585
8.8687
6.79258
8.8465
10.8944
6.03994
7.06269
9.62323
9.5861
9.3606
10.8287
7.53003
7.32866
7.74623
5.81985
7.69897
8.70791
6.78938
10.1509
8.07226
9.31454
4.51681
8.35063
7.95312
6.97932
6.61257
7.98048
8.77398
8.60272
7.33236
6.46223
5.57089
7.95317
5.76304
6.00582
8.32198
6.23907
6.8367
7.45991
6.65639
6.75713
6.16235
5.98386
5.40588
6.18294
8.18539
13.7519
10.94
5.29369
6.90111
9.95623
7.62995
9.09135
6.0099
6.27657
5.42761
6.96474
7.82296
4.59166
7.88494
5.06024
7.63678
8.30153
10.1969
8.21237
5.76699
8.34449
7.94064
6.72241
8.18799
7.2648
7.14398
8.63459
8.05795
10.0266
7.97225
9.10443
7.30328
6.93018
7.39714
6.32161
5.65722
7.08186
5.4619
5.51561
5.90296
6.74986
8.0641
7.38437
8.09641
5.93734
6.88575
5.21636
5.31526
7.61331
6.76265
8.2857
6.25414
7.64247
14.4291
7.20161
5.28721
9.18674
5.39561
9.1348
7.28729
6.49828
7.58797
7.59165
8.99965
7.29432
5.81411
6.69209
5.24144
7.02282
9.52012
5.19546
7.89337
4.57217
5.39719
8.7813
7.58946
5.13071
6.7594
6.82668
10.3835
8.04897
8.90038
5.73248
7.35736
10.8656
8.11724
6.73297
6.59114
7.56252
7.05296
6.71497
5.8784
6.57078
6.59262
7.68083
10.7649
9.04989
5.06693
10.2449
7.34888
9.28657
9.3288
6.864
7.60155
9.27142
7.08482
7.20626
8.59342
7.35979
9.77428
9.38547
8.75314
6.98754
10.9774
6.32961
6.33705
8.99453
9.07376
7.40644
5.54024
6.74082
12.3762
7.85864
9.49298
7.5883
5.95831
8.24301
9.76875
9.49076
7.26184
8.61256
7.36345
7.35914
6.71845
7.96635
7.47773
7.72783
6.21634
6.03138
5.38139
9.01074
5.6684
10.5428
9.09157
7.94373
7.07145
6.57435
8.64561
6.56504
7.15557
9.08302
9.33948
10.2145
6.51157
7.46701
8.8902
8.35931
7.08757
10.2216
8.91855
8.09118
8.40282
10.1268
6.31819
6.28989
8.24769
9.76176
8.61008
5.9945
7.93405
10.2132
9.74501
6.03405
6.62056
6.90739
8.3911
8.14128
8.02958
9.57799
7.05736
7.76907
6.5398
7.59663
6.90826
7.62528
8.51054
8.29704
8.98609
5.21728
7.70455
7.65311
6.30359
8.2962
7.41048
6.50874
5.81875
8.32816
6.18781
5.97844
9.15193
8.33179
8.89544
9.08991
8.78819
8.90981
8.70415
9.51991
7.72952
10.4558
37.9541
7.62796
9.01607
9.01545
12.7595
10.8608
12.9012
5.52327
6.47254
7.57337
10.6513
6.63243
8.20204
7.86572
8.12101
8.36548
9.15565
8.64725
8.84169
9.95485
8.16879
6.84858
9.24263
9.62599
9.52854
7.25592
7.94661
7.40767
7.80431
8.49611
6.78514
8.26953
6.2642
5.99511
6.62723
8.67933
8.56325
4.98694
7.35529
6.99213
5.58325
6.22028
8.94438
9.00586
5.90954
6.28412
11.9432
9.83544
6.48826
7.77768
4.94127
8.0651
7.59332
10.684
7.00628
7.58043
7.25488
9.88697
7.20698
5.69771
7.57129
6.88784
11.5708
9.56776
7.09559
5.30869
7.03652
9.43397
6.79372
6.64121
10.2222
6.46899
11.1889
5.15982
6.49899
6.8058
11.9507
9.02988
8.89114
8.78983
10.5379
4.94553
5.10804
5.92132
6.35621
7.78304
7.29573
9.41496
7.47277
12.1026
9.15557
10.3139
8.07056
8.88045
10.1453
13.6279
13.2417
11.2365
11.0095
10.1143
6.00845
6.32642
10.0909
7.29202
7.32583
7.4781
10.8234
9.05912
7.17437
6.24379
6.99106
5.95666
5.29784
5.68549
9.34285
10.5092
5.81004
7.46135
5.65561
7.29675
8.78568
6.49402
10.9387
9.43089
6.256
6.32845
7.9669
5.9585
7.10029
8.5043
10.7397
5.12952
10.1372
9.97931
7.23301
5.25434
6.3629
5.93725
6.00556
6.53526
6.1907
7.19795
8.26876
5.007
5.45588
8.23812
11.3141
13.6565
6.00459
7.54943
9.86377
8.58488
7.31378
7.34841
4.98362
8.34291
7.24303
7.56233
9.21303
7.54219
7.9054
9.69447
9.2869
5.6197
5.33799
9.2049
5.19212
6.85793
4.99352
5.5231
6.25723
7.7082
7.00986
9.30435
8.55574
7.47422
7.4535
5.27738
6.08061
6.07954
6.5565
10.9782
6.92299
7.68866
6.47437
10.8151
8.66767
13.314
9.61518
8.95894
6.32522
21.3359
6.63355
7.95659
8.12649
8.18516
6.63481
5.66825
6.19146
7.26993
10.8809
7.56041
8.08506
6.99367
9.21254
5.13278
6.68916
7.08756
6.75098
8.85274
19.1966
9.5281
8.30753
8.99909
6.32883
6.62668
8.35195
9.07673
8.93131
7.93981
10.1516
6.09003
8.6513
8.67386
6.35574
7.83533
7.05498
8.42515
8.35913
6.7062
7.75727
9.04179
12.8587
12.8116
10.028
10.1239
8.63975
8.04062
7.95376
7.67615
7.15356
5.81812
6.29599
8.33191
9.33602
7.80884
6.70904
7.06921
10.2129
9.79199
12.3913
13.0421
9.42726
7.60454
12.1784
7.53323
9.69058
9.43398
9.07776
9.9394
6.96677
8.07074
7.73164
5.5568
7.69489
7.66313
5.2236
5.52653
9.41477
6.3552
6.54782
8.41866
9.21843
8.82582
6.34021
13.1015
7.23965
7.54809
9.91262
6.07836
5.69197
7.40965
7.31266
8.126
7.84672
6.82594
7.30884
7.94176
5.69065
6.63708
7.72888
7.48156
7.85595
9.99923
9.2089
8.33986
7.15573
7.95685
8.06984
8.8034
6.48226
9.82027
10.9188
8.07439
8.05032
8.2057
8.44481
6.23057
9.182
8.58281
5.9755
7.39714
7.95801
6.4388
6.48982
8.53026
7.74132
12.2242
6.21402
8.83375
8.45259
7.43119
8.56127
7.99788
6.73256
8.61426
7.39024
7.90908
8.44548
7.17711
11.6768
9.34409
7.52697
9.01157
11.589
7.03289
9.17108
8.11003
6.26458
7.5614
6.24269
11.1205
7.26177
6.72683
8.85435
8.54404
7.13605
9.70555
7.72836
6.48207
5.76892
7.61653
8.05399
8.78943
9.87224
5.97637
6.27586
8.58331
8.25081
9.26272
9.04845
5.80348
6.75622
9.0398
11.2649
9.66867
9.04187
10.5805
8.24795
10.6947
9.98775
7.2311
6.71462
7.15633
8.93342
6.84406
10.094
14.3328
11.0708
9.78019
6.56482
7.37642
8.94127
6.03829
7.56097
8.44504
5.74772
6.81538
5.86758
9.09547
6.77846
5.47333
7.87819
6.55733
9.1197
7.03568
6.47193
10.6898
4.87611
7.02527
7.13261
9.78111
5.74539
8.40081
9.06984
9.52957
9.20473
11.0605
9.27034
7.6566
6.50589
9.95308
10.424
7.97618
8.12971
9.10501
5.81827
10.2287
7.96073
7.20491
8.68264
8.83585
6.18614
8.50923
7.65692
8.67527
7.67059
7.95554
9.89086
14.683
9.24047
9.72434
7.98882
7.56297
9.91239
9.58198
6.90173
8.23906
8.79347
6.01599
10.5483
8.26674
6.27735
6.10635
8.81025
8.07177
6.57138
6.63052
6.72585
5.69159
9.99131
7.11407
5.34974
8.61985
14.9193
7.86406
6.8743
7.67199
7.71364
6.40656
8.57864
11.0837
8.36126
8.26192
6.9825
8.49453
9.07099
7.49198
7.94983
6.40691
8.62851
8.02302
6.77214
6.25563
4.58066
6.47018
6.35439
7.26265
9.33454
9.75524
8.27782
7.7431
6.73773
6.18921
7.40555
8.34437
8.10705
9.81204
7.68153
12.1538
9.88433
8.83649
9.71494
8.16397
7.39572
7.38445
9.52886
8.38172
7.07244
7.93156
8.62511
11.3741
7.91598
7.67946
9.20314
9.17429
8.484
12.8569
12.7389
8.48097
9.14507
10.2177
6.27812
9.58948
7.56521
9.48134
6.98939
10.6623
9.85793
7.93916
7.56175
9.36749
8.93705
6.68927
8.02527
6.53069
7.87552
5.95154
8.89462
7.68381
13.725
7.89476
7.77717
7.93192
6.27663
7.21622
10.7199
10.883
9.3268
10.43
8.78594
7.96803
8.48411
8.66831
8.77476
10.3571
10.276
9.47495
13.5652
8.26608
9.87032
8.88349
7.64002
8.3098
11.1875
7.60737
8.31654
7.86653
8.89622
7.16407
10.4962
15.7379
9.39345
9.65643
5.82271
7.79049
9.66733
8.14673
7.40759
7.7408
10.036
7.64851
15.3035
11.2044
11.8192
8.25723
8.19647
13.0217
10.8649
10.1979
----------------
insert (avg): 8.11909
----------------
----- init -----
10.7663
----------------
init (avg): 10.7663
----------------
----- commit -----
2511.8
----------------
commit (avg): 2511.8
----------------
# Loading records:	1000
skipping run
