parsing config file ./lvconfig23.conf
parsing done
<<<< begin once 
<<<<< redos: 0 >>>>>
<<<< commit once 
----- insert -----
6.87854
6.73561
5.63968
5.53054
7.78561
12.433
8.31797
7.52614
6.10297
7.99702
7.27182
6.73322
5.48044
5.7036
6.8492
8.62501
8.79758
6.69304
7.06939
7.54912
13.4393
8.61957
6.12455
8.67268
8.08826
5.44704
6.18573
7.11016
7.02782
7.36767
6.84082
9.29177
9.96882
10.0635
10.2248
10.7338
7.05021
6.11883
9.40884
7.88668
10.3362
7.8704
8.64656
9.04838
7.44765
6.9687
5.75607
6.42689
6.66752
7.6934
8.89724
6.8665
8.3484
5.47928
7.94637
9.42208
10.7665
8.09394
7.28674
6.14938
6.27191
6.2875
7.54371
6.00679
5.90055
10.0838
5.14672
7.15454
8.02941
7.57876
7.46762
8.11191
6.73261
5.66599
8.49517
31.2063
17.8354
25.7204
10.5288
7.68572
6.21593
7.65798
12.9788
7.29017
6.35361
5.45498
7.53599
8.3651
10.5669
8.56709
8.36951
9.69628
8.35488
10.2631
7.88723
5.60101
10.7337
7.1373
7.71804
11.4195
11.3434
6.55656
5.8683
6.56964
7.14274
6.03915
5.79873
9.59167
6.67515
9.28742
5.96931
5.57475
8.23462
5.24719
5.35058
6.60971
6.99619
7.05474
7.78423
8.33923
8.53106
4.76263
6.84149
7.13079
5.92066
6.21131
7.54306
7.9512
8.87715
8.97743
6.45773
7.82497
8.22823
7.76279
7.04843
5.83259
10.0533
7.93079
8.84605
8.99826
8.68515
11.4755
10.423
8.00828
7.33904
7.78935
5.68965
7.49871
7.21647
7.15329
6.14238
7.85776
8.17989
8.31162
7.97674
7.90137
9.41911
9.35083
8.23156
15.0899
7.49571
8.12645
9.01858
8.07805
9.39388
10.1115
7.10754
9.44327
8.36594
8.32111
6.07862
9.01513
9.24536
8.36334
9.24451
9.4044
9.31806
8.10833
8.58332
7.08561
8.07048
7.79603
7.91743
9.7355
10.5298
5.35213
5.00021
7.39181
5.43513
8.68177
8.49167
8.4917
10.1281
7.65355
7.50616
4.91632
9.2312
6.8807
5.85785
8.35575
7.02143
7.76644
7.57951
6.56404
6.59233
6.35052
7.09805
7.90661
9.64011
7.26658
10.9165
7.32525
10.5708
8.98768
8.30862
5.60979
5.27923
4.9373
5.84525
8.14447
11.0383
8.98943
7.45219
9.38575
10.7053
7.22128
5.92363
8.45061
5.46911
7.823
8.949
6.50085
5.39565
11.6042
7.97299
8.00507
5.68784
7.60003
10.3929
8.0453
9.16474
9.66273
7.57206
7.11668
7.49273
5.76747
8.32925
9.37604
7.57089
7.75416
7.17464
5.49048
7.75027
9.46818
7.1736
7.93459
6.61547
6.52422
8.9091
8.34475
9.35658
6.93926
8.91205
9.48393
5.26141
7.56772
6.34043
7.01344
7.61327
5.57422
7.44742
6.20743
8.05687
8.09927
7.8677
6.87587
5.96719
6.92617
5.88311
8.24952
8.6723
6.05086
7.56222
12.2035
6.95869
9.15485
6.82981
6.94155
8.37221
5.67804
7.94627
6.24254
6.2661
8.27459
6.54075
6.76788
7.63629
5.43773
7.18731
10.2174
11.1579
7.77937
5.88204
6.84568
6.57201
9.7906
8.4188
7.88705
7.49177
6.70578
9.99843
7.30417
7.75874
8.22128
8.88228
6.64198
8.69982
4.79602
9.47243
8.31917
11.1334
6.11766
7.76564
8.03145
9.60193
5.84995
5.37202
7.54462
6.77568
6.44929
9.22884
8.75074
8.28779
7.82582
6.67365
11.8254
5.97815
9.12108
6.66224
7.1051
5.69105
6.09747
8.53061
8.70408
6.45885
6.5209
5.91732
6.83287
7.02135
6.49716
8.7512
10.4024
10.0953
8.00091
6.98211
7.75109
9.31072
9.16593
10.0751
7.28815
7.0851
7.54098
9.01542
5.62273
7.41613
8.18489
6.53665
6.96108
8.54985
9.80056
8.34644
5.7544
7.17548
6.4315
7.18763
9.226
8.80109
9.55255
7.05035
5.63074
7.40558
8.28324
6.19498
7.95011
6.38172
14.4136
5.2226
5.94815
7.22551
7.52543
4.85483
6.43405
7.81093
9.01673
7.70181
9.1367
8.00135
6.25915
11.3323
5.67602
9.7228
7.93109
5.95327
8.48357
6.42566
7.28176
8.33585
7.59693
7.20767
9.10977
7.48822
11.4183
8.52339
9.86743
5.93247
7.69381
10.572
38.4114
10.6551
8.80281
12.3275
11.5057
12.427
7.27369
6.7303
7.5326
8.4619
6.57156
6.79212
9.2663
8.48204
8.59201
8.20105
9.48707
5.8538
12.4746
8.20657
7.14478
9.21262
9.64477
9.50835
9.01266
9.8599
8.50232
8.71184
9.15188
8.64666
9.49891
6.10691
7.97928
8.36697
7.66317
5.41327
5.17407
5.9969
7.51154
5.9698
6.31151
9.82185
6.83359
11.1399
10.4115
7.50794
7.075
8.61672
7.32932
6.87434
9.08429
8.01821
6.79436
7.13772
10.602
6.00656
8.59498
7.69184
7.36102
11.7447
10.5321
8.22188
7.8399
6.80209
6.64234
7.08457
6.36901
10.2562
12.6877
9.39325
6.48106
6.94159
7.46929
8.50027
9.12153
6.92517
9.50469
9.31797
10.608
8.82244
5.36656
6.53903
8.47676
8.58205
6.29884
9.99167
9.00426
10.7378
9.97279
6.56306
17.4329
18.2547
12.4714
11.0051
7.55084
7.60253
7.69858
8.92812
8.28395
12.8295
7.98714
5.39745
7.3201
6.37439
8.37199
8.43983
8.67708
5.97632
8.27667
5.63018
11.5747
8.84163
9.14653
8.76767
6.25521
9.59492
7.46589
8.55797
10.2946
8.45613
5.69226
7.51802
8.4758
9.00384
6.15763
12.9121
8.54466
6.45394
6.67827
6.55882
6.24674
7.17408
8.94237
6.14998
9.71909
7.52936
5.5156
10.2214
11.2133
10.0765
8.83193
7.89221
8.99378
6.37314
7.41292
8.10699
5.39468
6.45489
6.77078
9.29937
4.64667
10.5161
5.44187
7.87121
6.01929
5.69646
7.1682
5.34303
7.90047
8.02483
5.4173
5.46632
7.54247
5.71509
6.6846
6.77637
7.71952
10.5733
9.15477
8.18297
7.78797
7.07717
9.84571
8.51325
7.44148
6.11274
4.97979
12.057
9.12645
13.0246
9.83547
9.46212
20.9633
9.50833
7.81471
10.4844
5.5796
5.30995
8.5217
7.04098
6.06193
12.7232
7.60029
4.21408
9.02821
5.32933
9.68198
6.33857
7.56401
8.75085
8.43259
18.5888
9.60456
5.26873
8.56755
7.07843
8.13497
6.69697
7.64097
8.87787
5.79733
8.1363
8.37748
9.78823
5.5526
8.62949
6.35214
9.58414
7.54662
7.60133
6.69187
9.34175
6.02947
8.66244
11.6414
13.7042
10.0356
10.4462
7.81309
7.59531
10.2997
6.54571
8.31469
11.0488
7.9084
8.76895
8.04663
6.65062
7.94954
9.57044
9.78415
7.69824
7.97588
7.46188
10.6075
8.87317
12.1369
7.45432
9.75032
9.94769
9.00214
10.2012
9.33869
9.79909
5.75286
9.41963
8.16306
5.91242
5.30905
5.76647
8.12818
7.09646
7.70835
6.83532
5.78569
7.95341
9.38874
9.07154
4.79244
5.60132
9.28709
9.62439
7.01335
6.48466
7.56291
8.6686
7.11754
6.04938
9.54793
7.95244
6.83816
8.71085
7.74096
5.27635
11.2002
7.32523
8.3689
7.38418
6.33693
10.6441
9.56394
7.13509
11.4465
13.7809
6.52626
9.99957
8.35678
7.38595
8.92529
9.46495
8.22441
11.313
6.21741
6.21196
7.38709
6.89912
7.71291
10.439
8.81915
8.76619
6.69432
8.48438
7.76727
5.90271
7.56292
10.326
7.42131
15.763
11.7211
7.0601
7.89948
7.71254
14.118
11.7658
8.06348
9.07374
8.16713
9.26972
20.9396
6.32602
7.04522
10.3781
8.67603
8.4226
9.41454
5.98086
6.66521
5.37353
7.65621
7.94988
9.76082
9.61838
9.0308
10.3906
9.08009
8.71304
8.08623
7.19738
6.44138
9.0208
6.57202
7.96159
8.5931
7.65164
8.90131
9.09472
7.05492
9.77151
7.0574
10.259
7.45186
10.3333
5.52441
9.74427
11.0742
15.2854
9.70271
12.4942
5.90173
10.2651
7.73783
7.45021
11.7925
7.75087
7.83282
6.13692
7.49209
7.96205
7.34365
9.87026
7.47072
10.2861
6.52423
9.02104
7.04336
6.65785
8.94721
9.38567
9.65359
9.05457
8.87668
7.13562
6.32402
6.90774
9.07772
12.0889
6.93416
5.29972
9.68365
7.1155
9.99512
7.10447
8.1027
8.39001
5.65421
5.5469
6.58472
5.44565
10.3078
10.0182
7.07326
10.6908
5.76481
7.10608
12.9718
11.2264
8.03936
7.45639
7.64963
8.94227
8.01857
11.4524
6.16502
9.05337
9.0736
5.58922
8.16644
9.34605
10.3068
11.0913
5.48904
6.14234
7.04889
9.79632
4.88095
8.90869
10.2937
6.40953
9.77376
11.6998
8.53182
6.99762
6.41796
5.90098
9.54204
8.13371
10.0389
9.5276
9.67059
9.73897
8.84268
8.42366
7.71081
9.05094
9.06675
6.87667
8.24362
4.24833
6.56111
6.19421
6.11185
6.73204
6.22927
9.28108
12.9782
8.63341
6.86027
8.94605
11.0015
6.37683
7.52233
9.02351
7.60197
9.02145
9.83097
9.65106
8.24844
8.03064
5.85492
8.52181
9.85709
8.79015
8.88753
8.18646
7.4437
7.27937
10.1161
7.06689
10.4348
12.8468
9.39547
12.6449
8.74762
8.76346
9.49979
9.68894
7.01828
9.43779
7.0854
8.86691
7.09957
11.0573
9.90151
5.60069
6.68843
7.58341
9.74389
8.79456
9.93496
6.5777
7.26735
5.56011
8.33858
8.75293
13.0492
6.22371
7.09904
5.80856
7.14345
11.3235
10.9547
9.65013
10.7642
10.4921
8.93103
8.28343
7.88539
8.54205
9.27455
10.2882
10.1518
9.42071
13.677
8.81882
9.53707
8.53289
7.08082
7.12952
8.88164
7.78892
8.75546
7.82258
8.26866
8.53465
6.83613
19.1793
9.09178
8.86554
9.23043
7.42724
6.7682
9.19559
7.84752
8.18578
8.87114
9.77234
15.4744
12.268
11.4812
9.87772
7.85033
14.5696
9.80234
9.38898
11.3895
15.0765
12.0018
9.27528
13.1147
10.8442
11.4717
10.9106
10.1046
9.2025
9.61072
10.8103
7.53394
8.0816
8.6737
8.53723
9.62588
8.69402
7.89214
----------------
insert (avg): 8.31473
----------------
----- init -----
11.3814
----------------
init (avg): 11.3814
----------------
----- commit -----
1709.11
----------------
commit (avg): 1709.11
----------------
# Loading records:	1000
skipping run
