parsing config file ./lvconfig17.conf
parsing done
<<<< begin once 
<<<<< redos: 0 >>>>>
<<<< commit once 
----- insert -----
8.06416
11.1605
6.2806
7.20536
6.80311
5.42363
5.79339
6.89618
7.30504
10.2437
7.84642
8.30051
8.34944
7.01877
6.71478
7.74709
11.8941
7.07859
6.55075
6.31426
8.54992
8.59474
6.14527
7.01911
6.85295
5.64958
6.31563
13.1924
10.1267
9.99353
7.14805
5.81423
8.18601
8.2532
8.94654
8.17286
7.03536
7.737
7.7211
5.80672
8.36486
6.31497
7.06184
12.4326
9.50912
9.78099
9.36414
8.77091
6.68693
7.59799
5.2619
9.09815
9.07696
9.01452
8.31232
6.06546
8.21647
5.83655
6.92606
9.07961
7.99224
6.98992
9.27196
8.36534
7.93125
11.9933
6.80544
7.36941
10.4903
30.328
16.2652
8.31363
23.62
8.55826
10.4581
7.95035
12.4992
11.2053
7.69344
7.21356
8.23549
10.7636
5.27816
5.36578
7.90631
10.691
7.70176
5.24961
8.09465
5.75553
8.50973
9.12984
8.37411
9.48783
6.91142
12.5349
9.04645
7.81885
8.72236
5.94312
14.0173
6.91741
8.78948
8.60254
5.49784
6.82659
5.41381
7.35317
7.52414
6.89365
5.14344
6.2894
7.87522
8.56748
8.2626
6.3285
5.21179
7.66788
4.93001
7.72187
8.4972
7.55796
9.04785
8.20101
7.18956
7.39057
5.41076
7.99936
7.817
6.00186
6.87571
6.42752
9.21878
5.5976
8.01746
10.9895
9.07848
9.5368
7.23764
6.18153
8.55914
8.21175
6.05979
7.05714
5.96193
7.20103
7.82533
6.5157
8.14891
8.75957
11.4858
8.61619
9.78967
7.45751
8.35201
6.93175
6.09377
9.53562
8.21233
7.56603
7.0444
8.37141
8.61495
8.95183
10.1996
6.7119
7.76825
8.2795
8.29965
8.8083
13.6906
6.802
6.47054
8.48013
7.83117
4.72694
7.46363
6.97673
5.01259
5.52189
8.31576
10.7922
8.45873
7.07772
6.27115
6.30879
9.3273
9.46334
10.7772
10.6644
5.5135
7.99504
5.55757
6.29864
5.78108
9.33112
6.74843
8.03086
7.39181
6.59575
7.05933
7.35408
6.16309
6.62545
9.7868
7.64295
11.1396
8.97115
11.3379
5.39948
9.17844
6.97298
5.57015
7.63337
6.14167
7.63373
9.12928
6.75335
6.66699
9.53935
9.99141
9.38147
7.69182
6.44945
8.56757
7.62592
8.37693
7.39133
7.32422
12.869
7.76699
6.22703
7.36784
10.7047
8.45413
8.52493
10.0867
5.99017
7.60183
8.11866
6.04479
8.9035
5.89119
6.67321
7.57158
5.50261
6.87305
6.26874
7.04015
8.09905
7.66126
7.61426
6.55645
7.10817
8.47658
8.30324
6.19974
7.83572
6.8073
7.01696
10.5323
8.91244
4.45568
8.24672
5.66722
7.08594
7.82276
6.28241
8.80245
7.58986
5.66057
9.34006
6.90007
7.22054
6.8118
4.68477
6.45365
5.10422
9.22604
8.39783
10.0325
7.38611
8.18506
6.14937
8.35188
11.0168
8.8084
6.94567
5.99913
6.88265
8.14509
8.86923
7.72782
6.49771
7.13616
8.71193
5.80885
7.7402
7.05608
7.13431
7.03753
9.98443
10.0547
7.4685
8.92199
6.94723
8.55946
10.247
5.64723
7.04375
8.72157
6.0327
8.82853
8.34034
5.56378
7.96522
7.53276
6.23079
7.27249
8.73716
9.06759
5.5794
8.08649
9.2764
8.86651
9.45182
7.66007
9.19725
8.08656
10.4968
9.4931
6.57559
10.264
7.43977
7.06164
10.0523
7.99703
6.57339
8.32601
8.9083
6.43317
6.08109
9.33233
8.45754
5.3659
9.72274
5.97395
6.78362
7.61833
6.36333
8.19806
7.70249
9.14107
8.63607
8.27035
7.25401
8.95198
8.31741
10.6465
7.89774
6.80901
8.40124
6.74349
7.37807
9.5209
6.00012
7.71199
8.37832
7.7324
8.93087
9.20585
11.302
6.98114
7.70961
7.9412
6.56575
8.19644
7.22984
7.18858
10.8874
6.86022
7.67019
6.3858
6.50191
7.24096
9.0343
8.63365
8.72407
8.60412
8.98827
11.0354
8.77717
7.72523
5.91934
6.44603
8.85762
5.64185
7.24325
7.2942
9.48727
6.78564
6.83906
9.60575
9.65306
11.8144
9.01209
8.70248
10.2635
10.3521
38.7714
11.4309
8.22766
12.5745
10.4687
13.2954
8.02911
6.91855
6.33701
6.61631
8.33738
8.56395
7.94999
7.60863
6.21352
5.99387
9.0167
6.48215
7.14839
11.4727
7.54606
9.89425
10.3998
5.56512
8.98397
6.57358
4.79845
7.78834
8.07706
8.82461
8.14013
9.38641
8.52805
5.11912
5.944
9.02549
7.10733
5.70811
8.84625
6.72008
7.31756
6.05347
9.437
6.46539
6.48674
9.97316
11.7216
9.74054
8.00299
5.50644
7.03176
7.47433
8.65798
7.51194
7.09265
11.1269
10.2281
10.5176
9.8687
7.20151
10.4679
9.94164
6.58225
5.98084
7.70856
9.16618
6.32091
8.06107
8.08606
7.84253
12.2316
9.29748
7.7445
8.13102
8.13135
6.71019
7.07367
8.34154
12.7104
6.17432
5.14932
8.26937
7.09719
9.27295
8.82121
9.68931
7.95924
10.6103
11.3681
6.94138
6.50832
10.684
9.30012
9.98574
11.3066
8.91215
6.02267
7.80397
8.83622
8.42345
7.77058
7.82649
7.27368
8.9437
10.2124
4.39604
8.48142
7.69268
6.38544
6.43829
6.61309
9.89375
9.05925
6.62571
9.9283
5.96782
5.56783
8.06468
10.7987
6.42538
11.2929
10.4249
10.7943
7.22221
8.70834
9.65745
8.64786
6.92971
5.50678
7.81705
5.72564
7.75192
7.44057
8.85472
6.70606
7.71073
6.54912
5.81445
7.33621
6.83077
8.08632
6.13011
8.33573
7.77725
10.8985
8.39815
6.70133
10.4669
8.13187
6.2863
12.0736
6.20755
6.09678
6.7356
10.6056
8.22603
8.41751
8.40052
6.52498
7.46759
6.08233
5.90619
9.15697
7.23937
7.89268
5.00202
7.54987
7.72968
7.61358
6.20184
8.0883
8.78949
11.7226
9.36796
5.98117
9.07947
8.24485
6.62004
7.60931
6.76323
10.4672
9.6739
15.1569
5.28873
11.5499
21.155
9.34854
6.19124
11.7137
5.94734
5.44582
11.744
7.19894
8.78096
9.02209
6.86456
7.39842
7.21803
8.86779
8.87107
8.45915
8.76166
9.29767
17.6443
8.17913
6.86937
7.69349
6.99639
9.95177
6.99344
9.07084
10.7953
7.45731
7.62519
6.36462
7.7315
4.65101
8.39516
13.6733
8.86659
8.14898
7.05922
7.40114
6.75883
7.79544
13.2878
12.6421
10.8235
9.99127
8.31012
8.41215
8.21879
7.08586
8.33483
11.505
7.73951
8.41414
10.0394
8.2848
6.49119
7.52524
10.1718
11.2379
11.0981
8.25974
10.6382
12.4786
8.56522
6.83082
7.75553
9.01196
6.73456
7.63607
6.71129
8.84132
7.61984
8.02429
7.50165
5.23485
7.26274
8.48822
8.74831
5.51361
8.42907
6.49972
10.2651
10.1239
12.9597
6.17059
7.27614
9.24652
9.72996
4.8205
7.10292
6.09723
9.69252
6.65201
5.45111
6.93217
7.13259
9.21453
6.7236
6.84739
7.37672
9.25925
9.5503
7.23155
7.42507
8.99488
8.97021
6.64835
6.38348
9.34247
10.792
10.9118
11.2161
6.447
8.01432
7.8702
7.84477
8.31355
7.78827
8.85133
7.49644
6.37584
7.5627
6.17477
6.98865
13.8664
7.83528
9.87689
6.97292
8.27113
10.6516
8.16882
6.95062
8.56625
8.728
10.4476
10.8457
7.68737
6.03572
8.84228
7.58287
8.24332
10.1979
7.23805
6.83602
5.75392
6.4885
9.85881
7.58413
6.36905
6.50774
7.28178
6.35427
9.67692
6.86764
7.40655
10.6914
7.54577
5.06619
7.24683
7.94683
8.00327
6.98175
6.35813
7.20948
8.86184
9.64908
7.30261
5.77165
6.93444
10.4597
7.399
6.27989
10.3162
11.6036
7.43495
6.98441
7.3215
9.64528
6.56224
9.71694
8.96017
8.04075
5.78711
8.33862
8.01825
8.72673
13.7623
15.2141
9.65669
7.40707
6.60113
9.72881
6.10265
7.01871
7.07635
10.6892
6.06573
7.53711
6.58035
9.49858
8.84448
7.56233
7.34966
4.85731
8.54877
10.866
7.97048
7.79609
7.44794
7.90481
11.5007
7.96683
10.9478
7.57018
7.45155
6.39286
8.27532
8.81407
15.2272
8.89857
9.86294
11.4396
9.266
6.73646
8.94196
9.22952
8.77709
7.53303
7.49469
7.40867
6.89511
7.56286
9.96436
6.59763
8.78511
11.7353
11.2562
9.89766
9.44883
9.98577
7.93446
6.22549
7.64107
4.65484
10.3564
8.88177
7.73297
6.63099
9.1971
9.71464
10.3998
6.52169
8.41093
6.73517
7.86396
6.09143
10.9621
6.7972
6.19493
7.3161
9.73617
5.84631
8.49185
8.51516
6.23803
6.39198
6.4145
7.4156
7.97914
5.38076
6.66986
5.5976
6.62272
8.47662
8.45244
8.08498
7.41756
6.77149
6.71418
6.48836
8.9015
6.7562
7.56711
4.59062
5.1517
6.59709
5.91775
8.65677
9.86055
8.50405
8.99435
6.92641
6.7046
12.215
9.12721
10.0087
8.58533
11.0136
10.4692
9.67145
9.04882
7.53236
9.34074
10.989
7.80575
6.53935
7.39182
5.44069
9.8949
7.2763
8.98966
7.5123
9.41594
11.4147
8.73465
12.9875
11.617
9.71068
8.73171
10.1472
8.22295
8.75385
8.03253
8.37741
6.24076
10.6856
10.016
7.91966
6.46667
11.2531
6.21443
8.59756
8.89712
8.65483
5.97836
8.93329
11.53
13.4101
8.07155
8.96395
8.40191
7.65316
6.1462
9.29498
10.9868
9.45594
10.5353
8.07555
8.91067
8.32582
7.57545
9.62976
10.7876
9.48338
9.24137
9.34439
10.0931
13.2755
9.46388
8.85366
6.88567
10.7857
7.76234
8.05475
8.26974
8.99015
6.37631
5.77625
17.2016
7.35698
9.70734
8.0548
6.38748
6.14919
9.56739
7.63423
8.84976
12.1483
10.861
14.4708
12.241
11.5215
11.6581
9.74551
11.5702
9.0219
9.39432
11.4849
14.9945
11.5605
10.1237
12.4257
10.9247
12.1377
10.4213
10.1728
8.765
7.13727
11.0444
8.86438
9.00038
6.64672
10.4786
9.33902
9.46441
8.01145
6.6901
----------------
insert (avg): 8.29626
----------------
----- init -----
13.3503
----------------
init (avg): 13.3503
----------------
----- commit -----
2037.13
----------------
commit (avg): 2037.13
----------------
# Loading records:	1000
skipping run
