parsing config file ./lvconfig38.conf
parsing done
<<<< begin once 
<<<<< redos: 0 >>>>>
<<<< commit once 
----- insert -----
4.215
3.66055
3.61804
3.53446
3.45816
3.6352
3.74547
3.5379
3.99714
3.95768
3.65372
3.90789
3.37647
3.66478
3.45541
3.5838
3.8865
3.84404
3.90479
3.69271
3.56671
3.50316
3.42627
3.43622
3.73004
3.6354
3.56153
3.62528
3.4189
3.74902
3.5254
3.56182
3.71408
3.76358
3.68425
3.68403
3.73602
3.75382
3.80817
3.97663
3.59144
3.49963
3.63846
3.57536
3.83506
3.51577
4.31359
3.63135
3.77718
3.69161
3.9802
3.74762
3.82289
3.70195
3.76743
3.5601
3.44832
3.85592
4.0622
3.96509
3.55625
3.88825
3.56969
3.33218
3.43275
3.80589
4.01523
3.61784
3.45924
3.58407
3.82284
3.53101
3.43825
3.49954
3.83051
3.97337
3.63266
4.18681
4.17344
3.64463
4.50206
4.08934
3.8433
3.84439
3.92846
4.49403
3.54744
3.80904
3.56841
3.5489
3.8741
3.7144
3.25854
3.83302
4.49635
4.68759
3.93061
4.3447
3.50629
3.76067
3.85276
3.45955
3.63872
4.36921
3.87462
4.57876
4.47039
3.87407
5.01057
3.98786
3.98687
3.4934
3.60682
3.90475
3.85632
3.96864
4.30481
3.83393
3.92812
3.97912
3.94896
3.57304
3.82384
4.2909
3.92529
4.16123
4.8833
3.64807
3.82289
3.88846
3.80889
3.92894
3.76125
3.63849
3.95513
3.65145
3.75448
3.88653
4.0472
3.61605
4.1397
3.86032
4.54505
3.86871
3.8763
3.94496
4.51257
3.80568
3.41581
3.3946
3.56021
3.77818
3.95311
4.01393
3.79785
3.84745
3.97016
3.8898
4.02332
4.22968
3.87382
4.18306
3.96829
3.91435
3.92337
4.02647
3.62663
5.04364
3.94834
3.77033
3.72377
4.45565
3.73132
4.07793
3.74601
4.01464
4.72084
3.73363
3.38997
3.87356
3.85067
3.5711
3.6916
3.7548
3.69838
3.46022
3.825
3.61917
3.79758
3.78618
4.02967
3.90707
4.03701
4.21556
3.93354
3.80057
3.78667
3.70993
3.60108
3.60371
4.17207
3.87908
3.8956
3.95109
4.03117
4.00636
3.96292
4.30559
3.79835
3.97391
5.59905
4.03089
4.02895
4.11153
3.76407
4.01095
4.26896
3.98071
3.42848
3.64606
3.72466
3.8888
3.84926
3.65202
3.7421
3.90872
3.5736
3.88951
4.01438
3.95469
3.75766
3.79932
3.97221
4.31849
3.63524
3.41758
3.53877
4.05398
3.76611
4.19172
4.18074
3.85539
3.99104
3.50909
3.55101
3.45837
3.77269
3.79036
3.84113
3.87391
4.52078
3.74217
3.71749
3.58141
3.50514
3.44576
3.85448
3.43172
3.38429
3.94045
3.72549
3.87242
3.51294
3.67515
8.23845
3.71421
3.58651
3.8657
3.93059
3.59405
3.78588
3.59988
3.4944
3.56096
3.43105
3.70861
3.62177
3.77
3.84461
3.30997
3.30011
3.16054
3.30735
3.43298
3.7873
3.50353
3.68599
3.54874
3.49022
3.22623
4.1201
3.54973
3.57237
3.75023
3.43959
3.43065
3.7232
3.35532
3.47148
3.53218
3.72932
3.38779
3.37098
3.3813
3.7707
3.5822
3.75122
3.54003
3.30467
3.34216
3.62083
3.46953
4.07732
3.54966
3.57411
3.41072
4.13125
3.53579
3.46428
3.36593
3.49106
3.46587
3.5604
3.45706
3.46218
3.60089
3.70906
3.47052
3.69046
3.482
3.44796
3.81828
3.99232
3.43285
3.94707
3.6574
3.57455
3.24314
3.40119
3.51162
3.48148
3.8971
3.37592
3.84929
3.75878
3.30496
3.42891
7.07936
3.61377
3.77164
3.4963
3.65379
3.22135
3.58528
3.92792
3.49145
3.61204
3.36988
3.27156
3.75125
3.37531
3.59883
3.50465
3.57544
3.56744
3.57218
3.90177
3.58616
3.45465
3.6203
3.8601
3.47485
3.41174
3.37136
3.47675
3.56582
3.63071
3.70343
3.37656
3.60172
3.35704
3.94092
3.54929
3.62771
3.58467
3.80251
3.57315
3.40054
3.57884
3.23285
3.55724
3.48441
4.05147
3.88457
3.65394
3.32488
3.27418
3.45105
3.69842
3.5729
3.76861
3.67992
3.5622
3.53736
3.85836
3.90428
3.53189
3.38402
3.66602
3.61563
3.3337
3.53469
3.69796
3.67155
3.58091
3.537
3.30344
3.42154
3.67709
3.64364
3.74367
3.61356
3.50596
3.66692
3.63135
3.8221
3.85201
3.79361
3.37024
3.56505
3.23859
3.55753
4.08017
3.41904
3.29534
3.69853
3.5254
3.29249
3.48302
3.36945
3.6393
3.56731
3.35091
3.74893
3.47616
3.74557
3.82354
3.49244
3.3512
3.82375
3.69076
3.68183
3.70114
3.38965
3.48585
4.07368
3.56838
3.67177
3.6335
3.76801
3.54759
3.47334
3.69653
3.76298
3.57815
3.48424
3.53028
3.57739
3.62021
3.6619
3.84758
3.76436
3.53059
3.55185
3.68066
3.28057
3.8272
3.60929
3.37462
3.57702
3.32688
3.47991
3.68798
3.8186
3.58276
3.4302
3.61933
3.5232
3.57247
3.54358
3.53368
3.60575
3.71168
3.73787
4.43745
3.6107
3.71755
3.75153
3.75669
3.6922
3.87776
3.83746
3.70908
3.73468
3.79677
3.6667
3.38693
3.53945
3.37785
3.67612
3.70761
3.66864
3.55197
3.65064
3.34789
3.83317
3.7422
3.60564
3.59542
3.32428
3.44571
3.73201
3.55075
3.59991
3.81914
3.52284
3.73919
3.80663
3.88596
3.67232
3.93256
3.81292
3.69897
3.80376
3.52088
3.32765
3.40562
3.87922
3.89541
3.58994
3.76383
3.77953
3.61212
3.57721
3.60771
3.41075
3.6768
3.64665
3.51556
3.50007
3.68043
3.86057
3.53156
3.80252
3.5983
3.75714
3.63148
3.6141
3.55986
3.73299
3.78858
3.36363
3.38631
3.32732
3.71088
3.64416
3.70831
3.5794
3.39539
3.71261
3.76024
3.65566
3.91293
3.48944
3.75994
3.49041
3.7244
3.73014
3.59508
3.80111
3.30776
3.57073
3.42506
3.43172
3.5139
3.87766
3.80341
3.62311
3.54412
3.3194
3.87466
3.51634
3.64831
3.74282
3.7215
3.54494
3.6417
3.47405
3.39895
3.77024
3.54095
3.41175
3.7368
3.70193
3.6514
3.72553
3.82089
3.96241
3.45138
3.63
3.56369
3.77142
3.78436
3.92661
3.81665
3.62296
3.80644
3.79626
3.80467
4.0255
3.79174
3.95007
3.85458
3.56906
3.41302
3.72072
3.59383
3.29953
3.9429
3.81142
3.34083
3.49761
3.53757
3.34878
3.69783
3.50773
3.3773
3.78506
3.90414
3.94289
3.64428
3.81384
3.59431
3.55151
3.66901
3.8805
3.60141
3.46419
3.77112
3.61299
3.56795
3.83469
3.44654
3.5539
3.70473
3.9773
3.45897
3.61579
3.52815
3.93205
3.79986
3.71229
3.68845
4.37933
3.67455
3.63071
3.81032
3.93976
3.66801
3.86385
3.75535
3.63105
3.82427
3.33853
3.40131
3.85069
3.73434
3.8127
3.68586
3.61459
3.54819
3.65676
6.94979
4.03929
4.32034
3.99626
3.99109
4.00293
3.73041
3.75147
3.90033
3.72614
3.81302
3.93442
3.90939
4.15168
4.22133
4.09125
4.00112
3.75635
3.7058
3.81857
3.88357
3.89788
3.67893
3.74208
3.75
3.63975
3.68218
4.26546
3.80156
3.86244
4.06673
3.64919
3.71891
3.67784
3.9418
3.91851
3.54187
3.73955
3.61882
4.00623
3.91002
3.74146
3.62706
4.17442
3.89292
3.66023
3.87492
4.02922
3.61062
3.8114
3.86492
3.64108
3.73731
3.6862
3.61393
3.94058
3.80875
3.63503
3.84197
3.67843
3.81534
3.59235
4.10761
3.57177
3.8153
3.941
3.67877
3.73514
4.09788
4.40145
4.22757
3.9032
3.43823
3.68445
3.5087
3.58816
3.47707
3.37162
3.81326
3.78042
3.74646
3.84755
3.6216
3.60129
3.59326
3.56778
3.93249
3.80886
4.03884
3.90166
3.61219
4.21714
3.68339
3.97857
4.03004
3.4931
3.73008
3.83235
3.75757
3.73968
3.7281
3.55137
3.61266
3.55647
3.80694
4.09602
4.38413
3.85895
3.67498
4.27499
3.97736
3.86445
3.91396
4.20033
3.84237
3.79494
3.78148
3.88665
3.84202
3.893
3.6378
3.60002
3.92808
4.09148
4.08233
3.82829
4.03639
3.551
3.74796
4.10609
3.97335
3.74892
3.53315
3.69301
3.61154
3.54625
3.89118
3.77485
4.1488
3.90114
3.70028
3.76934
3.70489
3.78281
3.99972
3.63991
3.8581
3.97837
4.05119
3.87868
3.78552
4.09371
4.07551
3.80123
3.8781
3.80174
4.04621
4.21475
4.01923
4.35234
4.30534
3.86681
3.7475
4.02112
4.24358
3.88084
3.88746
3.45209
4.15544
4.03238
3.71262
3.86245
4.29024
3.89051
3.80695
4.00777
4.32611
3.74896
4.39716
4.54391
4.0201
4.14579
3.84899
4.00728
3.63032
3.64776
3.94677
3.8523
3.80784
4.06021
3.977
3.82893
3.96717
4.08787
4.08811
4.01605
4.10584
3.80103
4.42282
4.10834
4.02596
3.88277
3.82472
3.62574
4.14224
4.09318
4.1425
3.91002
3.97153
3.95238
3.99461
4.01338
4.27382
4.15167
4.2527
4.26636
4.55381
4.47328
4.12028
4.32767
4.25236
4.18527
4.09168
4.03061
4.21803
3.76224
3.79312
3.95843
4.65762
4.33871
3.93443
3.9227
4.8057
4.21213
4.12852
4.0146
3.70752
4.00814
4.06633
3.87522
4.07709
3.77452
4.12978
3.84226
3.65963
4.1501
4.00662
3.94614
4.07858
4.02063
3.90155
3.78114
4.17816
3.85326
3.70519
4.08762
3.69122
3.89484
3.88607
3.73508
3.83432
3.90034
4.02554
4.39743
3.99184
3.8067
3.97335
3.74983
3.84462
4.12724
4.03803
3.8056
3.93295
3.9023
4.01804
4.05315
4.00878
4.03893
4.13467
3.52049
4.20667
3.99756
3.76558
3.85655
4.0178
3.83502
3.91499
3.99408
4.01439
3.97133
3.92993
4.03311
3.66112
3.91483
3.92589
3.54303
3.81664
3.81479
3.95109
4.05877
4.22201
3.96214
3.92857
3.78677
3.64062
4.25589
4.15723
3.78233
3.99396
3.85372
4.21471
3.99754
3.8559
3.81279
3.88876
4.01894
3.82536
3.85247
----------------
insert (avg): 3.7828
----------------
----- init -----
10.5049
----------------
init (avg): 10.5049
----------------
----- commit -----
1148.31
----------------
commit (avg): 1148.31
----------------
# Loading records:	1000
skipping run
