parsing config file ./lvconfig22.conf
parsing done
<<<< begin once 
<<<<< redos: 0 >>>>>
<<<< commit once 
----- insert -----
6.20096
4.9689
6.74984
6.30504
6.84568
5.39756
5.81567
5.60126
5.00533
5.29517
4.88773
3.85008
5.66848
4.46246
4.85409
4.46702
4.44003
5.32461
5.06958
5.8374
6.59329
7.34657
9.24116
7.56138
5.17863
6.46302
5.39756
5.169
5.93297
4.49376
6.62313
4.9794
6.41062
6.16428
5.04767
5.78385
4.917
4.87354
4.48522
7.1223
4.98396
5.88788
6.67483
6.66478
5.44377
6.52357
4.92471
5.12222
4.8686
6.32361
6.94449
7.48487
7.15229
8.54239
6.62026
6.95509
15.5895
7.2357
5.15519
8.44405
7.89593
5.40703
8.35613
5.93472
6.50097
6.76738
8.72286
7.7654
7.03198
7.3931
7.45042
10.6513
8.81482
7.7118
6.60437
6.79913
9.10619
6.96028
8.00673
6.9719
7.21085
6.63752
9.69964
9.52285
10.5216
6.49894
8.846
7.52783
11.0408
9.10338
5.7759
9.06696
7.6579
5.04926
8.29267
8.45822
9.06275
9.98062
7.49277
9.30757
5.64841
9.64992
8.27456
10.8415
8.59392
8.49956
10.0206
9.1744
7.65387
8.52806
7.81296
5.32847
9.0715
5.42879
8.31839
6.30292
7.68347
5.95169
8.38921
9.67583
9.32184
6.95866
9.17681
8.59772
27.1406
17.8501
6.50567
23.7264
8.24241
11.6762
8.31231
11.0639
10.707
8.27492
8.92925
7.8591
9.15966
7.52868
5.37402
10.4554
7.47043
8.96814
11.3989
5.95052
7.37984
7.64127
6.53908
7.39439
10.5202
11.8888
6.89092
6.13358
6.97999
7.39691
7.23582
7.3887
9.42878
8.4971
6.95474
7.24145
10.2914
7.33429
8.94509
6.18384
7.76893
8.5251
5.90796
6.56596
5.04297
8.49159
8.8131
7.78504
6.02353
9.03912
9.04146
6.29165
8.09298
8.72555
7.39395
6.37309
7.35772
9.04734
6.86182
7.02084
7.99987
8.68467
9.08397
6.57763
13.0484
6.24461
10.4892
8.0068
5.52162
8.29782
6.42877
6.16284
6.41261
8.54228
9.2086
7.66506
6.7124
6.13232
9.14992
7.00858
6.14439
7.06532
7.19076
8.56076
9.77761
6.36831
5.49686
7.69095
4.93893
7.41951
9.62401
6.1412
7.59602
9.30595
8.02781
10.7948
6.95802
9.48323
9.37337
8.56004
13.3597
6.71232
9.54667
6.55147
5.46212
7.78774
7.87452
5.86533
11.9634
11.9715
9.60741
5.93902
4.68997
6.75268
6.68511
7.14795
8.36264
8.18178
6.46947
8.17817
6.93633
7.69231
7.53965
8.98677
5.98784
5.72877
8.77628
8.29993
7.18923
7.27658
5.93808
6.18544
5.90219
6.01112
7.98844
8.20023
12.4373
4.51976
8.3676
12.399
5.37506
7.58287
5.98904
5.73864
8.67845
6.12154
7.45338
8.45798
7.69345
7.30255
8.21709
6.77164
8.28357
9.43833
4.94702
5.06122
9.27233
5.266
6.71827
7.93362
8.11237
7.37329
7.58439
8.80618
8.84475
9.21154
7.11946
6.69942
6.8401
10.2959
7.04538
8.01953
8.47828
6.06743
8.7121
7.37141
8.47575
7.98059
7.18154
6.01297
6.16494
5.65288
4.86747
7.17408
6.74257
6.20755
5.61251
11.5546
8.80289
9.75435
9.49921
5.4325
9.35295
7.44516
6.53568
7.378
6.21589
10.6118
7.74724
7.75129
5.40813
8.02094
6.53695
7.7327
8.32706
5.47877
7.67397
8.1455
6.26658
5.6603
10.227
13.7386
9.85338
5.9518
7.2659
6.13807
7.10572
10.3978
6.16945
8.5824
5.04049
6.64877
9.73467
6.15141
7.09172
7.01348
7.2245
7.2148
8.69305
7.31169
5.99322
11.3863
7.66636
9.1764
10.849
9.10456
8.7305
7.02875
7.6342
8.10301
7.58541
6.6381
5.35725
8.28149
7.77963
7.47122
9.63331
4.90458
7.79059
5.7035
8.26121
8.3819
7.2781
8.56715
11.2404
7.52466
7.23482
8.26827
5.28822
7.67488
8.37531
8.28153
7.2124
7.26783
9.14834
6.9008
7.43359
6.81243
6.02833
7.42641
5.82323
7.35112
8.49037
6.08283
8.25823
8.23602
8.95734
8.56019
7.12261
7.89868
5.91518
9.85029
6.03438
6.75331
8.85883
7.83748
7.60321
5.36501
8.34609
9.95983
6.68564
9.2627
7.93349
8.95778
10.5239
6.3725
9.72777
10.3521
7.15008
7.77751
7.89105
7.14487
8.37778
9.62662
8.89713
7.59983
4.97231
9.30477
7.16919
7.73548
6.64574
5.77816
8.04322
8.41462
6.46567
6.89121
6.55281
7.52643
6.4938
7.92624
9.7929
7.84251
8.51523
9.57595
8.46148
7.36392
6.26709
6.94284
9.51693
6.40948
8.81898
7.2891
6.29458
8.49724
8.05775
5.94793
6.44654
6.97165
10.1896
10.2622
8.74178
10.7009
5.44696
6.69226
38.1599
7.69574
9.26371
9.4148
11.9814
11.3865
12.4439
7.52744
6.3359
7.57863
8.79699
7.14339
7.71143
8.22181
7.77784
8.06598
9.60743
8.40776
6.57194
6.44089
6.77309
12.5132
5.70954
6.34832
8.24032
8.2234
9.2442
7.69505
6.56413
8.47976
6.98102
7.78024
5.15393
5.57465
8.65825
5.90086
6.1601
6.86339
6.77848
5.91625
8.60449
6.47669
8.24464
8.11023
7.26564
5.1054
7.75933
10.908
9.26528
6.08437
6.99633
6.2215
5.77059
7.1285
7.74643
7.21497
10.2648
6.92758
7.83445
10.1024
11.1054
9.07678
6.82904
8.87089
7.68256
7.57022
7.51708
8.19968
10.5818
7.36624
7.24999
7.733
7.98121
10.9098
5.04788
5.80403
7.34125
7.30682
7.07109
7.43601
8.66467
8.03774
11.2011
5.0374
6.37371
9.47166
5.37773
7.33829
7.32774
9.21928
9.81863
11.0515
9.74597
6.87612
7.21386
5.87831
10.8809
7.91021
9.3395
8.95787
12.179
10.0238
12.5893
7.71697
7.93071
6.04844
6.76123
7.4556
7.85286
7.08777
5.33151
7.21789
8.96659
6.49613
9.22612
6.3973
7.05578
7.07535
5.82711
10.7799
9.59485
6.75155
10.5114
4.66768
9.6255
9.35097
7.54704
5.74769
6.08841
8.17144
7.57012
6.99369
7.46844
8.8376
6.08979
7.24909
5.90565
8.14526
6.27623
5.70157
9.4175
7.31205
9.43873
6.66615
6.89528
10.5077
6.00868
8.5783
10.3253
7.11855
10.1556
10.6498
10.9718
7.87427
8.19509
7.96296
7.55363
10.2064
10.0928
8.57583
7.22686
7.74703
9.55983
9.1783
8.87016
6.08102
5.85541
6.92307
6.16683
5.66852
5.33623
8.0064
7.59253
6.63117
12.024
8.27999
9.6844
6.1402
6.26544
11.3027
11.1389
9.71289
6.98129
8.20134
6.95135
8.69404
15.6373
5.21429
6.46722
9.394
22.2718
5.22072
9.36441
8.46938
8.41684
5.58521
6.85603
6.25346
6.85605
9.42622
9.07634
8.43581
6.41625
9.88205
7.82087
8.11602
6.60204
7.49529
9.0237
15.722
7.92573
8.74502
10.3577
7.37
7.90949
7.61187
8.85975
6.75144
7.45747
9.67217
5.99953
8.33704
9.46169
12.0625
8.4447
8.38096
8.10557
6.55327
7.53715
10.1026
12.8595
12.4282
10.2669
10.6381
8.08949
7.56547
9.91468
7.61317
7.7839
10.0265
8.14836
8.43549
9.68975
6.95118
6.51502
9.60272
10.2955
13.4842
16.2616
10.985
13.5138
7.49714
6.41104
8.73281
6.37713
8.63205
7.73126
6.07092
7.86191
9.72111
11.4054
8.27529
7.91416
8.28111
8.95423
8.7755
7.18856
9.89687
8.13308
7.5838
11.4556
8.76371
8.16295
11.2407
7.89324
8.44465
7.84065
8.38105
8.06662
8.43407
7.05253
7.10375
7.33031
10.1081
5.61066
11.6759
9.69431
9.60091
8.4016
14.1088
6.85079
5.31497
6.4406
11.4693
12.1904
8.34058
10.0013
9.40834
7.59585
6.93351
8.12904
8.59518
7.63488
5.68995
5.80999
7.93438
7.18504
9.0168
7.11839
7.34203
8.54131
8.88863
7.69493
8.33365
7.39256
6.17396
6.80779
10.4712
8.37841
7.98947
11.157
7.68338
10.4238
9.65814
7.4785
9.06892
8.85511
9.58766
10.01
7.69646
9.79167
6.43167
7.40777
7.38214
8.45847
6.04953
9.44557
5.91934
7.4464
11.8685
6.31388
7.13332
6.23368
7.00562
9.53035
8.77791
9.57925
9.44992
9.14805
8.30081
5.79147
5.5386
10.6806
8.46009
5.04902
9.04229
8.58627
8.97523
9.19764
9.50437
8.85233
10.9186
9.22078
6.58136
8.01765
5.82618
6.84149
8.66909
8.79621
10.5549
17.629
7.25458
4.99631
11.0161
8.34995
6.7674
7.74862
7.64699
10.5803
10.4557
7.36037
6.92241
8.64772
6.11921
8.71425
9.51219
6.96095
8.6203
7.54125
7.94155
8.46159
7.97685
11.1033
6.35718
7.4773
9.19839
9.98745
5.63461
5.28628
9.01805
8.12477
8.86437
11.3674
5.9714
7.95146
11.6102
10.8916
10.4767
7.88847
6.00005
7.42146
6.60501
6.83671
6.48906
10.746
5.63681
8.31121
8.00309
5.67867
7.11816
17.0598
7.48334
6.11811
7.62435
11.7482
9.08493
6.71088
5.44237
10.4855
6.10384
7.80574
5.51182
7.18988
8.21675
5.79737
9.67377
8.71014
8.83235
8.00896
7.35519
7.33065
8.42963
8.33133
7.96339
8.49399
8.49433
6.35148
8.14333
7.15491
8.84823
7.81253
9.28123
8.13772
7.06856
8.65812
7.66343
6.52014
8.35088
9.53726
8.79853
8.10283
6.32558
8.71401
8.57686
6.64147
7.43142
5.23947
7.0371
8.4534
6.73376
14.4692
7.73881
8.85628
7.68431
6.04299
6.75267
10.4898
8.68762
7.52478
6.08368
8.17864
8.29584
9.07471
6.66547
8.59173
11.7822
5.68004
10.1343
8.10932
6.39591
7.45309
7.98778
7.34387
9.4994
7.62345
7.7497
9.75241
9.72249
8.18293
13.6082
12.4385
8.24775
6.50937
8.051
8.93196
7.2737
11.7069
5.56896
6.07773
9.12293
11.7679
9.50518
7.74991
7.12426
10.3292
8.31947
11.0345
8.86916
6.03625
7.19575
6.59113
9.26826
12.2105
8.11188
7.34448
9.19584
7.16897
8.99394
7.17528
10.8915
9.16197
10.2576
----------------
insert (avg): 8.03955
----------------
----- init -----
9.77979
----------------
init (avg): 9.77979
----------------
----- commit -----
2530.22
----------------
commit (avg): 2530.22
----------------
# Loading records:	1000
skipping run
