parsing config file ./lvconfig27.conf
parsing done
<<<< begin once 
<<<<< redos: 0 >>>>>
<<<< commit once 
----- insert -----
4.6009
3.92283
3.75034
4.21214
3.75364
3.66984
3.6672
3.70003
3.63358
3.73637
3.59311
3.76126
3.57497
3.85108
3.75405
3.89335
3.67268
3.59654
3.77304
3.64207
3.68073
3.72451
3.60192
3.75499
3.81704
4.28028
3.99897
3.78981
4.10355
3.71387
3.98346
3.47155
3.8746
3.60367
4.08146
3.77629
4.10559
3.96869
4.11822
3.84648
4.06112
4.28186
3.84614
3.86377
4.24183
3.69303
3.87133
4.04762
3.84172
4.15307
4.51747
3.55448
3.81636
3.44845
3.87432
3.82007
10.1469
5.66184
4.40538
4.6033
5.04149
4.89309
4.56134
5.22179
5.12048
5.27883
4.72612
4.07643
4.27704
5.03853
4.73684
5.52185
6.35812
6.03076
5.59024
4.19003
4.72017
5.70277
4.94098
6.76529
4.79341
4.59631
4.30109
4.63023
6.47257
6.13018
5.10497
4.72021
5.76637
5.29717
4.90946
5.24004
4.79875
4.24341
4.63815
4.4442
3.85919
4.53982
6.7763
7.03943
9.88584
8.64009
4.32425
5.15964
4.79611
4.33977
6.12157
6.56745
7.32601
6.36843
6.14098
4.83352
4.26113
3.90423
4.65693
5.20007
5.5977
6.40359
5.05895
4.90953
3.88829
5.43819
6.43579
5.39954
4.71851
4.89661
5.38238
5.24446
4.71474
4.34762
5.21437
5.52135
5.88845
4.12578
7.7585
7.77875
8.72445
11.8576
6.30617
7.27349
9.36278
7.68471
7.62209
6.84602
5.69455
5.60105
6.65899
8.52161
8.71047
6.84054
6.92663
7.85045
13.6467
8.69563
5.71238
7.26812
5.42799
8.06996
7.08347
7.27849
5.96681
7.43357
8.30479
10.7977
8.24581
10.1927
10.6118
8.4722
6.11166
8.98533
6.99389
7.7261
8.78491
8.01087
5.41551
7.30039
9.00038
9.25959
12.6382
9.08762
9.61998
7.06494
6.08552
6.80967
5.46671
9.11697
7.63383
12.3211
5.96149
9.91112
9.49191
8.3796
6.40914
9.46374
5.84353
7.89337
8.05315
7.93832
8.12814
7.99871
7.01713
7.58918
7.57493
5.55418
9.06619
30.2795
17.9535
6.61157
23.4671
8.3755
11.5615
8.83687
11.3392
9.23917
8.38682
7.75816
5.55339
7.5094
10.4275
7.78412
8.01928
8.49736
8.04147
6.32212
8.33392
6.02007
12.512
6.66173
6.2252
9.28844
7.59169
10.1753
7.05406
8.76178
6.26353
6.16495
7.75923
12.9738
8.11957
8.02406
7.91219
9.7662
7.66097
7.90716
7.21729
7.72536
9.24431
10.0799
7.52549
7.26061
9.01749
6.77344
5.84122
9.0544
7.00671
8.38727
10.1408
7.82164
7.55328
6.68912
7.36071
7.56055
11.1082
6.54278
6.1773
6.56904
5.8278
5.56536
7.47732
10.882
5.66317
12.6742
10.3024
5.67668
7.82501
7.5317
8.05614
9.94688
8.00584
8.18374
8.14756
9.5891
6.39487
9.5085
7.53806
7.10046
8.02431
11.3296
6.65487
6.87039
9.86966
8.2881
9.01101
6.42585
7.00162
9.6979
7.26085
7.42189
10.4037
10.9285
8.90842
7.83696
13.2682
8.02316
9.29308
10.4985
8.86162
9.14567
5.14637
8.02986
6.56379
6.91351
11.212
7.58247
6.77875
4.80656
6.37989
6.49284
7.26463
8.02766
10.1934
8.02204
7.69454
9.08389
6.23048
9.2491
6.77184
9.61206
7.68358
6.81377
5.9484
7.20362
5.97924
6.74322
6.32375
8.26367
9.14849
14.8701
7.31356
6.46358
8.40226
4.7402
5.0254
9.57241
5.9255
7.69685
6.44439
7.30205
6.9206
8.92805
7.01632
9.4981
10.2048
5.49069
8.02806
8.02615
4.16087
6.94024
7.82553
6.56659
8.37474
12.56
7.49868
8.96954
8.95891
9.58972
9.29429
6.98779
6.44913
9.27587
6.1272
6.6058
6.19439
7.51654
8.18968
6.3284
5.9754
7.31233
10.0176
8.73478
8.47693
9.16942
7.47054
6.8512
7.03712
7.31528
8.44665
8.56815
9.5509
6.10487
8.44148
7.3102
6.7326
9.75945
6.49653
6.10591
5.108
7.06678
8.13442
6.86088
7.57511
6.46267
6.08088
6.81659
7.28062
6.0106
9.16522
8.34653
7.84617
6.80353
7.80274
13.0212
9.41125
7.64497
6.6296
8.41915
6.58932
8.49095
8.91456
6.2065
7.07923
6.52371
9.17895
6.01842
6.61773
8.01253
9.54579
11.3636
9.06136
8.41577
7.49479
6.77745
10.6458
10.3832
10.1718
7.46461
8.28868
8.85821
7.04373
5.49894
6.81434
9.06251
8.90142
7.74205
6.40079
7.29574
6.40908
6.15695
5.64665
7.93424
8.23145
7.09065
8.97237
11.1988
9.58875
8.0988
8.42037
9.86826
8.09911
8.85938
6.93237
7.39516
8.29524
7.0326
7.72513
7.01518
7.50327
6.88389
8.6771
6.00907
6.4436
6.39213
8.55183
7.1674
7.79108
9.03435
6.13622
5.96814
7.83325
6.4463
5.79769
7.85802
7.68821
6.57968
8.69878
8.53376
7.38011
10.2359
9.08961
6.05238
6.14616
10.922
8.87262
7.85525
8.23327
9.16489
7.45175
6.53522
6.63427
7.40692
7.32491
8.37667
5.67593
9.20875
7.10376
8.83563
9.03802
8.24528
6.06541
7.93785
6.20353
12.8717
5.61373
6.16382
7.17596
9.04369
5.6307
5.34949
7.45928
9.41344
7.92149
8.6465
9.3871
8.42855
9.52313
7.86654
6.74676
7.23828
5.91065
8.1236
6.99346
5.72124
9.2903
7.80196
12.6489
9.32245
7.32104
11.6572
7.91284
11.4647
7.21988
10.1565
38.7251
10.5156
9.86775
11.5939
11.5888
12.6933
7.98359
7.44122
5.45715
8.72173
6.59932
8.24934
7.28496
6.35332
6.94767
8.16931
8.65097
5.79604
7.15558
11.5574
7.72859
9.74313
6.64852
9.00829
8.2772
8.84339
7.32862
5.8864
7.34528
8.97757
8.00706
8.29463
8.87857
7.02307
8.22252
8.00458
7.56786
8.50003
6.0483
9.49401
6.61549
5.66999
8.13214
5.62188
6.71887
8.69925
9.57492
8.44685
5.25856
7.17942
8.58425
8.7567
8.69212
8.221
7.69995
8.50355
8.0571
6.19242
8.95841
7.86315
6.61414
10.798
6.40313
7.42649
6.90659
7.84816
6.29629
7.74892
8.16422
6.29369
12.8878
11.1493
6.10233
7.6022
7.86791
8.64084
7.54138
4.65771
6.23776
7.73414
11.144
5.69882
6.43121
8.70306
7.34434
8.84128
8.96424
8.16375
10.0746
5.96645
7.25847
10.2481
7.129
7.70801
10.3784
12.4495
10.3966
5.58005
9.28804
8.80428
9.68807
7.60527
7.65955
8.92195
7.40419
6.30277
7.41426
8.12153
5.39893
7.75289
7.98757
5.87339
6.93778
6.11666
10.1069
8.82249
8.47173
8.64532
8.76859
6.01079
10.7178
6.05382
6.76772
9.09136
10.3999
10.8959
7.55584
8.25983
7.41777
10.9489
6.21268
5.76512
13.367
8.70387
7.42114
8.63382
6.26668
4.95844
8.6709
6.93643
7.23087
10.5235
6.29184
8.33004
9.93205
7.36432
10.7486
9.86402
11.3793
8.8498
8.55426
10.1382
8.60715
6.76237
9.26759
7.75206
7.59852
8.46001
9.57538
7.19071
6.4891
6.39178
9.58091
7.61918
6.77753
5.22479
6.93739
9.11782
7.7872
8.67133
9.76037
8.48483
8.31209
7.71196
6.5233
9.89604
8.55341
7.81724
6.02229
4.74569
7.83056
13.4522
13.1534
9.59913
9.66517
20.8184
9.74258
6.22487
8.8129
5.66897
8.15073
8.03526
5.03405
7.27373
13.4411
7.15895
5.57271
10.1706
10.201
8.48386
9.58359
8.40096
8.04748
19.3105
5.95157
4.29243
7.92628
10.7095
6.945
7.77269
9.08223
8.14356
6.23378
8.13923
8.84376
8.27
6.90674
8.07615
9.07462
7.02198
7.88288
5.72235
8.43859
7.02516
6.47651
9.49503
14.3226
11.8178
10.4593
9.81245
7.9546
9.21231
10.5341
8.22715
7.51187
8.6552
8.27775
8.08989
8.70376
7.93112
6.3977
9.40598
10.5381
12.6097
11.5216
8.92513
7.61419
13.4057
6.79486
7.45796
7.93102
6.58863
7.40164
9.96844
9.52612
7.26369
6.83658
5.66246
6.29842
7.75112
7.40521
6.38958
6.44385
7.74248
8.21481
5.96689
9.098
8.53693
12.638
6.43102
8.35545
8.4685
11.9228
6.93351
7.04452
6.11357
5.71038
5.66878
8.1344
8.02204
8.19711
5.93816
6.89667
8.63963
6.50537
9.15377
8.40634
6.12644
8.44863
8.24369
14.1144
7.52856
10.092
12.3013
13.6803
7.01541
9.68881
8.57118
6.95709
8.7029
7.59888
7.37466
7.18003
6.67816
8.89842
5.53423
7.51495
8.59194
7.54659
12.1569
8.07179
6.91198
8.57119
8.69823
7.42745
7.85754
8.25624
7.56757
7.2617
16.4759
7.47539
7.31556
8.92867
8.19672
12.0422
8.88821
8.58308
7.56589
9.94836
6.49587
8.4219
13.5271
8.88286
7.24662
11.2599
8.19074
6.55574
9.93058
7.46084
7.33051
8.96972
5.60121
7.2771
6.72284
7.6011
6.71775
8.64561
8.93873
7.95227
8.6077
7.38517
5.74131
7.30201
6.25371
10.8956
6.46178
8.47869
10.22
9.97228
6.96188
7.23146
9.73632
6.03025
9.56608
6.40599
8.46531
9.0814
11.2878
10.7177
14.4264
10.8033
7.14037
10.5154
10.5059
6.4704
5.70898
8.60238
6.86778
8.47294
8.49398
6.09544
9.2485
10.423
7.75919
6.06036
8.18989
6.99763
7.08476
7.50523
10.8907
6.29509
11.0618
6.54068
15.9957
9.89253
10.8145
9.39062
8.83757
12.0942
6.28827
6.30321
9.07966
7.78194
9.36785
6.199
9.2502
8.47026
7.17671
7.86793
7.33169
6.98637
8.77278
9.55357
7.36919
8.96114
8.00913
6.02928
18.3317
9.86651
5.85081
9.03864
7.63291
8.82264
10.7224
7.35788
9.32749
6.64897
8.1638
7.17984
10.3611
8.49992
5.75396
8.34528
8.76841
7.07825
7.25674
5.05403
5.42448
11.3943
7.00718
6.15071
9.91792
10.7474
8.74335
8.33399
7.21967
8.43001
8.83747
7.42255
7.9559
9.01914
9.28257
6.03268
7.86429
8.85671
6.12998
5.92361
9.15907
----------------
insert (avg): 7.76961
----------------
----- init -----
11.0527
----------------
init (avg): 11.0527
----------------
----- commit -----
1717.97
----------------
commit (avg): 1717.97
----------------
# Loading records:	1000
skipping run
