parsing config file ./lvconfig28.conf
parsing done
<<<< begin once 
<<<<< redos: 0 >>>>>
<<<< commit once 
----- insert -----
4.94292
4.62164
4.11294
4.83772
4.88165
5.00257
6.74486
5.80229
6.59699
5.77272
6.37592
6.01067
4.50329
4.90648
6.22385
5.19705
5.2629
5.93982
4.36549
4.85267
5.66528
5.10743
4.63975
5.06325
4.41809
5.44883
8.72886
6.5125
4.32225
4.20441
4.99162
5.04901
4.03596
5.59954
6.44537
7.21027
5.30985
5.42657
6.3838
5.21163
4.40687
4.14916
4.66046
6.1832
7.51478
4.72383
5.90773
6.98093
6.26952
5.70741
6.11388
5.19186
5.08447
4.41481
7.20349
6.38114
5.79488
8.22218
8.47415
6.44612
5.40656
14.003
5.37307
8.23924
6.2119
6.70551
7.76074
7.24777
7.1188
9.51278
8.30009
8.65461
8.66969
6.62618
6.1355
5.03614
7.31324
10.3109
6.73519
5.64319
5.32019
8.27897
7.15354
5.93085
7.087
4.49498
5.82054
7.67032
6.58882
9.44787
9.9345
9.82439
10.8923
10.3767
8.36119
8.63906
9.55175
6.59241
7.63184
7.76941
8.77586
9.02902
8.8276
9.63484
8.14992
8.08131
7.52263
8.20516
8.4342
8.5874
7.58327
9.19401
12.5053
9.06132
8.35715
7.20591
6.93005
5.82678
6.2181
8.63838
8.63822
5.70039
7.84128
4.64377
10.9973
8.196
8.76102
8.44519
10.1161
7.80565
27.3546
18.0624
6.22521
23.8803
8.52749
10.5882
6.25543
7.65974
15.67
9.26783
5.62122
9.50578
6.65156
6.90448
9.8261
4.28499
13.4981
6.58787
6.81289
8.05606
6.89207
13.0797
6.02294
9.09551
10.8246
8.74171
9.81911
5.79935
6.5176
6.85085
8.28884
9.70359
7.78631
6.99451
6.63028
8.32614
10.7583
7.18442
7.99914
5.45403
5.28053
5.55777
7.78953
5.41766
6.65328
8.11509
7.49856
8.20421
9.9488
8.28866
7.81059
9.14772
9.75799
8.6686
8.49362
6.93175
6.05792
11.4011
8.50865
6.82848
6.82116
6.83727
7.77739
8.08662
11.6757
9.21307
8.90752
8.6126
7.29329
8.193
7.10493
5.33745
6.88288
7.22535
6.8144
8.12455
7.8251
8.70353
7.11969
9.56287
7.76381
6.35836
7.22803
10.4945
7.80975
7.99583
9.60944
8.37686
9.08969
6.27835
7.46826
9.4068
7.96665
6.76424
10.4393
9.26034
10.0564
7.2678
6.23812
14.2424
7.27778
7.70966
8.94959
7.00709
7.01191
5.38669
6.6842
8.62106
7.6607
9.99138
5.23137
5.21557
6.75441
5.94958
6.03189
10.4612
8.7814
6.08546
8.80632
7.61919
7.32538
9.67442
6.19046
6.9083
6.98795
7.0652
8.45935
6.77109
6.0678
6.51479
7.39115
7.8178
5.7816
6.52126
7.62723
7.94223
8.6257
6.14981
6.03638
9.24018
5.44209
7.25293
6.26268
5.80927
7.84862
6.50267
5.25265
6.13332
6.93749
7.99901
5.94915
8.4542
10.5818
7.76819
5.49353
5.81366
7.94249
5.79295
6.68974
9.00129
8.5273
10.2695
7.39455
9.1813
7.2367
10.5583
9.12752
8.24792
9.22311
6.66221
7.66829
6.47588
10.9365
6.14378
5.82062
7.39909
7.3729
7.44588
6.95381
6.71234
7.8202
8.69169
7.70936
7.59332
6.75798
9.57949
13.5735
6.719
8.89456
8.93141
6.74392
7.87787
7.15965
6.08589
8.18014
11.3091
6.63812
6.72342
6.93058
5.97877
9.80489
7.5152
9.71243
9.1998
7.3263
8.75137
5.52191
8.69413
9.20825
13.5207
9.17615
6.24608
4.95414
6.79322
5.55062
8.97197
6.51661
8.71497
5.1792
5.96582
9.5325
6.42192
7.92526
7.21731
7.10517
10.8581
8.90519
6.10312
7.61149
5.06156
5.84092
7.42617
8.10707
8.07635
9.94793
7.62758
7.97584
9.7121
8.17391
8.23517
5.94515
9.18101
6.79705
8.47124
10.5477
6.53014
6.45903
8.29221
9.39648
9.40044
10.9522
11.0766
9.64004
8.04355
9.03163
9.20048
8.1402
14.5862
8.47451
8.45185
7.10514
7.4684
6.63736
8.74618
7.83073
6.31536
5.18866
7.81437
5.91871
8.20308
8.00752
7.14005
6.58937
7.63215
7.40223
9.5571
6.11272
8.2999
6.9772
8.39403
11.2943
10.1232
6.84788
7.28228
7.86287
8.62678
5.73561
7.41502
6.84129
6.71131
6.40864
8.4019
6.76752
9.89052
6.03974
7.15055
5.60936
7.89606
7.93121
6.40402
7.35596
10.0565
7.53467
5.07821
6.84459
7.81247
7.33817
7.42412
6.81177
15.4429
7.09475
6.58221
6.14892
8.63122
6.83569
8.07957
8.18304
5.98986
11.0987
8.69513
6.16522
8.94545
5.42805
7.6486
11.145
7.13882
8.62514
5.17106
7.06867
9.16067
7.45085
5.15884
8.2398
9.7639
8.25539
13.09
9.58483
7.80315
10.5892
37.7202
7.62123
9.13681
9.32854
12.3399
11.5603
12.5285
8.37731
8.11457
10.0004
7.34362
8.57317
4.78648
7.38746
7.26155
7.59736
8.98639
8.60465
8.74705
11.402
6.18213
7.37856
9.67688
5.68839
6.1601
8.14978
9.11371
8.73757
8.00847
10.1827
8.17976
8.10668
6.51801
8.59266
8.60881
8.51086
7.56447
6.20449
7.04693
8.45938
8.48151
6.5777
9.21711
6.91701
9.85656
11.9252
9.07323
7.79107
6.5262
8.56143
7.91111
10.7564
6.89683
7.8674
7.77742
9.19719
8.53212
6.45954
7.76018
13.5243
6.93701
7.97691
7.05862
6.4929
7.18165
6.59609
9.89103
5.58537
11.7613
8.27564
7.45463
7.51567
7.84065
7.22684
6.17018
7.94754
8.96149
7.5897
11.4306
6.4189
5.77643
9.08419
7.04966
9.02501
9.41057
7.298
6.8425
10.3724
10.3183
8.3504
9.25865
11.2464
9.03314
9.98279
10.6731
9.98893
10.1966
11.5515
8.7835
8.31161
7.16791
7.56309
10.9855
7.95067
4.53307
8.64558
7.20592
5.84102
5.18635
6.7651
11.8523
8.86975
8.99569
8.26937
9.22661
7.78476
9.17265
6.72519
14.824
9.48647
5.31007
6.25414
7.12473
8.72506
7.37225
7.167
8.95589
5.96352
10.8914
8.59171
5.35046
7.23098
6.61825
5.85578
7.62553
7.57498
6.67542
6.75768
7.20381
6.79513
5.26951
9.9359
11.8481
9.29769
6.91824
7.30664
11.6334
6.60369
8.9562
10.1143
7.81541
6.73335
6.54451
7.50261
5.81335
10.1448
8.1959
6.50941
5.98489
5.95961
6.1518
10.1604
6.69732
6.20611
7.23848
7.02911
8.67847
8.06651
15.4157
7.32336
10.8118
7.3175
8.31337
6.7893
11.2734
9.95718
7.16715
8.94341
9.34179
14.6854
7.34788
8.10147
7.46525
21.2366
8.04893
10.1806
10.5798
7.99141
6.60671
5.96886
6.88005
8.3702
8.56586
7.10363
4.23947
10.0985
6.34421
7.66281
6.90038
7.12343
7.96666
8.96564
18.9976
8.49794
9.5066
11.1648
6.74052
8.15604
7.38628
8.28877
8.08154
7.56501
8.87842
7.8924
6.98829
8.28175
6.66732
9.32056
8.05953
7.38337
7.0737
8.02004
6.78407
10.3686
11.8883
11.8564
9.64269
10.4113
7.49267
10.582
8.2184
7.69756
7.93266
9.35046
4.84342
7.14359
9.61123
6.87008
9.95176
11.6502
9.31323
5.52923
8.1781
11.2661
7.98802
8.54839
13.4051
7.3853
10.0412
9.39704
8.81418
10.7504
7.75735
7.21942
7.71439
5.89535
8.2976
6.25546
6.28048
7.89809
6.25432
6.11563
6.59321
7.41428
5.48103
9.07825
9.34002
8.24286
7.91621
7.35573
8.45095
9.16154
7.91866
8.30747
7.81719
7.53541
5.74489
7.40484
9.58807
6.9815
7.70393
5.90539
10.0036
6.05338
6.7966
8.74696
10.3397
9.66462
8.24781
8.15574
7.96652
6.45194
8.95607
7.71038
10.5287
7.91853
8.06906
9.4174
8.04566
7.53613
9.17355
7.40717
8.53841
8.06484
5.91885
9.3406
10.1262
7.59016
7.42356
8.15529
5.91831
8.56454
10.0422
7.86779
7.38399
10.8636
8.76475
8.06299
11.7875
11.8136
7.70788
8.7117
6.18974
9.91199
9.75123
8.01514
11.0762
10.5107
6.45238
6.92716
15.0246
8.16659
7.82921
8.64315
7.70527
7.29783
7.406
7.34303
12.0727
7.59695
7.36617
7.50357
8.16732
9.78495
5.94326
6.96559
7.51098
7.66156
9.79584
8.18119
8.76383
8.39222
8.87138
8.91812
8.51893
9.28748
9.55274
8.30623
8.14131
8.73191
5.66836
6.14463
7.45975
10.0903
10.7849
9.36855
9.74298
10.6655
8.40719
8.34152
8.49057
8.83459
11.0524
7.96892
8.43017
7.77257
5.82556
6.88574
8.85765
9.75896
8.64524
6.20537
7.34607
6.0698
7.05184
8.36782
6.28596
9.31185
5.71929
7.6586
9.3522
9.75611
8.49126
9.77749
10.422
9.14518
9.90373
8.99491
15.0675
9.10789
8.42228
7.39322
11.0505
6.41603
9.25707
7.69636
6.21053
7.1656
7.09829
8.34647
7.50402
7.34351
5.40783
7.04144
5.39505
7.24851
6.67159
12.1221
8.99006
9.91657
6.22433
10.3654
8.32132
10.6404
8.26211
9.85593
8.60919
9.85381
8.04157
11.2113
9.41347
11.1002
9.87373
6.77354
6.39352
6.65322
7.08064
8.53306
5.06726
7.40575
8.44602
14.3478
9.66996
8.99975
5.9547
7.8435
6.55579
6.81365
7.42641
7.72116
5.89806
8.38317
9.91967
9.11452
5.38811
6.45585
8.18528
6.54665
6.67372
6.19412
5.4949
6.79032
7.58838
6.34084
8.18504
4.9804
6.52715
9.44619
12.0315
5.02652
6.83357
7.58873
9.44084
8.87068
7.92103
7.02733
6.54626
10.0115
10.5593
10.3318
9.72214
10.2385
7.23686
8.47185
9.85909
8.59447
6.50485
5.60906
6.92247
7.78784
8.34475
7.69766
11.1249
9.35646
13.231
14.0246
11.0178
8.90197
7.02155
7.9463
9.76679
6.61818
11.5542
8.31831
6.10229
8.15075
10.4161
9.34065
7.30853
5.77465
6.58116
9.75868
7.05201
8.05007
9.06663
5.81377
8.93973
10.0417
12.6017
6.14687
7.58105
6.75829
7.52517
7.43993
8.74642
7.9881
8.40537
10.9895
9.97953
10.1014
6.96287
----------------
insert (avg): 8.07308
----------------
----- init -----
11.4894
----------------
init (avg): 11.4894
----------------
----- commit -----
1445.54
----------------
commit (avg): 1445.54
----------------
# Loading records:	1000
skipping run
