parsing config file ./lvconfig14.conf
parsing done
<<<< begin once 
<<<<< redos: 0 >>>>>
<<<< commit once 
----- insert -----
5.54894
4.70305
4.487
4.46331
4.37046
3.89561
4.407
4.65622
4.79063
4.28174
4.48397
4.6367
4.47135
5.27227
6.31843
5.03605
4.57984
4.48827
4.4586
6.44224
4.79672
7.31613
6.90633
6.56205
5.40779
4.75452
6.96923
5.29556
5.09265
6.65691
6.12596
5.39344
5.31547
4.88665
3.85991
5.1751
5.23362
5.98458
6.46908
7.15399
9.6482
6.57352
6.13803
5.32354
5.20936
4.54178
7.06391
5.48488
7.19735
6.27487
5.99967
5.71956
4.71018
4.73789
4.84465
3.98398
5.52529
7.12919
7.12651
5.89792
5.85182
4.80236
6.08961
5.00924
4.81955
4.89515
5.8341
7.48508
6.67546
6.21253
7.5565
5.35787
4.84209
5.4795
6.62728
16.13
6.25287
5.98978
9.37586
7.37247
8.13676
7.05039
5.65848
5.53755
6.93332
8.64619
8.60809
6.64352
6.99134
8.21362
12.9586
8.74779
5.83173
6.85146
5.87099
8.29291
8.26974
6.2223
7.29118
6.89474
7.82407
8.29142
10.1491
10.0705
7.38592
7.33113
6.95431
8.00867
8.46177
8.55073
6.15775
5.28208
7.98155
7.41483
9.34139
8.86938
10.4528
7.68677
8.72413
8.3225
6.6058
5.47743
8.68357
9.92842
8.55332
11
8.51281
8.95458
7.05474
8.37152
9.22073
4.62134
8.14008
6.34474
8.86875
7.13058
7.03716
4.70051
8.74562
8.85152
5.47587
8.2599
6.94324
9.06495
8.2321
24.4743
17.4048
10.2647
19.3407
8.85532
10.4232
6.3463
7.30113
16.3718
8.65275
8.25085
6.59777
11.7128
6.52609
5.85762
10.2512
7.21376
8.17519
8.89424
9.87923
7.90137
8.09857
8.9788
10.2699
9.23797
11.1285
7.92044
7.55371
8.0035
7.29671
8.97211
9.36147
9.63752
5.35118
6.53235
9.70255
6.35036
7.83645
8.15587
7.34596
5.81037
4.53868
6.82639
10.7825
7.09099
9.1754
6.9529
6.30751
8.24599
7.61978
7.59885
9.88449
8.64172
8.00888
7.87969
6.39275
8.16885
6.20079
7.06379
6.76282
8.3398
6.15748
6.01608
7.05028
11.714
10.274
7.85492
7.51588
8.08717
6.03448
8.20711
8.90779
5.15994
6.75094
7.37893
7.1699
6.94892
8.1772
8.62369
9.7422
6.10644
7.99268
10.6567
8.38785
8.67343
8.74933
6.04998
5.26039
8.55165
8.63539
6.51131
6.55653
8.40899
6.4917
10.5195
7.13419
9.83668
9.54834
7.04425
13.2188
7.55354
9.66801
6.02789
7.47037
6.32658
9.04188
9.6747
8.27432
9.50149
9.54875
9.01182
7.89025
7.43694
6.44119
7.07143
6.80205
6.44776
10.9592
6.43477
5.45464
8.83892
6.42094
8.58437
7.68111
8.81039
7.62409
6.3465
7.88446
6.82039
6.45846
7.17864
6.37942
6.36016
7.42022
7.93767
8.86556
6.29895
6.74163
9.19646
5.29397
7.42474
7.61589
6.7536
6.73725
5.13466
6.38634
8.28332
8.35468
7.37475
9.59537
10.6191
8.84263
8.04753
9.32128
7.37453
6.77167
7.86071
12.2876
9.12593
10.0638
9.69655
8.64224
8.94871
7.27356
6.62166
7.46809
10.7449
8.41461
8.1139
6.84612
7.78855
5.19297
5.92854
5.43602
7.5484
6.53704
7.08932
7.18017
5.65884
5.07137
7.8215
7.22246
8.88482
6.61969
13.6586
9.39529
6.90892
8.62852
5.45055
6.0344
7.08584
6.1825
7.2321
7.45903
7.51058
8.78122
7.11447
7.86402
7.20556
6.09064
6.12663
6.25758
6.99759
9.41299
8.10952
8.78933
5.95616
7.61135
13.6015
8.96895
6.22947
5.55984
7.31577
8.59134
9.81189
5.85731
9.77245
4.93077
7.83195
8.29561
6.0441
8.02767
8.22263
9.52695
11.2278
7.05553
6.25133
7.75532
6.09917
7.80661
7.67883
10.1614
7.76491
7.79084
8.01134
8.79487
7.83106
7.07181
6.63059
5.11678
7.15107
5.98519
4.551
6.04119
10.4873
7.73259
6.90702
6.9402
9.02179
8.27334
6.12366
9.30948
7.76773
9.50861
7.99277
7.799
6.40984
8.3624
12.8022
6.82773
6.97107
8.58651
6.99751
7.66112
6.06103
4.9615
4.73657
6.70658
7.42217
7.79207
8.42656
7.55211
6.44683
6.28751
5.75207
9.76709
10.5638
9.0677
6.08473
6.17354
8.41649
7.2139
7.41578
13.5937
7.90328
8.80096
5.91828
8.19892
7.87539
8.4038
6.07087
7.93743
8.17081
8.5591
9.64314
8.57911
5.0671
9.58244
9.59414
7.71701
7.73322
9.63003
6.39233
10.3334
10.0182
6.81167
6.67563
7.19895
5.96185
13.0939
5.43683
7.46959
7.84358
8.93713
5.58066
6.81562
9.64362
5.73109
14.6781
8.71965
7.62174
8.97016
6.19346
9.67318
5.55489
6.70766
7.64535
5.56804
7.9039
9.02864
9.36414
8.07049
9.66595
6.49306
8.80764
10.9573
8.20568
6.19355
7.92489
6.05538
37.8208
7.55308
9.62748
8.35231
12.9275
11.5079
12.6936
7.55055
8.45844
8.22532
6.09493
7.88005
6.03657
8.30092
7.3612
8.84725
8.11157
7.01282
5.02644
7.2466
7.88047
8.92507
9.14725
7.64308
7.5859
7.83063
5.93574
11.7385
5.62662
8.35823
7.28364
9.79186
8.70779
8.674
6.75947
8.12297
8.8468
7.123
10.2261
7.00141
8.41245
8.91112
7.09265
5.1287
7.74262
8.13587
12.0454
5.88097
7.10357
6.27392
5.96055
8.62181
9.05856
9.94039
8.14155
8.3252
9.44404
5.54787
9.12534
9.44023
5.77907
11.2477
6.43846
6.58607
7.31358
6.72079
7.76198
6.40445
9.58314
6.983
9.6857
9.08896
9.63392
6.64768
10.1515
8.95528
8.74569
8.64831
7.86434
6.12756
7.2863
6.30679
5.34927
8.3607
10.6876
9.16783
9.11991
8.79647
10.8827
10.4327
9.35104
9.21637
12.5097
8.4941
12.5417
8.66056
9.14159
6.98396
10.266
6.31259
6.43772
8.11493
7.3923
7.33161
12.1045
7.07815
5.08234
7.31763
6.49133
6.60267
9.30855
6.49993
7.71
6.11687
5.23053
11.8823
6.13826
7.52896
7.90885
8.59951
5.73592
10.4287
7.32929
7.80973
9.43422
6.81328
7.76097
8.53215
9.09054
7.14185
7.70947
10.7269
7.27918
6.77307
8.46386
6.22563
7.03444
8.01511
8.92426
7.28462
6.7881
7.21942
6.24279
7.18433
9.80624
6.24831
9.66496
7.5362
5.86345
9.64041
7.13504
6.86254
8.89389
5.06812
8.1481
8.11341
7.76226
8.23917
7.66747
7.93736
8.58657
10.303
8.94642
5.91945
7.21242
10.5669
5.46722
6.89732
5.41079
5.96656
7.47952
8.8956
10.0388
8.59375
7.6259
8.3597
6.7397
6.44308
11.2006
7.94277
8.29361
9.80081
9.50803
18.0568
9.56185
8.91889
6.49039
21.0241
7.81246
7.80952
7.22019
6.98855
7.19246
8.4899
6.72638
9.77646
10.5978
5.00125
11.4272
7.21919
7.45409
6.08336
6.99706
8.16026
9.89567
18.4828
9.73195
8.1082
11.142
10.1536
5.85894
7.65782
8.96315
6.5805
7.8798
8.37258
8.01043
6.22483
8.87113
6.38056
5.46488
9.54081
8.69112
7.29338
6.60263
7.41735
9.58123
13.5945
12.353
10.1193
10.1992
8.28871
9.25787
8.68869
6.81402
8.13565
11.4739
7.50835
8.98245
9.14002
7.08895
7.82188
7.84047
10.6604
11.6028
11.899
10.6696
12.2233
9.34948
10.8915
4.95838
9.36295
9.10149
9.93186
9.51833
6.03233
5.81485
5.82873
6.70083
6.57995
5.40646
9.63598
7.21093
6.77293
5.94596
6.34654
6.37667
6.92582
8.12441
10.1634
8.67812
7.48175
8.46035
6.30078
6.40322
6.7812
7.93183
7.61171
8.35249
5.06827
6.31384
7.24624
7.08189
6.91061
6.40694
9.59242
5.52415
8.40791
9.29507
6.96712
10.991
5.26924
9.26546
7.29771
8.12753
7.05184
11.9141
11.4773
8.42174
9.36461
9.79239
7.67472
7.31885
9.21924
7.8097
8.37663
8.0545
6.80787
7.75434
5.43672
6.86854
12.4598
9.72031
8.33489
5.7502
11.2603
6.62002
6.92409
7.20292
9.65853
7.77426
15.3656
10.0893
8.05279
10.2719
6.97472
13.2358
10.6612
6.84967
6.59889
5.67973
6.5924
9.67059
21.1258
6.3227
7.35557
10.6982
9.09466
7.81764
8.9778
7.73021
7.14731
8.07818
6.63085
10.4885
6.07336
7.29319
8.6763
5.82885
6.25014
8.32971
8.12163
12.6243
8.31434
8.79933
7.21251
6.52775
8.13373
7.43355
5.67723
9.71876
8.36278
11.5708
7.89774
9.13511
5.50219
8.22367
7.91214
7.39223
9.98846
9.92055
12.2411
10.0443
9.10864
8.60486
5.79467
6.30684
6.70282
8.11464
5.93581
7.2725
7.32457
8.21831
10.3572
8.89956
9.8657
7.78656
6.57354
8.89559
7.59936
7.93165
6.73701
7.71959
6.98104
9.22596
7.6562
13.9814
9.07485
7.08404
6.23766
7.56669
7.60248
8.49655
7.69961
10.2986
7.72696
12.1234
10.8649
5.68494
7.19498
10.2818
8.9213
7.56722
7.70996
9.43841
8.67474
8.05992
8.43225
7.91775
7.91706
13.1594
7.63966
8.80719
9.14845
10.577
8.03873
7.77892
5.9768
10.094
8.31151
9.74615
10.3488
8.27926
9.99268
8.54395
5.33857
8.27363
8.19639
8.76232
5.55111
6.32857
7.82331
5.28021
5.89024
7.95404
10.9453
9.09906
7.04275
7.46575
7.23823
9.54851
7.94885
6.73566
8.77319
8.0916
7.46611
8.04006
9.43719
5.51997
6.75254
7.85757
6.5199
8.53646
8.90707
7.88903
5.33927
5.32766
7.6693
6.239
6.23097
8.9283
8.04018
7.2092
7.07337
7.6217
6.35198
7.77803
7.43274
8.90137
9.61965
8.81802
11.1755
9.2565
8.81393
7.11419
9.91967
6.90055
8.96581
10.2705
7.9301
9.22667
5.64119
8.76335
12.2623
11.0609
12.4259
13.3293
9.08612
12.5125
8.87243
9.58622
7.80582
5.43718
9.65909
7.08415
11.5474
9.4321
7.45448
10.4571
9.92843
7.06951
7.91091
8.73066
9.70051
6.54153
----------------
insert (avg): 7.99293
----------------
----- init -----
20.3407
----------------
init (avg): 20.3407
----------------
----- commit -----
1576.6
----------------
commit (avg): 1576.6
----------------
# Loading records:	1000
skipping run
