parsing config file ./lvconfig30.conf
parsing done
<<<< begin once 
<<<<< redos: 0 >>>>>
<<<< commit once 
----- insert -----
5.64314
7.51549
8.20712
13.2676
5.03208
8.79154
8.25883
8.16625
6.62966
7.81732
10.1967
7.4989
7.50817
6.65898
7.3692
8.48768
7.68363
10.5179
8.97699
8.39176
8.7967
4.99281
9.45045
8.29758
5.07371
8.85867
6.08711
5.94566
9.77756
9.81973
10.2655
5.73892
6.20844
9.51362
8.4925
8.44291
9.45573
7.91183
7.32167
6.87219
7.8047
5.75619
7.87864
10.5979
8.0289
8.92934
8.6455
9.66248
9.42082
6.87984
8.22032
9.95241
12.8208
8.76613
5.71614
7.24215
6.23988
8.53569
7.26475
7.42821
6.24922
5.36408
7.3948
7.17591
8.23934
6.80221
7.11599
8.57481
7.13022
9.58423
5.41665
30.4198
18.1029
25.8342
9.29277
8.80478
10.2221
7.39891
16.3305
6.19638
9.82886
5.08814
6.74165
9.11153
7.66923
8.15204
12.0103
8.09777
5.87735
6.43198
6.52346
5.97574
9.80975
6.00336
8.52999
10.8364
12.4127
6.61454
10.5038
6.59632
5.1869
8.24903
10.7212
10.8252
7.60581
7.82188
9.32272
4.94146
6.01578
7.27921
5.17348
7.48903
8.82849
7.40946
9.00003
7.1387
8.65078
4.72056
9.19605
8.67327
5.94083
10.6407
8.80585
8.66746
7.07197
7.7004
7.2885
10.0343
8.68755
6.02667
5.88199
8.37147
5.04781
6.33335
10.1672
11.7424
8.25268
7.27098
10.1476
10.3621
8.41369
6.47063
6.90251
7.20189
7.8995
8.19194
9.46878
6.64262
10.2593
6.7187
8.27357
8.97946
14.1934
7.46951
7.47412
9.15943
8.8375
9.1894
9.37005
8.2603
6.30591
7.545
11.0513
6.32553
9.48295
9.11077
8.64713
13.495
7.61006
7.36802
7.42564
5.60347
8.84583
9.14769
8.17638
5.63235
5.41323
8.15879
10.2382
8.59802
7.86869
7.32851
6.67781
8.44892
5.60403
4.42492
12.7284
7.33273
7.70661
7.65803
8.13559
6.90069
6.54476
7.96957
6.70915
5.23469
5.04195
5.89231
7.92524
5.32652
6.80522
8.03705
9.52759
9.49125
8.72788
6.00738
6.49438
10.25
8.64886
7.51487
5.48383
5.83738
6.47068
7.2995
4.77213
6.87632
9.37275
6.12335
10.37
8.18703
7.28542
8.05434
8.13596
5.31512
6.76059
6.93767
7.60223
12.7869
9.43485
10.4617
9.45409
7.84657
9.27062
8.79416
8.46695
9.94552
6.42155
6.69418
5.96913
7.19057
6.00083
5.86775
8.64658
6.13163
7.64727
7.56038
5.87387
7.8407
8.71029
7.67719
8.68587
7.43354
7.77356
12.5448
7.51301
6.78003
7.81035
6.51609
7.68725
6.08716
7.28985
6.64362
6.19715
5.35075
6.84959
7.17559
5.46642
6.33679
5.36453
6.69783
9.96789
6.19783
7.22335
9.54089
8.53461
8.79494
7.88393
6.1349
13.5341
8.63459
7.24382
6.84063
8.79113
6.03012
8.74917
4.84643
10.6298
6.44156
7.35795
8.39022
9.06729
6.70034
6.88771
10.5309
7.09352
7.2238
5.31059
8.22249
7.20508
8.94571
7.23064
10.3141
9.77743
7.55119
7.52497
10.1212
6.85775
5.57483
9.93771
8.87458
6.01889
8.1438
6.94833
8.00925
6.43697
7.52904
5.97739
8.60338
8.54895
6.11549
12.2092
9.31733
8.92433
8.95561
7.19064
5.50935
8.87674
15.3482
7.01818
8.66887
7.02194
8.07947
6.63151
6.7843
6.74772
9.42346
8.08718
8.88606
5.64026
5.78772
6.6868
5.58851
6.8237
8.51787
7.74564
5.13955
5.96478
7.91889
6.53828
6.81953
8.79223
9.46344
8.8562
7.05977
6.38642
7.23984
7.1266
8.82943
8.09394
8.84694
10.9805
7.9954
7.10416
7.06727
6.46162
9.23009
5.87883
8.18609
7.22074
9.31606
9.38844
6.61169
6.39207
7.10342
6.78403
7.14842
9.33952
7.9299
10.0038
7.42842
7.19081
6.32743
5.40415
7.03977
5.77989
8.15627
9.27897
6.29314
14.7158
8.67723
6.75705
10.2341
6.79789
9.99075
6.24585
5.55658
7.20414
7.96353
6.892
9.14397
7.37494
6.98914
6.37349
7.01748
7.63598
11.4989
8.73686
10.8686
7.05998
6.01995
37.189
8.79515
9.00875
8.50417
12.8979
11.1577
12.5702
7.24167
7.59168
6.44436
7.21517
6.31889
6.19052
5.38063
7.89818
6.69537
7.24563
9.00099
8.54733
5.13229
9.82484
5.96534
9.62023
5.92617
8.35747
5.43836
7.8733
5.8806
9.03767
10.0183
7.11718
9.12404
7.61929
6.02736
5.21245
8.57155
7.31284
7.17737
8.68471
6.99967
5.32667
6.3957
6.69892
9.33191
8.35623
8.40705
6.48879
7.38539
11.4352
6.42122
8.2248
5.42479
8.02311
10.6723
5.43667
8.95886
8.72685
7.9438
6.82714
10.8195
7.96053
6.46013
7.1587
11.8884
5.485
9.23414
7.79534
6.36542
6.08579
10.0869
6.95736
8.04459
11.2549
8.95253
7.49475
7.5928
5.57783
8.18383
6.2106
8.7161
4.76389
8.98153
8.88811
7.83828
10.285
9.0042
11.9173
8.40009
8.71509
9.74906
7.95556
8.87182
11.1059
7.25769
7.39621
10.1027
13.9738
13.5671
9.82431
10.0288
7.23639
5.73809
7.45307
6.00849
8.26828
7.24618
6.46987
9.31548
5.88506
5.78138
6.84677
10.9038
6.23472
4.54253
5.87178
9.07913
8.7131
8.95796
8.22298
9.01334
7.58908
9.77134
5.68264
15.4843
10.1671
11.0224
7.89465
6.61
7.63918
7.50712
6.43164
9.25762
8.69191
6.21434
8.74296
7.87198
7.26158
7.88167
7.63249
6.24986
5.86307
6.84159
11.0394
5.8875
8.23411
11.1976
6.74545
7.69629
5.90686
6.48668
10.9915
8.4756
8.1598
8.78136
6.71813
4.83278
6.09203
7.62885
9.73966
11.7425
8.30312
6.82535
7.79882
8.20603
5.95438
5.76918
7.66183
8.36521
7.42203
5.97786
6.59285
8.48102
13.1019
8.81496
11.1598
5.91648
8.0266
8.21868
5.74354
5.93429
7.59464
8.64031
8.60605
6.52058
8.6297
12.9371
9.96775
9.66101
21.0661
7.29443
9.93381
6.98614
5.41033
8.9036
7.31797
7.55743
5.173
14.3188
8.06466
5.16335
8.74982
6.91725
5.60687
7.71123
7.76759
8.95843
11.9859
15.8806
8.73607
8.92598
10.4794
9.48281
9.37598
9.32787
9.58057
7.32036
4.19458
6.18565
5.37826
6.44706
10.9345
7.7286
11.8147
5.00727
7.62334
5.27577
7.10494
7.55914
10.1074
12.2619
13.113
10.0723
10.6772
8.20386
7.15892
8.05214
8.18722
8.316
11.764
6.4451
6.15233
8.55323
5.3826
10.3773
6.51462
7.8296
6.85784
7.55214
6.00739
16.9079
10.9332
13.7665
7.27292
10.0746
9.44706
8.64929
10.745
9.30767
9.83791
7.77745
7.29693
7.2064
6.11798
7.64558
7.13496
9.04518
5.70523
7.20085
10.1382
7.44606
6.95322
11.8318
6.81934
6.38734
7.87114
7.59545
7.60434
7.60461
5.55486
6.83276
10.5568
6.14823
9.53033
5.25609
7.10581
7.93666
6.90485
8.40521
7.46866
9.06655
7.44626
8.44352
8.62742
11.3466
9.06984
7.09468
11.5687
12.1147
8.71812
9.55577
8.67734
8.76018
7.63272
8.98374
7.97444
8.73267
6.83886
6.35535
6.48171
8.10721
6.47262
13.6621
8.61009
9.36066
5.89646
9.03193
10.3001
8.75294
7.98147
9.09481
7.04695
12.4547
10.7856
10.3808
10.3495
7.11041
8.95184
6.62129
6.32272
11.3778
11.1208
6.53282
7.81246
5.77078
6.94519
8.94065
7.71732
8.34358
6.58077
5.35456
8.54577
6.88196
6.24852
8.99874
8.47706
6.52646
6.06643
8.39362
11.3083
8.36978
4.83518
6.82122
7.48377
8.9729
9.49113
8.32166
8.16593
10.0843
7.95649
8.18286
8.36789
9.55639
9.51997
11.0176
10.2097
6.78073
7.43025
7.06372
8.7293
6.14432
10.3105
10.3262
16.7907
8.85396
9.2825
7.69761
10.2119
8.86379
7.23338
7.33628
6.46778
7.77262
8.09308
9.70781
6.86147
6.86471
5.69565
7.874
6.54141
10.7553
6.65379
8.9795
10.645
8.32585
8.30186
6.23219
7.11068
9.17089
8.36419
7.84154
6.19596
7.39694
7.9783
10.0528
11.6579
5.93208
7.16701
8.14397
9.3666
6.61958
5.73297
5.99487
10.1494
8.886
7.65651
6.72324
6.5433
9.00055
7.44418
9.5468
6.47266
8.80848
8.45465
11.8716
9.33895
6.93909
7.45175
8.77526
8.60319
11.0171
7.42879
9.37733
6.22595
7.10337
8.20027
7.84401
6.22208
6.49712
8.41243
5.08134
7.71801
7.5421
7.0413
8.24236
5.73856
7.42811
5.28272
6.08272
8.88475
15.4015
6.77574
5.37484
6.759
5.82667
6.42441
9.03505
7.30355
8.21555
7.96738
7.56585
7.181
9.23022
9.11133
5.8672
5.21046
7.31317
6.93654
7.10582
7.40947
7.36317
7.38141
5.4183
6.53762
6.57566
6.16131
11.6752
11.5053
5.40818
7.06721
7.02448
6.71356
10.4082
8.70253
7.67202
8.02173
8.73015
6.40353
9.35162
7.39016
7.07285
11.1709
6.87313
6.8212
10.7585
6.13677
8.51687
8.47455
9.36858
12.8034
6.57352
6.99107
9.58265
13.3027
9.4205
14.0252
10.8565
9.21707
8.94703
9.76161
7.26166
11.8561
8.08924
5.90421
8.43056
10.3882
9.49551
9.20247
11.3838
6.02109
6.98686
9.50367
6.05868
8.14993
6.93765
10.15
5.92214
9.90421
6.53683
6.96285
6.31579
8.09964
8.28844
5.79412
9.04924
7.92367
13.3404
9.61904
7.62758
6.26212
7.7639
9.15761
7.86045
8.45609
8.58422
7.94277
8.6018
14.1404
8.88477
9.40374
9.4085
8.31118
7.01898
11.6431
7.82684
7.93678
8.5283
8.19656
7.57705
10.0291
15.2378
10.1357
10.1055
8.37336
5.19103
10.3112
8.13074
9.24702
11.4011
11.3884
15.2101
10.6393
11.7234
10.1482
8.07487
14.0152
8.65859
12.1997
9.75503
15.7687
11.1581
9.57512
12.7689
9.90725
8.89444
11.1423
9.51501
8.99708
9.1126
12.4292
9.23023
----------------
insert (avg): 8.25004
----------------
----- init -----
15.7682
----------------
init (avg): 15.7682
----------------
----- commit -----
1852.32
----------------
commit (avg): 1852.32
----------------
# Loading records:	1000
skipping run
