parsing config file ./lvconfig35.conf
parsing done
<<<< begin once 
<<<<< redos: 0 >>>>>
<<<< commit once 
----- insert -----
5.21608
3.67472
4.28391
4.12301
4.42559
4.24283
4.53802
4.6317
5.2523
4.78398
4.187
4.95794
4.89319
4.46259
4.43882
4.03646
4.48479
4.73243
4.67185
4.13493
4.50149
5.06418
4.02633
4.79551
3.87211
4.56321
8.57528
4.83491
4.31255
4.80275
4.62567
9.3817
4.16806
26.285
21.0915
27.5618
9.90376
4.51811
4.28534
4.06377
4.98958
4.45306
4.34982
4.19644
4.68476
4.43999
4.64378
4.64031
4.40347
4.66974
4.00295
4.11687
4.07606
4.35485
4.35124
4.50216
4.89843
4.99091
5.15541
4.84337
5.22418
4.88426
5.15771
4.40902
5.08665
4.3026
4.53907
5.1302
4.70049
4.71645
4.76748
4.58221
5.41522
4.91352
3.87622
4.72097
4.39889
4.22438
4.76975
4.77624
4.80445
4.68875
5.16256
4.84324
4.68307
4.65317
5.02798
4.59839
4.8459
4.44574
4.83894
4.83828
4.3969
4.82063
5.02171
4.5256
4.329
4.37251
4.57377
4.92676
4.25386
4.85676
4.62285
4.60777
5.00817
4.33152
4.8236
4.08458
4.00755
4.19961
4.60632
4.06318
4.34432
4.2914
4.02582
4.06238
4.38819
4.83726
4.08868
4.0414
3.70457
4.28853
4.05854
5.72597
4.54978
3.91368
4.40535
3.92851
4.33911
3.8778
3.82073
3.92098
4.38433
4.53446
3.96187
3.85638
4.57505
4.64109
4.65233
4.41827
4.20517
4.45185
4.94306
4.11217
4.0619
3.95969
3.5962
4.07795
4.14731
4.19521
3.92961
4.52411
4.60108
4.16234
4.28835
4.29903
4.389
4.46593
4.82419
4.65862
4.18105
3.99746
3.92782
4.44999
4.05927
5.19637
4.51835
3.90733
4.21266
4.78583
4.26498
4.93685
4.79687
5.23077
4.33089
7.19601
4.85192
4.98243
4.98717
4.17843
4.51371
5.77418
4.44846
4.66496
4.63496
4.70756
5.0436
5.33854
5.15524
4.60065
5.32805
5.07254
4.97204
4.7604
14.2465
5.32989
5.11992
4.6408
4.80313
4.69411
4.64267
5.21987
6.06137
4.76271
5.15366
4.67805
5.02948
4.83024
5.19551
4.93211
5.35947
4.62431
4.63115
5.40846
4.79149
4.29882
4.70808
5.06203
4.64246
5.4938
4.83428
4.38112
4.48766
4.763
4.55627
5.72211
5.23317
5.09098
5.94298
5.10692
6.96107
4.8953
4.57931
4.16263
4.46008
4.76286
5.47453
4.4347
4.63696
4.81208
5.19726
3.72108
4.06674
4.43468
4.10405
4.57752
3.94928
4.03188
4.61194
4.78815
4.53327
4.30114
4.95719
5.22796
5.12759
4.32761
4.883
4.10454
5.00824
4.82623
6.02567
4.83219
5.18646
4.8756
5.00355
4.47191
5.92548
4.32278
5.00107
5.36469
5.25136
5.18071
5.02794
5.29818
5.01651
5.14382
5.10666
5.18154
4.7693
5.01706
4.92274
5.23599
5.34294
4.64
4.84221
5.17718
5.08784
5.31415
5.57378
5.59035
5.66152
4.99135
5.4533
5.51858
5.25578
4.68502
6.35598
5.0469
5.20645
5.15781
5.00166
5.08551
5.10809
4.20588
5.52508
5.69055
4.91046
4.53415
5.25222
4.71999
5.2538
4.9117
5.24037
5.36003
4.64366
4.71732
4.79717
4.55846
4.99962
4.7983
4.71907
4.60784
5.27947
3.96365
5.30131
4.99762
4.98789
5.16668
4.74086
4.43954
5.17213
5.28199
5.23188
5.32178
5.26224
5.32208
5.21031
5.61515
4.60975
5.10683
4.5543
4.55463
5.39952
4.78411
4.56677
4.8501
5.39016
5.24369
4.65401
5.41546
5.05788
4.99706
4.94587
4.97222
4.90465
5.12838
5.00416
4.92946
4.85871
4.59859
4.38534
5.02831
5.05573
4.81365
5.71013
5.06438
5.37145
5.28064
5.36003
4.6517
4.54352
4.75146
4.81872
5.31433
4.68314
4.80525
5.22879
5.00051
5.07378
4.61954
4.29143
11.1303
6.40154
5.97369
6.08946
4.66211
4.15972
4.24626
4.5179
4.39277
4.70374
4.62247
4.19811
4.55079
4.55499
4.65909
4.16749
4.39002
4.75797
4.35942
4.48329
4.23005
5.01494
5.03632
3.80749
4.495
4.43844
4.75181
4.60126
5.27273
4.81762
4.41215
4.48965
4.33158
4.32216
4.63287
4.46161
3.95874
4.54739
4.71696
4.19945
4.31906
4.89499
4.86828
4.74567
4.02057
4.71288
4.35519
4.57099
4.91225
5.16978
5.50914
6.03954
6.02633
5.44239
4.37535
5.05208
5.57713
5.30881
6.09758
4.88685
5.26966
5.10352
5.62435
5.30326
4.89286
5.40991
5.58832
5.3734
5.4968
5.04618
5.40779
4.63692
5.24049
5.355
5.08963
4.74767
5.44575
5.53027
4.72091
4.74606
5.18779
5.64771
4.91475
4.82893
5.79609
4.90703
5.08964
6.32651
5.69092
5.36191
4.53464
4.36625
4.44487
5.04071
4.58209
4.35165
4.08791
5.28125
4.39517
4.42193
4.50633
5.23536
4.37657
4.84539
5.05738
5.03668
5.0205
5.05614
6.13958
5.31206
5.51704
5.02316
5.96396
5.2016
4.92114
4.99719
4.98609
5.21946
4.9012
4.34304
5.00151
4.97663
5.03851
4.9883
4.64784
5.14424
4.85102
5.01188
5.01959
5.05612
4.79037
5.17472
5.16108
4.57474
4.966
5.11584
4.49184
4.66326
5.56733
5.02732
5.04345
5.4873
5.36804
5.67201
4.62949
5.63887
5.16299
5.18173
5.14461
5.20187
4.68582
4.90411
4.95592
5.15842
4.79564
4.83457
5.02464
6.33291
4.60617
4.93174
5.38356
5.49568
4.52393
4.86061
4.66336
4.92865
4.5703
5.74556
4.78411
5.4016
4.81458
4.72021
5.3673
5.14761
5.28822
5.28137
5.20083
4.71394
4.93079
5.48066
5.46147
5.36511
4.8171
7.80046
5.78248
4.36178
5.08484
4.78822
4.60851
5.05465
4.9012
4.22009
4.60938
4.4442
4.2335
4.1339
4.50574
4.61483
4.63587
4.25773
4.60148
4.39326
4.83767
4.2723
4.35846
4.61859
4.30232
3.9971
4.68829
5.73001
4.78213
4.78133
4.90515
4.81919
5.24076
5.25864
4.63784
4.95324
4.8478
4.47985
4.92511
5.27797
4.84113
5.95194
5.11745
4.76057
4.74847
4.65308
5.33265
5.29164
4.29542
4.99046
5.20861
4.61867
4.77919
5.52356
10.3088
5.11006
4.91843
4.58583
5.34211
5.79455
5.26497
4.72447
5.30106
5.12956
5.0362
5.22748
4.71842
4.66246
6.73647
4.76372
5.43414
5.56268
5.00065
5.72771
5.08752
4.9226
4.82557
4.36902
4.58785
4.77005
4.25544
5.3657
5.65197
4.6027
5.96258
5.30744
5.35211
5.1403
4.35664
4.97325
5.35628
5.05533
5.56052
4.97292
5.5417
5.65134
5.56203
5.02053
5.23544
5.06599
5.26428
4.99695
5.77271
5.44283
5.34702
5.57382
5.28067
5.22116
5.81029
4.84106
5.27777
4.57434
5.21892
4.85429
5.43733
4.65384
5.48094
4.98333
4.62939
4.63346
5.43754
5.11968
4.59691
4.64905
4.48693
5.75508
5.36801
4.77866
4.95955
4.89935
4.89557
4.92475
4.8938
4.12226
4.58333
5.15037
5.39104
4.1628
4.17801
5.58976
5.36793
5.39486
5.01499
5.37452
4.83005
5.45667
5.35971
4.8461
4.81036
4.91527
4.53198
5.03966
6.04076
5.66343
5.18075
4.53819
4.64079
5.24491
4.87572
5.62077
4.85511
4.78016
4.91097
4.61022
3.75274
4.68898
4.1124
4.42385
4.12252
4.21614
4.37173
4.25305
4.45195
4.46189
4.78947
5.49504
4.40415
4.50114
4.60905
5.20143
4.47942
4.85146
4.48557
4.19712
4.22043
4.55685
4.25974
4.29443
4.37327
5.07722
4.61613
6.39851
5.33609
5.31904
4.64529
5.03068
4.08694
4.78039
5.29843
4.47392
5.05799
5.06247
5.36564
4.89684
5.70219
4.70613
4.77754
4.65996
3.97079
4.27935
4.79012
4.71803
4.41843
4.02614
4.47753
4.15661
4.29915
4.5979
4.82812
4.35847
4.65684
3.80284
4.45793
4.27299
4.68366
4.41096
4.02525
4.84325
4.16308
4.40399
4.69958
4.50052
4.48863
4.79657
4.63718
5.36118
4.98041
5.4958
5.35955
4.7584
5.70624
5.19895
5.60243
4.60342
5.582
5.37255
5.78713
4.75887
5.56174
5.52662
4.66069
4.23261
5.00373
5.38727
4.97752
5.7904
5.06993
4.70232
4.42697
4.90356
6.73496
4.65031
4.78483
4.9883
5.35792
5.14335
5.13818
4.84988
5.50096
5.39685
13.0261
5.49822
4.74876
5.2602
5.47534
5.11212
5.35675
5.42883
5.17181
4.97033
6.30293
5.49999
5.43346
5.38833
4.74046
5.51296
6.12552
4.2706
5.02736
5.07564
4.89549
4.61701
4.60466
5.05448
4.95192
4.68768
4.722
5.24067
4.93741
5.31619
4.70042
5.75533
4.9082
5.77175
5.28547
5.551
5.23023
4.40123
4.72467
5.15595
5.22248
5.27563
5.18367
4.81151
5.13405
4.94649
4.89251
5.68605
5.41437
4.48605
5.04497
5.29374
4.84257
5.23677
5.26004
4.60581
5.61003
6.47341
4.23738
4.42496
5.62477
5.52965
5.12419
5.00825
5.26694
5.24589
4.34276
5.05589
6.57882
5.35581
4.75617
5.15134
4.88856
5.21764
5.28993
5.24504
6.33068
4.81222
4.25605
3.90801
4.03372
3.90449
4.61647
4.26262
4.34215
4.99467
5.0039
6.08995
5.66381
5.10413
4.60706
5.36896
5.37105
5.51604
5.18639
5.03534
5.15706
5.07654
5.04173
5.12899
5.44698
5.0127
5.42108
5.30503
5.09959
5.16956
4.88115
5.20537
5.14576
5.302
4.60609
4.4363
5.59369
5.12511
9.59437
6.22921
6.14947
5.25477
5.20371
4.97006
5.2202
5.6128
5.74838
5.62522
4.14062
5.08282
4.72821
4.78695
5.26588
5.62433
4.94101
5.28768
5.83554
5.20633
4.739
5.22018
4.92132
4.63711
5.02892
4.93384
5.71148
5.05396
4.36736
5.37052
4.98116
4.72405
4.9232
4.76277
5.50672
4.95777
5.01769
5.07444
5.29307
5.4594
5.15245
5.51378
5.36262
5.03094
5.43546
5.2942
4.41859
4.54997
5.44493
6.39351
5.30831
5.13435
4.25512
----------------
insert (avg): 5.00898
----------------
----- init -----
10.5739
----------------
init (avg): 10.5739
----------------
----- commit -----
1187.64
----------------
commit (avg): 1187.64
----------------
# Loading records:	1000
skipping run
