parsing config file ./lvconfig18.conf
parsing done
<<<< begin once 
<<<<< redos: 0 >>>>>
<<<< commit once 
----- insert -----
6.77135
8.3741
5.19779
5.39813
7.28735
12.0513
5.28666
9.93545
7.0286
8.588
6.24622
8.21468
9.62717
6.49917
8.51819
6.70081
7.42602
8.3018
5.69363
7.18764
9.72384
8.47771
6.03068
10.4506
8.49684
6.04599
4.66216
5.92792
8.49959
8.26487
13.6253
9.37638
5.64388
6.29592
9.39342
8.12722
6.37015
9.01755
9.41029
5.69868
8.02831
6.97185
6.25749
7.72254
8.72635
6.93198
8.21991
6.87177
9.66629
8.0485
7.50983
6.95559
6.20047
5.98644
10.4482
7.78983
12.8198
9.19943
5.38732
7.2623
10.1578
6.97253
8.3363
6.02117
8.26827
8.10788
7.53485
8.56316
13.7214
8.40268
8.21972
8.95802
6.56648
27.9325
19.1447
6.28639
23.3678
6.52583
7.7572
6.16672
6.70735
15.5404
8.23177
8.16901
8.37914
8.66657
9.05158
7.13047
5.46341
10.3014
9.20396
8.11407
10.7851
6.20104
7.42071
8.3179
7.51768
10.4576
6.17806
11.3454
6.53268
11.8829
7.36087
7.35897
7.42992
9.18681
7.80862
9.55113
6.49096
10.2599
6.77594
8.64742
7.38934
7.58708
8.70188
6.75464
5.80968
7.92678
6.99993
7.65994
10.259
9.62143
7.22085
9.01852
8.91113
7.46185
6.79539
7.02201
5.52539
5.44274
10.4365
8.44186
6.48576
7.12305
9.47522
5.86024
7.50568
11.314
8.45974
9.3423
6.59664
9.47035
8.43016
7.82662
7.63774
9.37249
8.61651
7.29115
6.79452
7.12337
9.2785
6.62356
5.97617
7.88811
8.94137
7.73672
7.58864
7.36432
7.10724
8.53413
6.70256
7.53451
5.92975
7.41791
5.59998
7.62353
7.91822
8.60576
9.23236
9.93191
8.91392
8.8549
9.19634
9.81052
8.42379
7.67919
6.32311
8.5291
8.74131
8.49369
7.69739
11.8611
9.9728
8.31036
7.03703
5.54498
7.95155
9.16102
9.47713
9.41765
8.02136
7.69654
9.32139
6.75875
8.89873
7.39665
8.98635
7.5831
6.30161
8.29206
6.26687
6.21959
5.89287
5.66292
8.41272
7.08771
8.85481
7.85233
6.32996
7.34745
9.53435
8.46972
7.52283
5.25743
6.88219
5.57867
7.64649
8.06423
7.05745
9.71417
6.90737
9.92652
9.96743
7.36089
6.46136
8.35733
8.01451
6.62686
7.77155
9.94896
13.5991
7.73736
10.1471
8.50735
8.95841
8.25269
8.66684
10.1244
5.26235
7.77461
6.73637
8.96582
7.53307
6.51795
6.12779
7.41817
8.09953
7.36986
6.57064
7.09641
5.07758
7.60969
7.43272
7.03032
9.30202
14.2909
6.3986
8.05014
6.69455
8.00658
6.12991
7.05885
5.919
8.51888
5.67248
9.37736
8.1643
5.78257
6.4573
5.61692
6.8188
9.66578
8.52004
6.04775
8.58785
6.53128
5.90142
5.91216
8.75836
7.89876
14.9216
9.0122
7.71145
6.2299
8.34073
9.79784
6.91382
9.05508
7.32353
5.67012
8.62021
11.5526
6.9371
8.59838
10.858
9.32749
5.8414
9.33126
6.45519
8.25725
7.18682
10.8728
9.84165
6.86096
7.56299
7.51351
7.85555
6.77006
6.65603
5.1663
9.20237
7.91271
6.76344
10.4627
7.53176
7.15419
6.89494
8.85741
8.53332
9.83306
6.33722
7.63332
8.14716
8.65515
8.52077
9.93808
7.6248
13.2593
10.1294
8.5413
6.96473
8.00501
6.30567
6.30348
4.09363
8.47474
7.77079
9.234
8.26442
6.80282
7.5384
7.15978
9.4236
5.96588
6.03219
8.91003
6.47238
4.98069
7.56152
7.67172
6.59703
14.348
6.81441
6.92534
9.26807
6.80675
6.21718
7.55026
8.91059
9.04523
8.33411
8.2296
9.66556
8.30369
7.58692
7.84288
7.94839
8.13992
7.52297
7.20011
9.37252
10.8012
8.40388
8.24045
7.94985
6.28694
5.05292
15.0663
4.26293
5.83582
7.1029
9.18629
6.01126
8.10444
9.20297
5.09702
4.96966
6.46957
6.086
8.60657
9.98286
7.05443
7.32479
7.89981
6.36081
6.12063
8.53135
6.1435
7.95564
9.22759
7.03844
11.5647
9.81994
12.9384
9.12537
8.73612
8.24753
9.21581
7.9263
38.3328
10.4426
9.69443
11.8372
10.8625
12.5047
4.87424
6.08264
10.4579
9.11982
7.24431
7.15937
8.94674
6.65496
6.32737
6.98376
9.07004
5.56662
6.97676
10.0382
8.48841
8.69239
8.03883
5.24976
6.85317
8.90765
12.8914
8.09333
8.22588
12.6572
5.58271
5.66204
7.82541
6.33105
7.79134
9.48044
6.5763
6.27015
6.27069
9.20705
6.18836
7.27579
7.55477
7.41251
7.32967
6.63237
10.47
7.40351
6.8569
7.28828
8.18191
8.84854
8.55969
10.423
7.45683
7.50124
10.0253
9.87182
8.66367
5.99383
10.2458
8.97738
7.16165
7.85429
7.38788
6.72554
10.6718
6.8774
11.1104
9.95249
7.547
7.87182
6.04378
7.51649
8.67009
8.60076
4.56561
7.08689
7.97553
9.81068
5.18262
6.39349
8.14733
5.30898
7.12241
8.69372
8.92676
8.9261
11.7474
10.5047
8.54801
8.78679
12.5321
8.58061
15.2081
8.08749
8.8509
9.86286
10.3523
7.95226
8.31412
6.81379
7.94487
10.7767
6.5499
6.50734
8.89088
7.55213
5.93203
6.26457
7.1403
9.54456
9.0272
8.46577
7.10068
5.17292
6.52151
10.9908
8.96669
6.46389
10.6376
10.3794
9.67426
6.66421
4.04872
6.50208
7.54623
7.13228
10.5962
5.90402
7.49461
5.70002
8.71839
4.94813
5.35581
6.71217
6.44646
7.32708
6.23432
7.15574
6.42295
9.63306
5.73888
8.74408
11.1864
6.78549
7.8368
12.9529
9.27049
9.86108
9.13882
6.90308
7.04375
9.56604
6.23591
7.63475
6.99254
10.0741
8.43199
6.19616
5.91746
6.06165
6.69225
9.986
7.42704
5.55816
6.41815
6.09233
8.42456
6.99729
10.6589
9.22669
9.23222
7.82072
8.18203
7.32514
5.98448
10.9368
9.16781
8.71869
7.70599
6.68018
9.12069
12.9756
9.3347
9.07275
21.7922
6.90361
6.96367
7.25684
7.07908
6.63445
7.62445
6.25373
6.77362
7.71923
9.64678
7.56373
4.1384
9.79909
6.46256
6.64963
7.73137
8.48197
8.0143
8.441
18.5257
7.90332
5.6999
9.65934
6.40832
6.62391
7.63499
7.69759
8.935
7.60431
7.81294
8.48518
6.24431
8.44591
7.23789
7.85187
5.78529
9.57104
7.64553
8.24618
7.002
7.60996
9.28268
12.7521
12.421
10.1043
11.2768
7.61595
8.71056
8.65635
6.20938
7.2732
5.96244
7.41115
8.14249
8.14831
9.0127
7.70395
5.82749
9.45147
9.64901
12.1571
11.0545
11.6355
6.38978
12.5672
8.05403
6.3028
5.47215
7.63455
9.0826
10.612
5.21926
6.21352
7.23728
6.48561
7.84126
8.63973
7.41404
8.08375
7.03105
7.39814
7.53775
5.5501
9.74346
6.77157
8.07334
7.69156
7.07769
6.49722
7.94478
10.598
7.3848
8.44661
6.50916
9.77046
8.05822
7.2912
8.20137
7.90079
7.82804
9.48611
5.91981
11.0456
9.46884
10.2533
8.82846
12.6461
9.30259
9.01763
6.90784
9.95035
11.4752
9.53745
7.02351
6.73808
7.13133
9.02478
8.91078
7.86807
7.40747
5.98305
7.27298
6.30027
6.76066
8.31314
7.65137
12.2714
7.64327
10.2188
10.5605
9.98274
8.23225
7.29948
8.76482
7.6218
12.8679
9.34776
5.99134
8.1895
8.10399
7.67245
13.1602
7.26454
6.76338
6.96417
10.2511
10.383
16.9632
8.13982
8.47985
10.2634
6.81821
7.80558
5.66748
7.41597
7.82973
6.63247
10.857
7.00873
8.65762
7.7718
6.35928
8.31562
9.09914
8.78516
9.23287
12.6018
8.3117
9.85496
11.6277
5.64294
7.80787
7.38647
11.2856
8.25105
11.5112
7.73979
12.1111
7.11947
9.70548
7.81322
8.2978
14.2455
11.3287
9.30879
8.62362
8.68061
6.85948
5.97534
6.4077
5.37979
9.02411
7.52032
7.28409
8.76247
10.1066
9.41414
9.18179
8.00211
6.41136
6.35776
8.47341
7.87842
7.31761
8.91115
7.20005
8.50147
6.82941
12.6235
9.35348
8.23357
9.83254
6.14814
6.89515
8.56997
7.01117
9.30193
8.51075
9.03519
9.20241
6.05574
9.79506
5.69972
7.63922
8.08735
7.7314
7.5147
7.40804
6.53239
6.2817
6.74413
10.5859
6.27339
9.68859
13.0126
10.3433
8.69027
11.439
10.3011
6.15585
8.3073
9.99531
7.90342
9.9214
5.64718
7.3832
9.24143
8.62471
5.52684
4.74852
8.48993
7.64544
7.61993
8.0905
8.17033
6.98266
8.56513
6.56589
10.3149
7.99469
7.48816
8.72468
6.49577
8.31041
9.35122
7.62695
7.40881
8.72157
9.6756
10.536
8.65817
5.86708
6.08978
8.66218
7.8759
5.96321
6.49602
7.20012
7.4129
4.83893
6.52277
6.09406
6.01063
5.81026
9.29845
6.24056
7.23688
6.26893
8.28704
8.1036
6.5301
10.2469
8.0076
10.1227
7.59604
8.97667
9.86032
9.67893
8.82721
7.70587
6.84702
8.40295
9.43764
8.54146
8.83566
7.07894
7.06594
6.26168
9.26863
10.3563
10.3298
10.2146
7.4688
13.3999
12.8108
9.09648
8.77826
9.88954
8.68131
8.29774
8.7022
7.22231
7.24021
10.6572
9.42038
8.25171
6.90633
9.39036
9.53152
6.14013
8.70231
7.13034
6.37386
6.41801
8.03246
8.21086
6.77317
7.48159
7.97032
5.96266
5.95054
8.85338
8.07072
9.15792
9.0021
12.8515
9.08886
8.41352
6.57942
7.61117
8.21617
8.23742
8.6024
8.68421
8.03475
9.79071
13.1338
8.60781
9.91662
9.24533
8.30599
7.40687
11.2786
7.5743
8.06087
8.61092
7.70678
7.71997
10.4611
15.8909
9.53379
9.26332
8.34778
5.26844
10.3045
8.97593
8.64418
11.8689
11.0012
14.2806
12.0445
7.29434
11.7653
9.14371
13.3726
11.4516
10.1263
11.313
15.6612
11.3863
9.96366
12.3353
10.9877
11.303
10.9308
9.93396
9.82497
6.86485
9.93067
9.72547
9.19468
9.08339
8.08446
9.52687
----------------
insert (avg): 8.29767
----------------
----- init -----
11.9198
----------------
init (avg): 11.9198
----------------
----- commit -----
1382.46
----------------
commit (avg): 1382.46
----------------
# Loading records:	1000
skipping run
