parsing config file ./lvconfig21.conf
parsing done
# Loading records:	0
<<<< begin once 
<<<<< redos: 0 >>>>>
<<<< commit once 
----- read -----
3.91962
3.20701
2.94637
2.46097
3.80675
3.17078
3.32121
3.10304
3.07751
3.35304
3.69935
3.74213
4.28423
3.32526
3.15568
3.5988
3.65147
3.14251
4.18336
4.3384
4.02984
4.64378
3.96566
3.46512
4.48341
4.36342
3.52973
3.54625
4.03301
4.21436
5.80048
5.61278
3.37595
4.41927
4.50279
3.61077
3.75146
4.24554
4.0221
4.60914
3.94289
13.6881
4.0179
4.26387
3.62522
4.41813
3.9094
4.35448
4.28127
4.75658
3.0737
3.8483
3.8206
4.54192
3.71902
4.98287
3.81785
4.3439
3.76971
4.63634
3.87105
4.30786
3.80416
4.15148
4.4847
4.3413
3.61198
3.95696
3.74107
4.01255
3.54915
3.538
3.92707
4.00314
3.54154
3.75632
4.33324
4.86666
3.82195
4.00737
4.14791
3.36699
3.87306
3.98498
4.38037
4.23695
3.64295
3.74003
4.08825
3.79104
3.76904
4.54107
4.12516
5.05855
4.55279
3.75186
4.8424
4.24367
5.71055
5.76413
5.46017
3.82614
4.09507
4.84264
7.27434
5.41236
5.58878
5.07853
4.706
4.71473
3.47818
3.96601
4.52348
5.0405
4.88839
4.523
4.74935
3.06049
3.63927
4.45019
4.40475
4.17513
4.1033
3.56385
3.72693
4.00271
3.7426
4.08588
5.02237
5.03764
3.89082
4.44434
4.42494
4.93955
3.61338
4.42037
3.51345
4.32729
4.01534
4.42371
3.81754
14.075
5.76546
4.18994
6.5906
3.68725
4.88313
3.56752
3.67208
4.10815
3.46267
3.97857
3.66024
4.67036
4.62246
3.43528
4.78848
3.32567
3.74915
3.7843
4.00015
4.15223
4.26593
4.01823
4.76229
6.10779
3.83859
4.05665
4.55776
3.85458
5.07944
3.66938
3.38617
5.05985
4.16003
4.6122
4.28596
4.61856
3.9807
2.87113
4.05438
4.66607
4.96975
5.15384
5.12343
4.41795
4.18756
3.91276
4.19578
4.82335
4.20899
4.74115
6.13713
4.61857
5.84472
3.46752
3.49084
4.28227
4.0704
3.82035
3.84198
4.55744
4.4379
4.62204
4.10215
3.52544
3.31327
3.77555
4.96669
4.68926
4.64984
4.07138
5.80554
3.85191
3.97764
4.82527
5.01906
4.34774
3.89226
3.83169
3.92996
4.1834
4.46782
4.79554
4.83562
4.52599
5.68199
4.87777
4.3173
4.84863
3.3562
3.47611
4.8288
4.19691
5.17886
4.68488
5.05516
4.70827
3.98743
4.13172
3.79934
3.14915
4.08179
4.23322
4.91947
5.21709
4.43656
4.24138
5.36944
5.04305
4.59607
3.36811
5.5228
3.59241
4.72272
4.10367
4.41186
4.57489
4.26218
3.85696
4.32052
3.99357
4.92922
3.89705
3.32229
5.5253
3.60702
5.53556
4.59158
3.52681
4.3766
3.71031
4.33306
3.7268
5.08939
5.53478
9.79537
6.69684
3.9735
3.89403
10.1056
7.08889
5.94705
6.50134
6.75375
9.8133
5.58261
5.70621
6.98938
7.56228
4.33163
5.21049
7.2892
4.35315
5.426
4.25751
5.05401
3.94794
4.89053
4.16199
4.2721
4.74334
4.33339
5.20956
5.02565
5.36588
3.91057
3.60553
5.9631
4.58496
3.47575
5.46371
4.40953
4.07877
3.67992
3.58156
3.93224
3.5825
3.55075
5.28339
4.33352
5.17078
4.617
3.96781
5.17249
3.39129
7.88959
4.07013
5.00951
4.51674
4.36229
3.72723
4.6512
4.02884
5.10708
4.16506
4.38712
5.10245
3.53151
3.99922
4.81836
3.92799
4.84769
4.25547
4.28259
4.72797
4.15301
3.41715
4.22203
5.00843
3.42467
5.4764
4.65692
5.60854
4.60061
4.81762
3.82942
4.01049
4.46673
4.77216
4.77112
5.0911
3.83073
3.68519
3.66761
5.2158
3.96054
5.75571
5.38328
4.82578
4.59805
4.46614
4.67832
3.54492
4.4254
5.36666
4.18838
4.51904
5.38979
7.07914
4.5883
4.60177
5.02554
3.92707
3.61533
5.46146
4.96615
4.56231
3.73858
3.82412
3.36421
4.54958
4.35025
4.02788
3.95338
4.21736
3.74956
3.92599
4.41256
4.65857
3.72872
4.27724
4.6813
4.89694
3.69297
4.71251
3.18746
3.79256
2.96439
4.01258
3.56829
5.32948
5.92941
3.93985
5.5068
3.51922
4.36271
4.42825
4.36356
3.73363
4.62492
5.62389
4.69445
4.76275
4.00143
3.41203
5.32865
5.15852
4.71334
4.42378
4.34159
4.27262
4.52473
4.88835
4.50873
4.61102
4.99028
4.76714
5.3552
4.66614
3.59295
4.61822
4.36672
4.20485
3.93514
4.58828
4.31276
3.80643
4.68798
3.55884
5.06963
4.79024
5.07532
4.38736
3.86413
4.9889
3.91574
3.96658
4.2879
3.73911
3.28272
5.06044
4.66008
5.22213
7.49125
10.3714
6.42256
5.70985
6.72656
5.92882
7.08835
5.07581
7.85504
4.40778
6.14353
7.96768
6.04731
5.63548
5.29334
5.72177
6.42685
7.28004
5.7114
5.49024
5.19281
5.39582
4.10755
5.98345
5.2568
4.5519
3.89946
5.0045
6.44618
4.19592
5.11064
6.30175
3.77231
4.68872
5.28053
4.50566
4.88687
4.22191
4.02938
4.22169
3.76311
4.9446
3.79353
5.47353
4.42841
5.48972
4.74259
5.24943
7.32714
7.69504
12.4613
4.63936
4.6178
5.32909
8.22029
5.8995
----------------
read (avg): 4.59055
----------------
----- update -----
57.8769
8.2665
11.8803
58.9014
58.3992
25.5938
31.3235
48.8499
11.125
23.727
28.4531
44.1558
57.3888
40.4376
60.0916
30.5974
22.327
24.5292
35.921
41.2025
53.3811
35.6194
18.2639
22.9271
51.0063
73.1724
64.5711
52.5053
16.6129
52.1328
24.3543
31.4754
59.9118
48.7497
57.6432
47.1302
41.7547
57.9483
25.8622
14.5478
25.601
54.9544
26.7358
27.4057
45.6133
41.469
19.4946
19.5558
27.3313
34.4542
54.3336
17.8798
57.3246
50.3621
57.2002
47.0411
36.325
33.7053
25.4283
15.6934
111.799
44.3824
59.6375
45.7227
41.7061
32.626
23.0118
14.6057
27.6437
18.743
23.6699
53.0461
41.6545
61.5359
27.0084
44.087
43.8694
56.3449
15.083
20.5076
26.1105
49.6461
15.5541
49.8538
23.9539
27.1842
42.4864
57.7543
61.0614
25.4163
40.0415
41.4295
46.8301
38.0832
26.5409
58.8838
19.1428
22.2953
46.2854
30.2143
20.3041
55.4096
60.2629
28.2616
43.1543
64.5787
263.241
35.8691
32.1162
57.9488
38.8398
53.726
39.2426
53.3898
24.0072
58.8872
40.2634
18.2616
19.2391
18.8707
20.1273
17.0894
37.3601
44.398
46.158
49.4563
53.4457
55.0354
61.0837
51.1165
58.4762
41.3305
29.7732
52.7949
52.0155
61.5408
51.7575
28.5173
49.3058
18.9349
20.7765
50.6099
41.0154
56.4143
20.4113
64.4664
26.005
40.759
31.9665
57.4117
33.2243
17.9271
62.7712
16.4878
39.2974
32.4168
16.0138
35.1326
20.3458
40.3254
32.5894
13.2994
26.0412
28.4845
35.465
42.7691
62.21
28.8652
24.5192
14.5949
42.5287
35.4813
16.8821
22.9306
29.1034
35.5001
40.9277
34.7903
39.0069
20.8117
20.9711
35.468
41.3301
45.3284
44.5576
56.9062
57.027
33.2898
18.8873
31.6048
31.3965
29.7034
53.5728
57.5862
35.8662
49.8186
15.7181
39.3768
24.1861
23.279
44.5431
46.7518
40.1768
49.6146
45.397
61.7183
14.7837
46.3542
36.7553
22.8283
49.7907
24.8297
33.7841
53.9808
37.3684
55.4751
60.6422
59.8793
17.0228
42.1845
36.261
46.7128
60.7858
38.0933
58.3455
20.8602
43.2839
13.8327
54.222
16.401
43.5536
15.4609
18.0559
35.6537
17.2008
60.0924
23.2888
20.6342
54.5101
34.6132
58.2861
62.4722
30.3712
36.4807
17.6888
62.4977
47.8114
55.176
24.0104
26.9216
63.2445
57.1569
27.774
36.9156
19.6641
38.9599
51.0834
40.5758
53.9585
37.6055
59.9921
52.4592
28.2168
57.0921
61.3723
36.3151
49.4036
46.2229
38.3822
44.9013
38.8904
50.2263
52.5469
16.4795
26.1454
61.8084
49.1653
38.1819
21.6871
25.8512
16.8926
22.6607
63.3432
27.6654
52.7684
27.0215
65.2835
53.1823
58.8665
18.2374
15.0942
57.362
56.6586
17.9769
53.4067
42.4545
42.081
19.772
43.4566
29.5947
28.5278
32.7318
59.3015
32.4883
16.3379
44.7778
47.5418
49.4407
29.2127
22.4849
37.0958
27.3498
34.2596
55.3385
27.7945
29.8521
54.6165
70.4075
53.6064
16.0671
55.1917
34.2833
43.1631
36.3172
47.095
29.2584
59.249
17.4638
49.566
17.7426
27.0676
23.0389
16.648
44.0537
23.3153
37.5747
58.9556
18.7283
55.1816
31.2656
21.5433
34.6238
33.6427
37.9707
39.0193
16.4753
60.2853
17.1155
42.6946
62.1395
54.8252
42.7748
59.2396
17.5924
28.1118
52.5102
55.401
25.0406
53.4606
41.9918
45.4016
28.3923
24.2844
50.9354
24.2811
28.5265
68.9267
42.3375
53.934
27.4835
35.5372
21.0194
53.9044
17.8837
21.0208
58.9618
31.0135
20.3461
48.2464
25.8544
59.6166
39.1757
20.3053
53.0354
23.3575
22.0267
40.2089
52.3
25.3488
60.1897
45.3524
31.6505
17.3136
60.6892
49.9226
28.5802
36.3392
26.2793
40.3473
55.0252
45.665
55.5213
33.0417
37.5654
18.9231
34.0295
53.4125
50.0578
34.9493
38.0397
68.8522
41.3028
63.2559
30.4105
25.8506
46.6992
19.1223
22.5278
42.7239
54.9075
61.1145
66.8447
37.3101
50.0041
22.9923
32.9613
28.8235
46.2885
24.9865
28.9021
42.9635
28.7833
61.6971
37.9847
36.7222
40.985
40.9067
46.4818
20.1087
31.2683
37.3208
59.2026
21.0589
28.4393
53.503
36.2823
49.8374
56.3111
31.1869
17.158
36.5446
24.2681
45.2168
18.7256
41.9438
59.0835
62.9986
39.3945
38.1801
22.15
34.9277
21.3836
61.9033
24.8647
48.0768
50.0295
40.6733
19.5326
20.0182
48.6332
49.0702
44.9356
28.4348
57.5258
34.6653
47.5734
68.4636
37.9699
24.7479
31.0817
----------------
update (avg): 39.3209
----------------
----- init -----
22.6026
----------------
init (avg): 22.6026
----------------
----- commit -----
2402.33
----------------
commit (avg): 2402.33
----------------
# Transaction throughput (KTPS)
LakeVillaMulti	/LakeVilla/src/YCSB-C/workloads/workloada.spec	1	0.0386299
