parsing config file ./lvconfig11.conf
parsing done
# Loading records:	0
<<<< begin once 
<<<<< redos: 0 >>>>>
<<<< commit once 
----- read -----
4.25618
4.41974
4.14139
3.7632
5.04755
3.90106
6.1108
3.51705
4.91943
4.1692
3.46607
5.10632
4.94294
4.85271
3.2955
5.09334
3.77391
4.15183
3.18454
3.70984
3.70891
3.82871
3.35973
3.74588
3.72133
4.61186
3.00281
4.67807
3.33728
3.99825
3.87152
4.42473
3.85337
4.61755
4.32443
4.26082
4.74829
4.15987
7.00845
4.36628
4.67073
4.75065
3.71554
5.32082
3.85453
4.34894
4.32327
4.48134
4.30164
3.60046
3.45213
4.62295
4.34822
4.03425
3.55602
7.88861
4.26225
4.17205
3.97962
4.20815
4.02855
3.83292
5.60432
4.78156
5.27202
3.83585
5.03805
4.15941
3.90587
4.61812
4.618
4.16617
4.53018
3.37799
4.30165
4.94961
4.4055
5.11533
4.33874
3.97487
4.37048
3.18395
4.50636
4.40644
3.58595
4.73916
4.73696
5.92876
3.82057
5.93954
4.14548
6.00468
6.38335
4.35063
4.21733
5.1244
4.35156
4.05532
4.57304
9.51957
4.20904
4.49517
6.61484
4.5884
4.70139
4.71452
4.2966
3.72315
4.975
3.9917
3.81526
4.42595
3.58659
4.99934
4.01282
6.53726
4.59546
4.48616
4.07304
4.55343
4.75497
4.53696
4.5919
4.26497
3.69309
4.35094
4.98645
4.79104
4.9664
4.25765
4.28836
4.46349
4.40466
4.38724
4.30855
3.3156
4.27256
3.62835
4.40613
3.49921
3.65237
3.51294
3.95276
4.46687
3.7735
8.0016
4.05154
4.1775
4.37035
3.61255
3.78582
3.89924
4.52715
4.8352
3.96175
3.99254
4.21509
3.53682
3.66799
4.50863
4.70967
4.53618
4.37404
4.10877
5.64055
4.33307
4.77054
4.55569
3.26782
3.76055
4.02415
3.6358
4.87883
4.27939
3.74775
5.78265
3.5865
3.28382
3.4047
3.89634
4.58204
5.00053
4.94858
4.73374
4.37401
5.06457
4.67744
4.9729
3.86959
5.23427
5.25371
4.04594
5.01246
4.93441
4.17877
4.54339
4.62364
3.68919
3.70154
5.43284
2.9688
3.04626
3.93974
4.27466
4.11187
4.35619
3.75493
4.01717
4.09398
4.6025
3.87865
3.3134
4.49879
4.20684
4.02909
4.50053
4.65792
4.19277
3.37278
4.57524
4.41199
3.24741
5.31739
4.39656
4.44212
4.47198
5.50842
3.8718
4.30052
3.72431
4.45217
4.66838
4.5964
4.33908
4.42204
4.62401
4.00247
4.11212
4.47387
4.63066
3.38819
3.50611
5.53253
4.42072
4.09552
5.77419
3.84168
5.46035
4.27799
3.46799
6.26044
6.75401
5.90272
3.53194
4.34349
4.40489
5.06025
5.11032
5.19326
3.71172
4.76175
8.89661
6.29872
4.84833
4.21228
5.29556
5.60701
7.84959
3.71158
5.99881
4.35925
5.59093
5.42643
7.2005
6.64481
5.78788
4.75817
4.99773
4.69369
4.78657
3.21683
4.95058
4.15426
5.33737
7.16232
4.16446
5.28291
4.71202
4.56709
4.32667
3.07264
3.95324
4.34044
4.92124
5.42511
6.79224
3.52103
3.61467
4.51528
5.63117
3.86157
5.67254
5.46766
4.84633
4.86323
4.14171
4.34414
3.54367
5.83692
4.85377
3.63242
5.34601
3.59053
4.01178
3.4228
5.67514
6.52702
4.82399
4.20404
4.52818
4.69584
5.72824
3.83535
4.19719
4.39387
5.97474
4.54064
5.18923
4.05922
4.22569
5.26188
5.48859
3.97063
5.72281
4.63886
4.114
4.98258
4.23435
6.5713
5.41932
4.32991
4.45787
4.43249
4.41953
4.29925
5.54407
3.82299
4.61031
5.2426
3.7981
4.33611
5.75889
13.5628
3.86915
4.88114
3.94596
4.32521
4.96002
3.91155
3.42131
3.96797
4.20886
4.99196
5.01519
4.0282
4.46759
4.71954
3.82026
4.02404
3.54568
3.41976
3.72547
4.63093
4.17628
3.75447
4.17342
3.05406
6.39262
4.39821
3.53158
4.14386
4.20051
4.06572
4.20512
3.62081
4.95749
4.17035
4.98738
4.69799
4.06791
4.4345
4.36087
4.11892
4.26506
3.1963
5.39951
3.90448
5.15825
3.9876
3.86262
5.93299
6.24058
5.44484
3.66409
3.71922
4.47895
4.23872
4.51215
5.5202
4.87499
4.38932
5.31541
3.94226
5.03908
3.71126
5.12488
4.71671
4.58827
5.70179
3.93617
4.31886
4.00159
5.0787
4.31458
4.69714
4.24204
4.75454
6.83783
4.23524
4.88023
3.95537
4.408
3.85138
3.5564
4.99387
3.37202
4.03801
5.28905
4.45313
4.05519
5.0028
3.86654
4.74691
3.72917
4.58138
3.58344
4.0025
4.17502
4.70737
3.96587
3.4416
4.57496
5.2435
4.88768
4.4045
7.14781
9.8216
4.3576
8.14986
4.82962
6.18242
6.26393
4.99285
5.63194
5.39372
3.80866
13.4521
6.59368
4.46787
5.19891
5.95275
5.31346
4.88534
5.57583
5.39822
5.27517
4.30281
5.99038
4.31871
4.23082
4.03397
4.04655
3.92184
4.64545
3.41922
4.12472
5.5467
3.67621
4.51533
4.48133
4.48082
5.50862
5.80868
3.90236
5.30428
6.18069
6.27433
5.85563
8.02323
6.23424
5.61344
6.23246
7.07792
4.9874
5.91976
6.59333
10.9489
5.85192
8.80914
11.943
6.12025
5.14419
4.11313
4.68704
5.11111
6.35165
6.40089
7.03535
6.77644
7.31643
----------------
read (avg): 4.69154
----------------
----- update -----
20.0648
44.9374
44.6861
48.883
48.4615
25.1727
30.3912
52.9198
60.3991
37.8353
61.8571
41.3904
49.1168
46.3947
56.0874
40.8332
49.9355
36.392
59.9996
21.4342
56.6908
51.2401
26.811
17.2306
43.4215
41.7207
43.9593
47.0562
51.8946
56.0323
62.0774
60.0811
27.4963
60.7832
52.5673
39.7218
45.9707
21.1827
57.1948
112.621
42.8781
21.0055
30.9893
58.3973
47.0712
52.0486
59.7157
43.0692
38.2961
49.9653
51.8336
38.0417
13.022
14.9706
27.2177
27.943
21.99
30.6585
24.691
40.9261
22.9263
51.2118
61.614
35.5604
37.6198
50.653
19.5339
29.3856
44.0659
33.1355
29.6392
33.7526
62.214
49.3924
44.5499
36.4762
24.9988
55.2447
18.8895
48.9813
24.8703
18.0678
28.9878
60.5879
47.384
42.1667
47.6628
39.8083
36.4307
27.2914
55.414
21.9781
42.2716
15.5796
61.5682
59.9228
19.4186
21.6863
52.9683
25.5774
54.8674
26.0549
26.8629
45.3217
19.6704
29.2103
32.7846
32.8218
24.5384
21.652
54.3938
50.685
61.5893
20.163
57.2754
49.4744
22.1363
46.775
46.9633
39.9095
54.0001
38.1702
50.2723
56.509
25.2213
58.4603
41.4408
31.6511
43.1837
32.0243
17.1463
29.728
57.9246
34.979
34.0403
29.3459
28.8957
51.747
54.2612
23.373
31.7552
45.6888
40.2027
42.9095
15.0369
43.1194
54.7868
48.8612
23.0663
15.3609
57.6789
48.8488
35.1013
32.882
32.5683
43.6013
45.9577
19.7523
28.3105
21.3253
21.5236
36.1138
48.9513
32.4601
16.6553
45.3881
53.8904
52.7485
27.2487
49.0761
43.9871
17.885
58.1277
39.6829
33.9793
44.9119
56.8554
28.9602
40.5925
19.8023
17.0252
27.9677
32.1683
29.3817
35.046
56.7131
41.2432
24.9558
56.2772
24.6587
56.2481
22.8404
48.5146
32.8485
29.6907
28.1163
20.1856
57.9724
55.4398
54.5866
29.3215
38.0308
46.9943
38.4741
33.3545
57.9258
52.9835
32.0313
35.1539
30.4041
38.6828
30.0919
33.6091
37.0828
21.4899
34.6224
49.3137
60.8752
37.5695
36.8886
55.6649
31.2269
51.938
50.1662
49.4442
53.9838
39.4741
28.1258
51.5231
34.1231
21.0125
36.2231
31.199
26.3165
36.0848
53.5635
29.4891
45.5122
32.3691
35.0476
27.4444
46.5952
61.3826
39.6383
40.2147
30.5328
31.9484
23.8681
43.5429
20.749
53.3275
60.6193
43.8979
64.1995
48.3623
41.3497
57.1909
41.8793
54.9744
19.4688
35.1275
25.8193
38.1163
21.5361
22.7572
40.6427
47.0957
26.7217
32.8981
30.5745
50.3173
61.5245
50.5064
27.7343
27.2417
51.0501
58.9836
57.8058
20.7215
41.4737
24.1733
14.1139
37.5444
30.7007
51.4083
35.7877
50.6227
41.6439
53.2225
53.3431
47.6354
31.2977
18.9849
34.2363
47.1507
65.2876
37.124
24.3065
18.3005
46.4653
51.2802
55.2589
25.2871
55.1422
62.0806
23.1948
19.2566
36.9424
23.5709
32.7571
52.8508
23.6778
61.5683
31.3294
13.7329
57.9764
18.2543
14.0458
61.3914
50.806
26.4378
39.8097
40.6824
27.7267
43.8235
40.0248
41.1032
29.0993
30.0227
63.1297
34.0871
46.9421
25.2413
61.3875
33.545
18.9215
31.2731
22.8151
59.5417
50.2495
25.2744
34.257
31.6449
60.7652
37.061
19.3312
51.1152
58.9375
54.9752
49.064
26.7289
28.808
43.0381
44.3423
55.1059
44.488
15.335
53.9465
34.3277
38.2974
15.9321
26.3235
25.4996
56.5849
48.9072
50.0551
14.2019
40.7014
27.1528
60.5268
57.1007
25.2802
26.2911
47.1376
22.1624
48.0838
56.2277
60.9564
37.3703
28.8492
49.5803
22.6296
59.8661
48.6403
46.9988
17.9478
24.8057
14.8957
16.9648
21.2709
25.8576
47.7894
45.1091
48.0122
33.2702
96.4003
62.7665
32.8765
49.2582
69.6722
60.1222
57.0582
57.1376
56.3712
40.3052
58.6196
61.1973
21.8594
61.2608
24.4175
31.341
26.3469
38.5141
22.1546
29.4806
52.9371
15.1865
53.093
65.4158
50.5592
19.7784
32.473
20.1634
45.0559
25.4075
46.8876
28.7514
21.6215
15.5278
26.836
20.4874
18.519
45.4761
49.0323
31.3812
21.6829
17.3199
45.1275
28.3339
19.0179
59.6876
60.8921
36.8781
30.8467
53.681
35.1931
57.1885
49.7316
36.7959
28.2469
50.1891
59.0332
46.6653
47.7999
58.4348
41.8252
61.2446
26.2444
56.5915
57.44
51.2107
36.7212
53.2401
44.9853
41.6447
23.3768
18.9945
52.9042
28.3429
37.3223
45.3442
65.5898
46.9189
64.1182
41.0272
45.7436
31.9635
66.3238
37.9428
56.6235
----------------
update (avg): 39.8772
----------------
----- init -----
27.2721
----------------
init (avg): 27.2721
----------------
----- commit -----
2693.98
----------------
commit (avg): 2693.98
----------------
# Transaction throughput (KTPS)
LakeVillaMulti	/LakeVilla/src/YCSB-C/workloads/workloada.spec	1	0.0368809
