parsing config file ./lvconfig5.conf
parsing done
# Loading records:	0
<<<< begin once 
<<<<< redos: 0 >>>>>
<<<< commit once 
----- read -----
4.1269
3.81344
4.12175
6.90057
4.79042
3.509
4.89899
4.31524
3.17785
4.5852
3.94516
4.52514
6.74537
5.02024
5.91081
4.46423
4.84919
5.16975
3.59995
4.48081
5.08782
4.993
4.11123
4.43452
4.62974
5.69218
5.61063
4.46277
4.39341
4.64174
4.0299
4.46116
4.0907
8.86866
3.67952
3.82081
3.91285
3.95804
5.49005
4.06369
3.46103
4.16111
3.80802
3.73846
4.80335
3.51722
3.40841
3.65267
4.45228
4.60752
3.68644
3.31734
2.92855
3.48791
4.33002
3.38124
4.41742
4.30888
4.77783
3.67446
4.28334
4.70386
4.33484
5.83985
4.94713
6.18471
4.95356
3.86558
4.82622
3.70516
10.1959
4.60459
4.52477
4.53979
3.87697
3.86346
3.66551
5.12899
6.68396
3.58479
4.03873
4.07706
3.41137
4.49112
3.88534
4.50726
3.96168
6.36533
5.42824
3.04691
5.23837
3.33852
6.33978
3.98612
4.01021
5.63719
8.68341
4.51548
3.53647
4.04342
3.27708
4.17137
3.70809
4.7425
3.44768
4.31088
3.86125
4.20894
4.0347
5.56894
3.60485
4.04193
9.29004
5.06797
5.69852
5.29574
3.61285
4.32006
5.27853
5.04248
4.21371
5.14001
3.24985
4.06849
4.74363
4.8117
4.12222
4.65267
4.21292
4.22774
4.75785
3.72809
14.0038
7.09687
7.24337
6.93807
4.03159
4.96961
3.99504
4.05765
4.65982
4.02464
2.85593
3.99434
4.14826
3.27422
4.52722
3.7203
4.67929
5.23069
4.84624
4.22631
4.21426
4.92839
7.09285
3.43885
4.89464
5.5449
5.66869
4.33113
4.38017
5.0315
4.6738
4.50151
4.5279
5.10654
4.4978
4.67512
5.23211
5.93675
4.02064
4.182
3.60202
4.88187
5.27871
3.6974
4.13929
7.25723
9.12811
4.06274
4.40517
3.66026
4.01243
3.33095
3.45151
3.77836
3.90404
5.13455
4.44443
3.14147
3.84324
3.60779
4.21646
4.37357
3.35099
4.08803
4.23278
3.30598
4.00625
4.26107
5.16864
3.71216
3.88328
4.2938
3.88969
3.54815
4.24232
4.99918
4.36522
3.9108
4.12755
4.16479
4.77257
3.80514
4.58939
5.85378
4.35641
4.21842
3.51719
4.12961
6.45256
4.65242
4.12599
4.3521
5.2742
4.14147
4.16389
3.75797
5.00863
5.00846
3.88005
3.45089
4.70846
4.30856
3.88501
4.21391
3.4519
3.58692
4.59875
3.71989
4.13661
4.2043
4.05981
3.74274
4.64046
4.18961
3.49513
5.6073
4.48258
4.34138
4.63456
4.56982
4.73701
5.41766
5.31347
5.12022
4.15067
4.0675
4.02151
3.99713
4.06525
4.40578
4.8017
4.11881
5.27531
3.59647
5.30145
8.18595
5.49761
7.85615
7.636
8.67678
6.19675
4.04558
5.27858
5.52916
4.69943
3.92831
3.80359
4.35162
4.27511
3.88131
4.34483
5.75834
6.0556
5.83995
4.83497
5.08778
5.65116
3.94873
4.25034
5.25712
4.32813
3.71955
3.84493
3.21054
4.1464
4.75906
5.21865
5.72361
4.16298
4.37866
5.30118
3.6626
3.76614
4.96739
3.87576
5.0584
5.45792
4.58536
4.30654
4.57481
4.04755
9.81396
6.70774
3.84987
4.46162
5.19202
4.56954
4.59147
5.05728
4.31613
3.95653
4.61929
4.602
4.90129
4.56321
5.08
3.49913
5.41333
5.71858
3.96968
4.70479
4.03038
4.49485
5.35605
4.43462
4.42901
5.38321
4.20613
5.10059
4.51433
4.64866
4.42755
4.73921
3.85717
4.85058
4.85628
6.41284
3.50148
4.11468
4.17536
4.74388
4.96003
4.91622
3.44741
4.97743
4.56571
3.8403
4.57284
4.1762
3.83048
4.91409
5.84044
4.83992
5.08191
4.68451
3.95594
4.39606
4.81036
4.50481
3.84646
4.11059
4.13251
4.5066
4.47414
4.04155
4.99891
4.16324
4.90488
4.30866
4.12723
3.91445
3.55545
4.13794
3.93555
5.67917
5.81523
4.20065
4.76232
4.77386
4.29695
4.93108
4.28941
4.1616
4.7692
3.10248
4.66531
3.27652
3.74989
4.8527
4.62196
4.25494
4.9043
6.8708
3.78752
5.57511
5.19771
9.3371
5.73848
4.17964
4.54675
4.94806
4.21644
3.39189
5.29593
4.59158
4.10273
4.08407
4.83655
4.64404
9.34266
5.30921
3.14986
3.64997
5.1496
3.86943
3.74759
4.05307
4.78966
5.65197
5.17922
4.57118
4.84691
5.83482
4.32853
4.33483
4.90508
4.70845
4.6002
3.98784
4.46216
4.29268
3.82916
4.66743
5.34502
5.02001
4.18541
4.43172
4.48915
3.76758
4.23277
3.82888
4.57249
10.2385
6.63249
5.05896
5.7688
9.09596
4.56732
5.83312
3.99865
4.99885
5.41662
6.28454
4.40558
4.25952
4.32481
4.00735
3.54673
4.68218
4.14804
3.93999
3.86145
4.18004
5.33088
3.77857
4.29542
3.88878
4.10464
5.70723
4.92789
4.24972
4.04442
5.02253
4.87869
4.79992
5.18808
4.71883
4.81542
5.81952
7.09528
4.98276
4.97473
5.55699
4.4517
4.38256
4.82865
5.90268
4.80249
5.0332
4.12722
4.75175
3.8715
3.44745
12.7973
8.94783
6.91084
6.97947
5.96326
6.0333
4.95584
4.0158
34.5854
15.8096
8.30982
6.93467
4.73979
7.51792
6.19021
----------------
read (avg): 4.79243
----------------
----- update -----
18.909
36.6639
30.8933
33.9473
48.3533
26.7001
25.0549
42.1723
27.9072
58.4426
29.664
67.0789
35.1809
15.5552
57.6574
37.7232
49.1476
54.4202
52.3396
51.708
36.0677
24.169
57.58
58.49
25.9235
52.9653
15.5394
54.5445
26.5477
42.0116
34.263
15.1623
33.5377
26.0571
46.4777
61.9083
16.8336
59.0774
60.2444
12.0644
44.3692
30.7609
55.9182
25.1737
130.723
20.482
18.6944
23.7136
51.9498
44.1919
23.9818
27.9183
16.0316
42.4812
54.4261
56.2413
18.5968
48.2844
14.2208
31.8003
10.9956
39.8517
35.2208
20.8446
26.744
27.0557
35.0821
19.0712
26.3041
31.2922
33.8651
22.6124
23.4954
25.8696
39.5141
48.6756
23.6558
55.7423
55.2796
15.3293
15.2715
47.1228
50.0462
64.5977
47.8573
34.8556
62.4019
41.3132
26.0462
36.3829
58.4106
31.9711
50.5808
27.7568
51.6119
40.3115
36.0761
56.8368
30.986
52.2767
48.3603
42.4679
15.4217
11.9575
47.2292
43.0642
37.8521
49.1671
20.6717
33.2038
26.4785
49.0887
61.7458
50.3103
12.9228
16.5253
59.0336
51.8279
42.7391
60.3894
48.3666
26.9997
23.2909
33.3274
30.8717
50.9844
36.6863
58.4415
37.4431
52.57
47.3165
23.6036
30.7031
63.1566
29.0856
57.3791
33.5753
57.3251
41.136
46.6685
39.3715
37.4818
37.4937
48.7768
47.4427
33.0014
60.5444
51.6127
24.2098
55.441
35.9642
45.4719
32.3584
17.0357
21.4723
52.8243
32.2699
46.9009
43.4451
16.7022
42.4595
14.0663
46.1431
41.4989
48.4423
14.1213
19.7487
51.3103
59.2361
21.0595
44.1579
53.4303
43.758
61.6857
46.614
58.4444
40.06
42.264
34.6304
31.7822
48.2769
25.6549
54.561
60.4713
27.4572
36.0284
40.5454
45.8613
63.2472
39.6875
17.7372
56.3101
57.5579
19.7377
35.3615
59.1559
21.2759
48.2402
48.3159
17.3643
35.2623
41.2436
47.8514
24.8079
43.2644
15.6202
42.8615
55.3016
19.7563
51.1799
47.1971
25.0639
20.8842
52.2517
16.3066
45.671
36.7838
27.3899
62.2463
38.7148
39.836
34.3509
14.2462
58.4755
27.9324
35.9796
45.5729
21.7031
44.4799
28.5325
18.0799
62.2831
34.8509
52.918
61.5224
65.2387
62.1078
36.0907
32.3035
22.4186
50.8549
55.097
36.7988
67.3654
32.9194
26.7521
58.8417
23.1887
26.3632
57.9756
55.6385
52.1128
47.2698
41.6755
37.9849
52.5936
68.1054
52.8317
47.7518
32.4523
53.4546
39.0456
36.3318
30.8277
39.484
56.305
45.2131
45.027
34.4114
55.3517
60.0082
44.8478
46.3538
42.7992
14.2596
47.4405
20.6286
43.183
45.0663
45.2795
17.6811
49.8142
43.7951
35.2764
22.6542
34.8099
29.3622
46.4951
57.0106
51.9959
20.6548
33.9342
47.0387
57.2549
25.7511
51.4332
59.952
48.4057
58.6401
35.5139
34.502
59.5365
60.6855
25.2956
18.0465
36.3003
49.6168
52.1637
26.3583
20.0312
25.7993
52.5459
59.7141
44.2658
30.7563
27.9429
32.9842
21.1039
28.822
44.7458
51.0669
50.5227
34.3209
44.1745
56.4897
19.0267
29.8541
57.0669
59.1006
46.9922
45.9906
16.0904
33.008
33.0712
51.4368
12.3576
40.9566
48.6121
15.6743
22.0859
43.2318
59.2325
15.7987
56.2058
57.4506
53.5245
41.1877
20.8012
20.0403
16.7574
24.937
44.4542
39.8296
30.3619
17.3039
61.6791
34.153
23.0496
25.8186
37.2921
42.9802
44.6828
37.0647
57.5918
53.9194
19.4027
53.4969
57.7749
57.7885
38.4304
31.1596
17.3378
40.6846
56.0649
29.0053
54.9382
53.8884
26.0677
39.3078
38.4184
28.7033
31.1422
27.1519
16.3015
46.7347
33.9831
21.8089
52.5911
65.9147
73.8927
25.9182
89.5594
45.1132
32.3108
43.8238
18.3462
64.7676
47.844
65.9585
53.9623
45.6586
31.6361
40.2794
54.8076
45.3248
25.8099
16.5854
40.789
23.6109
51.7445
39.8711
47.7201
43.4807
23.6496
39.7408
22.413
31.5408
20.698
57.3292
31.6002
49.3953
34.1052
33.7801
24.1177
39.7282
53.0199
50.9034
28.86
50.1706
16.5837
21.2363
21.8605
56.7963
33.1709
14.9507
21.3282
30.1285
50.1241
27.5426
50.2458
33.8187
45.7045
21.7334
55.213
16.7683
20.3911
37.9698
21.4824
37.7056
62.4776
27.0687
19.5936
36.791
40.3813
30.8132
46.1131
47.3793
39.0398
43.682
47.7687
47.6566
60.4182
77.2118
28.8245
54.7249
55.9067
49.6458
34.9675
39.4081
46.0883
57.5655
27.9172
51.8806
67.7048
61.4152
47.0523
41.0424
50.6503
63.3792
63.2008
----------------
update (avg): 39.9376
----------------
----- init -----
27.3315
----------------
init (avg): 27.3315
----------------
----- commit -----
2654.53
----------------
commit (avg): 2654.53
----------------
# Transaction throughput (KTPS)
LakeVillaMulti	/LakeVilla/src/YCSB-C/workloads/workloada.spec	1	0.0368191
