parsing config file ./lvconfig26.conf
parsing done
# Loading records:	0
<<<< begin once 
<<<<< redos: 0 >>>>>
<<<< commit once 
----- read -----
4.66213
4.95745
3.77371
3.90869
3.32517
4.61073
4.6982
4.04939
3.31121
3.34939
4.28263
5.28584
4.29086
3.90293
4.53367
3.59209
2.87181
4.02152
6.13393
4.42154
3.61543
4.47754
5.75276
3.56999
3.96807
4.61357
4.26239
4.07261
4.14301
4.9065
4.7225
4.30963
4.81228
4.16739
3.74112
4.9942
3.98758
4.52558
5.40919
3.58531
4.17943
4.93717
4.27659
4.46393
4.31334
4.10373
4.42359
4.05234
9.97558
5.86111
3.23474
3.98397
4.13838
4.20352
4.04776
4.62608
4.50334
4.10756
3.58548
3.88107
3.42543
4.05726
6.14537
4.8328
4.26488
3.77193
3.90005
3.89125
3.86188
4.39167
3.8309
3.36637
4.20136
5.86108
4.13451
4.38152
4.91708
3.95878
4.76371
4.91247
3.98099
10.3552
5.48385
3.99599
5.19409
3.93238
4.66737
4.14854
4.79182
5.31902
4.69863
6.15269
4.81093
6.21413
5.49378
3.6303
3.57977
4.06664
3.59184
4.53788
4.14183
5.00704
3.69668
6.84689
4.32892
4.22234
3.80074
3.31955
4.48343
3.98443
5.27867
4.14206
4.16826
3.91084
3.97949
4.50799
4.76533
4.48974
5.06535
3.90456
4.35118
3.81077
4.7011
3.27794
4.31473
3.84201
3.92881
4.06035
3.67067
3.52961
6.19863
3.95335
4.43894
4.58886
4.73553
4.21545
3.47839
3.79709
6.29497
6.00773
4.08784
4.66019
4.52937
4.2046
4.54769
3.52769
3.27944
4.21648
3.07147
3.22579
4.3922
3.73451
4.26368
3.63991
4.8338
4.35513
8.36853
9.15797
4.1469
5.12974
3.92544
3.98019
5.25517
4.25162
3.60908
4.1908
3.96082
3.957
3.75932
5.36125
3.72045
3.69569
4.60111
3.61075
4.14605
3.66819
4.48516
3.88073
3.53533
3.11081
4.63682
3.99716
5.04273
5.39542
4.20516
4.28855
4.09846
4.54457
5.18024
3.74586
3.91732
4.19252
4.42791
4.70786
4.03378
3.57289
4.51975
4.77488
3.69712
3.99749
4.57999
4.55285
3.59898
4.03209
3.79293
3.54783
5.47522
3.70532
4.22466
4.38578
4.31197
3.78789
4.04043
4.7997
4.17947
4.48631
4.57877
3.17274
4.59459
3.96019
4.65721
4.85245
4.16304
4.68437
3.72896
3.45402
3.84331
3.92972
3.80715
4.6159
3.37678
4.02607
4.08859
4.06533
6.10763
4.39316
4.99991
3.75866
4.40875
4.97072
5.19421
4.47408
5.56888
4.24821
3.73638
2.92558
4.37765
4.69213
3.83542
5.48263
3.78861
3.50486
3.95969
4.04736
5.49627
5.68473
3.93809
4.97419
3.39811
4.55711
4.34689
6.16399
6.37526
5.83123
4.51223
4.02839
5.35342
5.33421
7.37507
5.58724
9.38774
6.34395
6.15835
6.90821
7.00878
6.1477
4.88808
4.8102
5.46228
4.95157
4.97336
5.25792
4.10741
4.67596
4.21152
5.70817
3.90943
4.10591
5.15573
3.64161
5.19266
4.55957
4.57058
4.25379
4.51854
5.43595
4.33983
3.75106
4.37006
3.79244
3.28446
4.14723
3.91145
3.99919
3.33912
3.36677
4.08208
4.89365
4.70881
5.35223
5.48626
6.86535
6.26358
4.84269
7.43046
4.26343
4.53177
3.92504
4.41611
3.75543
4.52179
4.80682
3.65828
5.27936
6.54073
4.62763
4.80398
4.88185
3.90199
4.21619
4.84932
5.29582
4.34028
4.05248
4.45292
5.51288
7.20428
4.98974
4.93173
4.86189
3.61234
4.436
5.54074
4.05658
5.00273
5.82019
4.40837
4.04484
4.34506
4.85553
5.10349
4.69007
4.54536
3.61934
3.96077
3.87791
14.2145
4.38666
4.70395
4.96635
4.08981
4.50846
4.41342
5.33845
3.32289
4.32462
4.10834
5.47956
3.82748
4.8744
4.3339
4.56687
4.83283
4.20465
4.36353
5.48955
4.23959
5.58981
3.3246
5.01222
6.34759
4.34046
3.04506
3.8176
4.44798
3.66181
3.29393
7.12176
4.33675
4.46443
3.74387
4.11753
4.44812
4.30097
3.55176
4.88877
4.40411
3.7313
4.29017
4.91913
4.05134
3.9371
4.33395
4.38622
5.35767
3.77675
4.68241
4.12002
4.14323
4.56367
4.39865
4.85416
4.1448
4.06099
3.6209
4.21125
3.85888
3.2582
3.81374
4.62649
7.70083
3.7105
5.2604
4.24791
5.24746
5.28147
5.29706
4.88816
4.49839
4.22797
4.00227
4.46605
4.66422
4.08031
4.60351
4.97383
4.52677
3.81848
3.76534
4.52529
5.09467
4.31498
5.50554
4.8384
4.69721
4.70089
3.92573
3.85112
4.27542
3.91754
3.95036
3.99388
3.49735
5.00826
6.63616
8.03975
5.51994
7.55426
7.26062
6.64549
5.37179
5.47578
5.66542
5.25822
7.13495
4.65351
4.42038
5.27859
9.92939
4.82354
4.34004
5.09555
4.72386
4.29941
6.09793
3.59749
4.01456
3.94222
4.16662
4.91313
4.35358
4.32718
4.55927
3.82369
5.31846
3.93983
5.12343
7.37669
5.2217
3.73039
5.67708
4.489
4.9676
4.29227
11.1863
3.83086
4.41177
4.88328
4.68677
5.87049
4.32308
5.34393
5.24728
5.95258
6.04679
13.5331
7.16258
4.90371
8.28492
6.29824
6.02021
4.61445
8.13617
6.24133
9.17363
8.33124
9.93538
7.80452
9.21321
8.12194
----------------
read (avg): 4.70565
----------------
----- update -----
56.2807
59.2575
48.2356
43.9028
19.8908
49.8293
34.9649
26.7534
54.1558
46.2743
23.3899
54.1347
49.6584
60.536
38.3521
41.2919
44.4444
23.6118
30.6484
56.3638
11.5229
36.6173
36.3666
61.2533
40.8889
34.2701
31.6488
26.7671
54.2036
46.6247
51.0968
25.9712
32.7072
16.0574
19.8079
14.1642
41.998
54.5068
34.459
40.2728
30.3002
43.8495
52.6058
117.243
37.8702
38.0715
48.5401
10.9847
13.9288
57.4845
37.462
51.203
18.8097
60.9637
19.0579
49.4188
16.7746
29.178
57.9321
28.4755
57.3232
15.1745
17.6281
45.0446
44.5856
19.8507
20.5843
43.1045
38.5008
40.1035
20.6243
48.9532
47.831
27.0081
59.8822
32.8531
36.2834
44.072
50.4087
15.2919
22.6618
57.3756
15.9508
57.9802
60.8308
61.4646
24.1749
43.3636
31.4089
59.0603
54.3827
32.9236
35.4974
52.1621
60.1219
27.2527
16.4605
18.3576
49.3312
57.7309
42.3728
43.164
47.6249
19.2081
23.3672
61.0454
28.2482
38.4003
30.1207
26.5521
33.8174
55.145
24.5181
60.0085
31.6985
43.1604
23.2883
35.5581
59.1843
23.4069
36.9532
17.8932
24.5471
51.8132
61.0935
52.6055
30.9452
64.9928
24.8086
46.7259
57.1432
53.9367
45.6549
30.5353
39.763
44.9028
41.2374
56.4548
55.3865
59.1166
27.6839
24.4246
38.6751
18.979
22.9347
37.0374
60.1054
50.5683
50.0356
36.5167
19.6485
43.1619
17.6674
53.8972
20.4282
23.2767
30.7623
43.9545
28.3243
47.4606
52.876
27.281
22.1087
44.6596
24.5249
16.2868
54.1644
37.0779
38.605
26.0747
28.2337
59.2034
19.1213
18.429
50.0348
35.9418
65.4006
36.2479
13.4031
39.8418
19.5372
61.7022
46.0204
18.4154
43.5362
57.2975
33.5363
34.3815
30.1007
60.8714
53.2432
14.9344
18.8019
33.9984
38.0233
21.6165
39.9301
14.3079
52.4791
49.0219
60.4646
51.776
15.5604
35.0008
53.1472
26.9454
52.1069
45.0972
58.1329
45.1133
41.7736
15.3225
56.0972
60.4563
55.0805
53.6633
40.1536
62.8958
16.2458
33.4535
55.144
48.9119
18.8729
12.2429
58.6021
18.0019
61.7841
50.1174
33.5147
42.1482
38.5208
56.0699
33.231
21.7434
52.2534
19.9042
25.5967
58.2674
18.3303
48.0478
47.4869
23.0241
50.6064
45.3898
25.8182
54.0219
59.7788
21.6489
54.3517
25.4934
36.8986
21.7733
44.8929
39.7557
19.77
26.4631
23.7778
29.8928
19.4656
57.7011
20.926
35.2776
22.2616
52.7297
40.9543
30.4815
46.6022
43.075
37.2999
53.4521
21.9859
27.4007
39.623
24.9204
20.7301
38.7331
22.8586
38.135
33.9113
58.9724
32.9685
60.7699
38.3705
58.7414
22.7725
28.4979
34.1629
26.094
41.6178
50.6071
19.3831
17.6978
18.0589
21.3575
51.1875
27.7687
22.4611
57.5437
32.6888
57.3678
23.9209
51.0795
57.157
41.4441
56.7946
41.7167
52.2664
25.3995
52.5442
45.9377
22.3727
40.0498
27.5969
59.6456
27.807
39.6412
25.8573
41.8469
59.9389
58.5319
51.1395
58.1991
35.4065
39.4429
15.1092
42.9297
51.368
30.1313
34.0622
37.5335
57.2586
33.5705
50.6218
16.7393
19.5329
38.7868
48.0469
35.3666
13.9645
40.7085
46.613
27.653
59.2076
54.2366
36.6149
33.8727
37.1161
38.1715
44.675
56.6404
39.8554
20.0332
36.7605
31.334
37.0871
46.7654
42.852
51.6541
51.3891
62.0715
18.4195
43.5037
55.1113
57.9983
62.1694
59.8332
32.7661
49.139
62.1611
48.2429
59.5398
44.2312
40.4938
50.2925
38.2255
35.9195
52.3274
41.0712
21.4223
36.9402
62.6666
57.4219
42.3805
59.5112
45.3524
31.3085
33.5634
57.5858
56.8538
31.9639
71.5059
64.5377
82.3295
47.598
54.3627
44.0636
22.4308
36.3903
60.8852
34.3297
30.3104
41.1726
32.924
64.5417
61.5114
34.6537
16.709
58.1292
78.8816
34.3394
25.4467
27.6822
33.3481
45.7549
41.2656
39.3926
59.2268
42.8368
26.975
25.36
32.4787
30.1924
59.7633
32.5889
26.4694
15.946
62.19
24.5962
39.3633
31.6332
39.8552
18.1022
51.394
18.7177
61.3759
26.5831
54.0807
18.8814
19.5411
16.1913
41.6167
21.6198
46.3982
43.9399
55.3085
25.9428
21.4525
24.0961
50.9055
48.3185
33.6543
71.2605
26.2437
60.919
47.0334
28.9647
22.6529
27.2863
63.8556
36.0826
54.1238
73.3009
23.9376
55.9606
27.9907
39.4262
23.3901
56.0926
38.8339
43.2271
102.79
48.3323
57.3241
52.9919
46.7561
71.0867
66.7903
41.6942
37.4221
54.8669
----------------
update (avg): 40.0742
----------------
----- init -----
25.2882
----------------
init (avg): 25.2882
----------------
----- commit -----
2467.54
----------------
commit (avg): 2467.54
----------------
# Transaction throughput (KTPS)
LakeVillaMulti	/LakeVilla/src/YCSB-C/workloads/workloada.spec	1	0.0370329
