parsing config file ./lvconfig28.conf
parsing done
# Loading records:	0
<<<< begin once 
<<<<< redos: 0 >>>>>
<<<< commit once 
----- read -----
4.59438
4.79244
4.14343
4.95732
4.1502
3.82969
4.22137
4.4756
4.56944
4.52694
4.06424
4.75328
12.8779
4.03325
4.0769
3.38536
3.41258
3.7816
3.66047
4.00987
3.83141
5.14857
3.72843
3.48097
3.86446
4.61942
4.25784
4.28288
4.59122
4.045
5.04298
3.92712
3.64307
3.80706
3.38944
3.93951
4.18831
4.40119
3.75671
3.86193
4.29005
3.69024
4.47502
3.88397
3.08832
4.39478
4.19797
3.58516
3.04402
3.52626
3.86664
3.72557
4.29807
2.6826
3.19272
3.56437
3.84064
4.59755
4.42706
5.85696
3.71358
3.90656
3.89376
5.40045
4.25364
4.65086
4.07961
4.16017
5.81977
3.76499
5.59853
4.76016
6.15379
4.17931
4.20155
4.45268
3.89715
5.37916
4.24454
4.03186
4.9329
4.51465
5.63093
5.09024
4.59945
4.49886
4.90394
3.619
3.56008
4.21937
5.45308
5.666
6.82113
8.97193
2.94692
4.71935
3.70031
4.3944
3.88504
6.79887
5.71623
4.1536
9.45736
3.57533
4.38101
4.87662
4.65363
4.75062
4.31668
3.66204
4.28692
4.77028
3.92511
3.26789
4.11877
4.09932
4.06914
5.0385
4.86971
3.76913
4.61818
4.59427
4.93357
5.85745
3.34526
5.57271
5.63875
4.83803
3.80415
4.47684
3.99407
4.45274
4.73986
3.43785
4.3752
4.96787
4.5641
3.71013
5.08317
3.62757
4.44895
4.37291
3.66615
3.6509
3.95593
3.78406
4.26012
4.18122
3.98414
4.32776
4.06445
4.8715
3.9819
4.1165
4.82611
4.17858
3.6867
4.13542
4.44017
3.39723
4.48149
4.1018
4.60099
4.92542
4.92655
3.62707
4.75955
3.42678
4.26599
4.20923
4.26018
4.6273
3.60857
3.74609
4.02649
3.20009
3.7558
4.1909
3.99009
3.90015
3.99836
4.2897
4.82543
4.92416
4.05524
5.95482
3.11849
4.21318
4.34398
4.69403
3.75034
3.71472
4.52223
4.27633
3.77707
4.80671
4.81519
4.72149
5.1471
3.38942
4.32849
4.03338
4.35599
4.79877
4.29329
4.26579
3.80836
4.98871
3.76877
4.11454
3.52355
4.53703
4.86393
7.16961
2.5539
3.93089
4.84529
4.53581
4.661
3.65189
5.17847
3.79631
3.60491
5.07176
3.34902
3.70425
6.18709
4.54573
4.59409
5.44293
4.12208
4.54561
4.0222
4.29446
4.4518
3.92487
4.57307
4.50904
4.85007
5.33694
4.06609
3.566
4.67293
4.88882
3.42695
3.56508
4.42895
4.92378
4.57793
4.86531
3.71592
4.19327
3.73006
4.26069
3.67697
4.54002
4.15904
4.91398
4.44997
3.84958
5.22698
5.71232
6.35544
4.06672
5.45952
7.43326
3.83186
6.87515
12.4066
5.07394
6.55945
6.99737
5.69913
6.24856
5.95857
6.03436
4.73647
4.08955
4.57195
3.77963
3.93926
5.29487
5.6063
4.64614
4.19273
3.07441
4.83585
7.0285
4.33461
3.42565
4.56129
4.56479
4.20466
3.90198
4.54256
3.87748
3.51528
4.31427
4.1674
3.86104
3.65182
4.5247
3.17105
5.86501
4.75036
3.71553
4.75641
4.70297
4.43383
4.08823
3.83536
4.63914
4.13097
3.96512
3.85442
4.03952
4.79506
3.84596
4.16162
6.13673
7.2105
7.06467
4.09931
4.19568
5.90891
5.14311
4.45091
4.30862
4.39958
4.45019
5.14984
3.91927
4.3631
3.64285
4.5549
5.49376
3.77222
4.28105
5.55503
4.44542
5.0044
5.36664
3.91659
4.6228
4.48144
4.4252
4.05244
3.56845
3.73704
5.15332
3.84955
4.23362
3.92209
5.6277
4.87748
5.46351
5.98215
4.46809
5.75838
4.40995
5.23644
3.5857
3.21151
4.68511
4.43109
5.66431
5.41194
4.86004
4.11779
4.62609
6.60604
3.69746
5.22722
4.73919
3.81522
3.17209
4.91556
4.75257
4.23827
4.98751
4.14616
3.94671
3.1725
5.68325
6.01639
7.71514
3.59834
4.75633
4.33627
5.7523
5.09575
4.20885
2.97444
4.52723
4.64271
3.67341
4.06321
3.92003
3.70195
3.33405
4.95975
4.18838
5.2081
3.77353
7.40622
5.82792
5.89582
5.01647
4.35611
4.32146
4.86189
4.40566
5.31236
5.25364
4.54383
4.39836
4.52407
4.62427
6.76812
6.19396
4.00888
5.23194
4.96302
5.24071
4.03756
4.88399
3.87774
4.16941
3.86774
4.37232
4.2764
5.1552
3.86057
5.09921
5.41867
5.146
4.18429
4.06514
5.24353
4.08853
4.52917
5.16803
4.25647
5.40489
3.61928
3.83065
3.86905
4.41693
4.25154
5.08091
4.92529
4.32533
8.12574
4.16406
5.51063
7.27735
5.68294
7.22252
5.25558
6.88834
5.79094
6.20272
4.60635
6.14327
4.94747
6.42469
5.47218
6.40157
4.03342
7.23657
5.76139
6.16198
5.6125
4.77619
3.59442
4.23214
4.92953
4.68567
3.98116
5.2604
4.56776
4.65424
4.21269
4.17608
5.57585
4.55188
4.30001
4.63526
4.4074
5.27816
4.01568
3.93474
3.3383
5.43209
6.38284
6.31482
5.58363
4.79679
6.37721
8.00643
5.60288
5.15174
6.14913
7.08931
4.63682
5.61513
4.61221
4.95111
7.28158
7.21572
4.67333
6.04742
15.6927
5.87453
8.54406
5.63665
8.01805
6.5859
7.5708
7.17255
----------------
read (avg): 4.68945
----------------
----- update -----
24.5514
24.5086
22.6806
34.7556
33.609
16.3303
53.5162
14.0293
49.2172
30.7912
62.7761
27.3327
64.9495
62.4282
42.9046
45.3409
23.9987
24.8114
46.3016
25.3269
39.2755
35.0839
55.7767
60.72
62.2656
43.6329
219.087
14.5215
51.7577
34.8741
55.8578
59.9054
49.3159
12.9603
18.7688
12.3721
38.129
32.9727
45.3732
15.8082
26.6469
37.1056
117.839
44.4666
14.0342
57.701
30.5024
55.8949
21.6788
40.9209
55.9763
35.3012
30.0365
13.6778
17.9748
27.8694
29.5597
40.628
48.8699
50.8084
33.5199
33.5105
39.27
45.6245
62.0487
46.3742
47.4258
18.06
41.5243
35.9188
29.9971
31.2573
56.0473
28.5751
41.5051
56.4061
22.8006
41.3258
43.8808
48.8819
31.141
35.5716
53.0882
58.8566
56.8364
25.5679
22.2008
54.0658
29.9507
24.2382
53.6031
31.7683
28.7204
62.2157
34.8512
23.8115
25.7609
57.4347
17.8059
40.1516
34.9364
60.9078
23.9189
51.0714
39.9515
41.8269
30.0174
51.2117
48.9041
17.6336
48.1841
53.9775
42.2744
40.7673
62.0618
39.1122
55.3448
23.1657
47.0627
44.4197
52.7405
63.8373
46.1027
15.6826
30.132
28.1655
24.0934
44.0355
24.2991
12.8007
45.7587
41.7889
58.7657
50.2407
34.2939
51.3208
62.1423
15.3264
33.5025
51.7908
28.3148
52.5567
52.8565
20.229
38.3054
47.2419
25.7753
14.5887
30.5137
41.7919
16.641
16.4357
33.7797
42.725
18.8507
43.3117
59.5083
16.312
42.698
43.4096
41.6272
36.1466
36.4021
22.3176
32.118
48.2322
40.4671
23.1206
21.4844
45.5546
19.678
17.5476
43.0813
34.6747
44.4371
37.2943
45.2972
54.4904
51.8511
46.9202
25.6812
21.8851
41.6001
20.4546
60.3563
31.4582
24.3642
54.0621
15.5022
21.5428
29.7644
16.1138
64.0334
62.788
30.7155
48.6087
20.2986
59.1793
27.5651
14.7835
21.8744
36.1575
35.056
58.34
50.0383
20.8947
50.4546
16.0451
33.0444
69.3663
62.5267
45.1868
25.4202
12.8007
60.9666
37.8482
16.1873
63.3445
19.9143
49.3336
51.9637
32.8056
26.995
25.5738
37.8635
31.7894
59.7246
27.8752
51.7472
22.3416
63.7367
51.2769
37.6311
52.996
43.5312
46.76
45.8767
45.8685
25.0999
33.6675
38.3607
52.7311
62.7787
26.0294
40.0496
37.9745
50.0999
41.5313
36.4987
52.6541
55.7292
35.5135
52.2457
24.8198
37.3348
43.644
53.1118
26.5534
40.2078
19.4238
27.9531
24.6857
25.1918
35.3053
50.5002
30.6483
45.062
38.0137
14.0509
59.7381
40.7061
40.0452
19.5488
41.0142
41.3855
63.4557
31.7108
63.2868
44.7243
33.1885
43.4553
16.2402
20.4642
28.5749
50.0513
45.9465
59.6229
39.0566
37.2099
58.5751
29.9738
33.4916
38.2024
62.6718
44.7395
62.1816
18.3648
47.7568
24.3258
55.6809
55.4216
21.646
40.5712
43.1552
39.5128
37.8032
57.6765
19.3522
27.653
36.1359
32.1834
53.429
24.4702
35.1988
30.3142
36.4855
59.0658
30.8257
33.3737
15.9234
48.7899
56.0337
49.8843
24.8828
62.4338
23.0231
54.223
26.3464
16.2689
15.0518
34.244
42.7065
22.7391
39.4911
17.4425
47.9704
59.53
51.7472
54.271
35.3257
19.0933
39.6904
43.2785
59.957
18.4459
27.8885
45.7717
44.5302
52.4947
46.9433
32.2703
18.7551
27.4459
49.6824
31.5458
59.4548
22.0853
62.3156
59.9887
48.0633
51.5853
32.3126
59.1966
21.9349
53.7227
41.5021
30.0532
54.0917
47.4945
41.7674
23.0495
51.7774
14.6939
56.9596
39.7348
52.9256
29.6998
39.2766
14.6805
51.1258
25.4075
44.7376
30.1035
57.121
43.3269
49.6762
49.7736
44.1258
32.8002
27.9096
26.2656
52.4862
28.5466
70.7618
59.8268
63.4986
24.077
25.4465
28.5603
26.2018
41.6997
31.4648
45.7292
57.0985
68.0258
59.1705
19.4346
43.3576
21.9241
44.7119
46.1246
52.6158
48.1662
66.0401
65.8202
48.2029
24.6213
26.1176
34.3731
64.1778
48.5356
31.6924
31.7834
46.4552
63.2176
38.9208
24.8531
61.2414
13.6784
30.1199
53.5829
51.4713
17.595
15.6032
37.695
22.0521
47.22
54.0126
50.7633
54.765
25.3877
37.1027
56.8018
30.2634
31.9679
60.6148
33.9406
50.4326
38.3906
30.8085
71.9207
18.9716
20.1222
42.1884
62.5285
59.5976
22.3412
41.8577
65.6408
73.8512
74.4166
32.1408
17.149
36.9519
25.3286
48.8507
62.4399
41.1388
83.4628
41.3239
20.1556
35.5606
30.3823
51.6589
46.1266
59.1178
48.8933
37.0506
64.6496
58.4036
----------------
update (avg): 40.1443
----------------
----- init -----
24.188
----------------
init (avg): 24.188
----------------
----- commit -----
3086
----------------
commit (avg): 3086
----------------
# Transaction throughput (KTPS)
LakeVillaMulti	/LakeVilla/src/YCSB-C/workloads/workloada.spec	1	0.0362034
