parsing config file ./lvconfig32.conf
parsing done
parsing config file ./lvconfig32.conf
parsing done
parsing config file ./lvconfig32.conf
parsing done
parsing config file ./lvconfig32.conf
parsing done
parsing config file ./lvconfig32.conf
parsing done
parsing config file ./lvconfig32.conf
parsing done
parsing config file ./lvconfig32.conf
parsing done
parsing config file ./lvconfig32.conf
parsing done
# Loading records:	0
<<<< begin once 
<<<< begin once 
<<<< begin once 
<<<< begin once 
<<<< begin once 
<<<< begin once 
<<<< begin once 
<<<< begin once 
<<<<< redos: 0 >>>>>
<<<< commit once 
<<<<< redos: 0 >>>>>
<<<< commit once 
<<<<< redos: 0 >>>>>
<<<< commit once 
<<<<< redos: 0 >>>>>
<<<< commit once 
<<<<< redos: 0 >>>>>
<<<< commit once 
<<<<< redos: 0 >>>>>
<<<< commit once 
<<<<< redos: 0 >>>>>
<<<< commit once 
----- read -----
4.10311
4.23984
4.46739
5.72277
2.94918
4.29855
15.0672
5.8908
4.678
3.87242
4.83491
3.31788
3.33818
5.68313
4.69624
4.07181
3.51728
3.56602
3.69633
3.83965
3.48314
3.95983
3.91413
3.76341
3.89856
4.4565
3.89676
4.96655
4.09415
3.39997
3.68488
4.12085
4.03443
3.7251
3.7531
3.07865
3.74616
4.11748
3.91107
4.65488
3.75043
4.39524
5.54409
4.00702
3.82825
6.03592
5.02248
6.25399
5.34983
7.98017
4.11001
4.44587
4.68561
4.17249
3.12027
3.0286
3.4734
5.0494
3.65519
4.44297
----------------
read (avg): 4.44769
----------------
----- update -----
32.3905
15.0307
35.9029
30.8686
23.7449
35.6409
28.7616
46.1478
42.3087
36.0939
51.2389
59.8839
56.0299
25.7182
49.527
28.0459
30.39
38.3606
25.973
57.0975
23.602
35.159
17.7431
32.6821
33.4697
61.2565
36.7467
39.1768
15.3841
40.982
47.7852
50.055
50.7131
39.9002
38.7413
38.1645
58.3871
47.6991
46.5436
24.5346
53.2774
55.7683
26.9302
42.9847
91.8606
17.7296
29.3426
26.5339
17.2642
18.6955
42.191
26.0825
47.4253
25.1026
26.822
30.2641
32.4169
48.0782
45.8802
46.5995
19.2335
31.5327
53.4683
15.7916
20.7775
----------------
update (avg): 37.2297
----------------
----- init -----
25.1975
----------------
init (avg): 25.1975
----------------
----- commit -----
323.273
----------------
commit (avg): 323.273
----------------
<<<<< redos: 0 >>>>>
<<<< commit once 
----- read -----
4.22484
4.02374
4.41966
3.33392
3.91426
4.58908
26.9091
4.19774
3.43119
3.12144
3.72732
4.12934
3.64608
3.60725
4.01356
2.97871
3.98597
3.35837
3.59132
3.8919
3.7558
4.60162
3.95178
3.42741
3.70376
4.21036
4.09486
3.76986
3.15351
3.9058
4.38786
3.83874
4.43838
4.45515
10.4292
8.6628
4.32059
4.49996
3.10591
3.99327
4.0617
4.19351
4.14844
3.62729
4.21697
4.35924
3.03374
3.98663
3.5104
3.59497
4.5629
3.28747
4.8479
3.67795
----------------
read (avg): 4.53538
----------------
----- update -----
40.7606
58.299
43.9233
56.5014
66.507
36.6702
16.2546
17.3394
38.603
59.5984
35.5398
16.5312
55.4908
17.518
56.3215
56.0969
28.7392
13.5518
51.4778
40.9499
36.1261
64.5648
19.0186
56.4834
48.5267
22.073
62.3954
43.8147
40.2378
38.7114
43.2595
43.7295
45.7207
15.9465
19.8813
58.3604
59.9956
63.239
47.7133
58.9509
34.2633
22.682
77.1365
43.8294
32.0185
41.8485
51.0369
22.0848
21.202
46.1779
26.8635
58.2577
26.1119
24.5212
38.7545
34.5662
28.2235
34.7685
39.6424
15.4398
18.9466
30.6492
22.7292
24.9665
62.1291
48.9134
44.7121
51.6122
33.3764
51.2048
54.5209
----------------
update (avg): 40.2621
----------------
----- init -----
27.8263
----------------
init (avg): 27.8263
----------------
----- commit -----
280.832
----------------
commit (avg): 280.832
----------------
----- read -----
3.47828
4.69083
4.07104
3.88536
10.633
4.06235
5.9074
4.71113
4.90053
20.4514
15.6716
4.44896
3.25746
4.00213
5.26425
4.03104
3.62748
8.62843
3.59387
6.53008
3.77448
4.05269
3.66068
4.78043
4.05068
3.31262
3.93906
4.96956
4.25518
3.60039
3.75497
3.92398
3.81037
3.58588
3.26273
4.07979
4.13431
4.79318
4.48934
4.01727
3.6999
3.33359
5.11814
3.61137
3.6664
4.21278
3.51902
3.32904
5.60454
4.06994
4.71222
10.7869
3.86907
4.62788
4.31374
34.9312
19.4184
3.46229
3.43751
4.19023
4.50877
----------------
read (avg): 5.64782
----------------
----- update -----
43.1903
50.4905
37.1441
26.7457
48.2386
34.3351
18.5618
27.7872
24.8467
24.5441
52.4888
28.1999
50.148
19.5759
62.7463
18.5497
30.8822
37.9876
27.2729
15.4469
29.2763
58.6742
13.8061
34.3343
57.656
57.9052
35.553
19.4975
16.2616
47.5126
31.4839
52.835
59.0949
13.7919
18.9975
46.6432
14.1531
37.3413
24.8754
48.7889
12.516
54.1522
42.6341
40.7396
51.3291
46.3956
56.8869
39.8369
45.5712
47.8457
28.3307
21.3839
22.4354
54.1777
49.0451
40.3981
52.1004
36.4559
49.2009
48.9572
11.8175
48.9708
56.3463
55.2064
----------------
update (avg): 37.6625
----------------
----- init -----
27.4428
----------------
init (avg): 27.4428
----------------
----- commit -----
715.881
----------------
commit (avg): 715.881
----------------
----- read -----
3.72242
4.08061
3.75886
4.96936
4.32847
4.32531
5.85365
6.19434
5.38421
5.46982
4.29059
3.69717
4.14443
3.41163
3.83773
3.15446
3.33217
3.27649
3.72657
4.34464
4.39837
3.74167
4.32867
4.1417
3.82088
6.03586
4.11108
4.21088
3.97951
3.22887
4.75715
3.76809
3.83067
4.36381
3.88407
5.56748
4.0224
4.39625
3.76389
4.05194
3.67904
3.73942
4.08323
5.50745
3.80165
3.85779
3.95648
3.83557
4.01674
3.712
4.07512
4.03414
3.71287
4.14603
3.43305
3.57328
4.30213
----------------
read (avg): 4.16092
----------------
----- update -----
19.7111
47.5203
21.8855
15.8431
57.109
41.3099
44.1457
43.3785
27.7679
51.9729
32.7595
33.2272
62.1187
26.0986
40.0439
49.9223
30.3831
16.7975
53.6309
60.6023
40.7203
35.6347
43.007
40.8387
22.3274
59.5085
38.9923
43.7465
60.5809
23.8501
51.3981
60.8262
54.0209
56.5111
15.789
39.6275
15.1095
29.9102
48.5617
23.1207
39.579
42.0727
30.5597
33.9699
81.3813
45.5302
57.8944
38.2167
21.0225
13.6366
23.2569
24.7194
49.5358
19.1884
18.926
53.1686
43.1642
19.1011
57.419
10.9711
39.3833
35.9641
43.5247
20.6435
54.6002
15.8386
53.1142
29.5492
----------------
update (avg): 38.18
----------------
----- init -----
27.7594
----------------
init (avg): 27.7594
----------------
----- commit -----
860.433
----------------
commit (avg): 860.433
----------------
----- read -----
3.6467
5.30009
4.98339
4.18653
3.42353
3.21886
5.66574
4.41945
4.00978
3.88049
7.05487
8.21447
4.18053
4.86844
6.08519
6.47776
4.37785
4.40472
3.76412
3.55158
4.01936
3.83231
4.09194
4.86343
3.91744
4.21425
4.17802
3.72821
4.05098
5.47162
7.30816
3.84386
4.66005
3.99366
4.47518
4.31708
3.87213
3.55319
3.72214
4.59043
3.47353
4.72228
4.48231
5.01148
4.13684
3.17571
4.00773
4.30606
5.03777
4.61021
3.84135
5.23585
5.16117
5.18183
4.6472
4.01414
3.76785
4.46406
3.84454
5.11396
5.49111
4.46391
3.88962
4.9494
4.43302
5.09888
19.456
10.383
4.20381
3.98333
3.77308
3.27785
7.79411
3.9121
4.12819
3.5165
3.74694
3.54274
----------------
read (avg): 4.75253
----------------
----- update -----
36.3294
49.0321
18.796
60.2111
37.8651
22.6749
16.6122
27.8843
27.0321
45.9295
60.7192
52.2673
11.6493
37.8039
54.5889
51.2451
50.6576
35.0293
29.8989
37.3118
28.0658
34.5022
16.2999
17.6936
59.0697
58.2317
49.95
21.6755
20.7691
34.1116
48.5859
49.3481
59.9398
54.9987
32.3848
14.2584
38.7512
23.6997
38.5562
19.9058
58.234
41.4178
62.928
59.0582
19.964
14.055
14.5787
----------------
update (avg): 37.3313
----------------
----- init -----
29.8294
----------------
init (avg): 29.8294
----------------
----- commit -----
1580.85
----------------
commit (avg): 1580.85
----------------
----- read -----
4.50848
3.96488
5.80946
5.3702
4.48933
5.40754
5.5045
5.57898
6.43481
4.93839
5.71507
5.98947
3.66528
3.42444
8.07476
5.81804
4.82554
10.0832
3.99648
4.0116
3.89477
4.22649
4.17837
4.20027
3.9361
3.31051
3.73944
4.14811
4.13706
4.57841
3.8607
4.6603
3.55664
5.19245
4.33763
4.17003
4.28145
3.91051
4.38479
3.8737
3.69961
3.98223
3.78578
4.06471
4.67305
3.70735
3.69655
4.72267
4.99407
4.25167
4.13891
3.7618
3.43451
3.50104
4.20187
4.55702
5.3994
4.11321
5.6979
3.94822
4.10196
4.8124
5.11643
3.39302
3.25286
3.75796
4.84802
3.6125
3.84319
4.27749
3.58117
4.98883
4.97462
3.5955
4.48448
3.69081
3.76791
4.14897
5.23096
3.84457
3.45623
3.98445
4.49341
5.05271
----------------
read (avg): 4.46226
----------------
----- update -----
30.4136
54.351
42.8645
15.0413
57.8523
24.1684
46.663
23.166
51.1156
39.697
25.8396
41.5835
47.8012
37.0329
58.7669
27.8008
28.034
22.7092
57.5421
34.9119
39.8985
14.736
13.5415
15.2183
61.103
25.4432
35.7111
36.8789
39.4908
33.7881
57.5199
17.1556
61.1419
36.4434
57.6808
25.5612
22.6273
32.2945
27.1621
20.9615
61.6043
----------------
update (avg): 36.6663
----------------
----- init -----
43.9635
----------------
init (avg): 43.9635
----------------
----- commit -----
1893.94
----------------
commit (avg): 1893.94
----------------
----- read -----
5.64309
3.49377
4.27822
5.60464
4.46188
4.34003
4.20825
3.66513
4.9946
6.4701
6.11255
4.12195
4.65815
4.2681
4.00416
3.52854
4.68816
6.67593
4.50075
4.64279
4.01472
4.56597
3.60017
5.45954
3.6102
3.38779
4.11979
3.97314
4.85292
4.52913
3.6149
4.08718
4.62784
4.33456
4.00329
4.00509
3.53839
4.49973
3.56714
3.92353
3.38128
3.98743
4.77123
4.09654
4.0869
5.08805
4.04631
4.42063
3.22787
3.6972
5.33797
4.28517
3.75718
4.32887
3.72103
5.14648
2.85759
3.302
4.26382
4.30333
----------------
read (avg): 4.31304
----------------
----- update -----
63.3109
38.2205
56.1009
51.1702
37.221
41.4917
64.7434
19.3505
47.2936
56.7145
44.226
37.7455
29.3492
20.4718
20.8702
50.5269
29.2061
55.7211
45.9447
34.7939
30.8777
58.9833
51.8039
50.0681
30.3362
53.0467
32.8706
60.4188
60.5093
18.9372
23.0836
43.5414
36.8222
26.0225
36.8537
31.0689
40.7257
16.5381
49.3275
45.8533
18.29
40.8079
76.2787
47.1694
56.8758
52.9284
55.7302
25.7343
21.6864
33.0892
23.9267
60.1872
48.8623
44.4676
35.7643
41.1627
14.522
44.3945
16.0855
17.64
20.2246
49.4686
48.1619
24.699
30.5193
----------------
update (avg): 39.859
----------------
----- init -----
28.2828
----------------
init (avg): 28.2828
----------------
----- commit -----
985.86
----------------
commit (avg): 985.86
----------------
----- read -----
4.62737
4.31476
4.56025
5.12827
10.0109
5.47052
6.11521
5.47754
3.55666
3.65659
5.23784
3.04809
6.90329
3.8868
4.35949
3.83183
4.52156
3.60315
3.41445
3.37862
3.72341
3.84651
3.36234
4.13394
3.8837
4.29844
4.21053
3.93182
4.09321
4.01957
4.76704
3.95047
3.99543
3.36924
3.57145
4.96065
3.8443
4.43846
3.88373
5.15806
4.65785
3.63184
10.4271
5.54035
4.63368
4.77293
3.54025
4.6063
4.42192
3.6591
3.31986
3.83584
3.99917
5.50125
4.15555
3.63369
4.09269
2.84688
4.76715
4.97857
4.59744
3.54972
3.9455
3.18424
3.11878
4.01333
----------------
read (avg): 4.39358
----------------
----- update -----
24.1234
25.5966
16.6802
58.1852
19.908
56.0099
56.1735
21.3733
52.1111
45.868
45.7257
38.438
60.2738
50.8569
16.5852
16.6884
51.2552
25.3196
27.7865
52.4465
34.0366
60.106
20.6909
16.4838
48.4066
40.5874
58.3767
23.2883
27.1037
31.5681
14.2229
18.911
43.6312
15.3121
39.7914
47.2729
33.113
38.1546
39.5079
34.2329
51.8746
56.6879
61.066
24.7281
91.312
45.6489
52.9617
15.4267
25.9345
37.7322
30.6724
29.3361
53.899
45.5037
50.1186
13.4303
38.0035
58.6516
13.257
----------------
update (avg): 38.0076
----------------
----- init -----
75.9742
----------------
init (avg): 75.9742
----------------
----- commit -----
1274.94
----------------
commit (avg): 1274.94
----------------
# Transaction throughput (KTPS)
LakeVillaMulti	/LakeVilla/src/YCSB-C/workloads/workloada.spec	8	0.211994
