parsing config file ./lvconfig17.conf
parsing done
# Loading records:	0
<<<< begin once 
<<<<< redos: 0 >>>>>
<<<< commit once 
----- read -----
4.40487
3.5777
4.85507
3.38147
4.0732
4.42345
4.05918
3.65324
4.96825
5.46354
3.30866
4.55628
14.952
5.13905
5.63631
3.98005
3.52189
4.26157
3.97295
3.85062
3.99827
4.99365
5.88103
3.22666
4.1236
4.331
4.48847
4.29993
3.63801
5.52069
3.7242
4.29636
3.70021
4.39032
4.02402
3.4617
3.15752
3.14705
5.3494
5.14126
3.80418
3.93876
4.01806
3.81217
4.72241
4.0315
4.22306
7.41476
4.79941
3.81197
3.26127
3.1
4.26967
4.25361
3.26722
4.05656
5.62059
4.76499
3.63302
5.51896
3.9875
4.74098
3.57737
3.35045
3.70658
4.23868
3.61857
3.96091
3.96463
3.1955
4.33888
6.18396
4.36738
6.70969
3.66971
4.96478
4.21856
3.10473
4.42992
4.96005
3.88814
6.44215
4.1533
3.58442
4.78126
5.97848
4.50597
4.80454
3.69216
5.12964
5.06417
9.95859
11.5176
6.27233
4.16449
5.15393
4.40586
6.17041
5.63952
3.88473
4.39513
4.38443
4.30316
3.2518
4.50213
5.65706
4.76237
3.86618
4.36233
5.00654
4.80517
5.19908
5.19742
4.18195
5.25556
4.16286
4.99946
4.46716
4.90524
4.02334
4.82431
4.07663
4.13365
3.86925
4.03228
3.2358
3.58271
4.05237
7.76908
7.08076
3.88871
3.86734
3.87724
3.5987
3.7996
3.93646
4.66534
4.30247
5.47691
5.51277
4.71084
5.82437
4.86066
3.73281
4.7298
3.72346
4.13872
4.45976
4.14528
5.1319
3.43644
3.92063
4.96497
4.27879
5.38845
5.29179
4.45361
4.76404
4.09511
4.04772
5.25579
4.03174
3.99171
4.09214
10.0259
5.05034
3.9426
4.09208
4.6649
5.24444
5.18896
4.28769
4.9016
5.40365
5.81604
2.92764
5.16367
4.05214
4.51348
5.79993
4.26222
5.1383
4.31835
3.71106
3.86566
4.05295
3.64376
4.71137
3.45639
4.2005
4.48854
4.5107
4.70876
3.83429
4.26256
3.71451
3.98469
3.82818
4.83404
3.61964
4.37659
3.60288
3.97453
4.65332
3.07677
3.42414
4.38894
4.90883
3.68531
3.84157
4.62005
3.6241
4.55848
4.34914
4.42694
5.41201
4.48293
4.88741
3.37838
4.41704
3.73674
3.48151
4.29655
4.01706
3.70367
4.2538
4.32612
6.02559
5.01098
3.53335
4.99915
3.82928
4.15529
4.26684
4.31297
3.54609
3.861
4.89343
3.77666
3.57899
4.88078
4.17744
5.01957
4.59901
4.4402
4.24756
3.79151
4.72574
3.74482
4.75156
3.46852
3.05114
4.39756
4.21841
5.0639
8.53127
5.7084
5.88112
5.43028
4.90479
7.81195
4.32617
5.08961
6.7667
10.104
8.29864
5.20277
6.08071
4.45842
7.6981
5.81095
6.20897
4.89883
5.96181
3.82422
5.45295
4.21545
3.8805
3.22738
4.16027
3.51852
5.01258
4.23
3.27249
4.21562
4.73692
4.32587
5.22495
3.94748
3.8771
4.03618
4.06234
2.99945
3.67832
3.86695
3.78756
3.06387
4.75173
4.59314
4.97486
4.68562
3.9559
3.91297
4.45814
4.44195
3.34346
4.31449
4.81109
4.52004
3.74348
4.94067
4.65164
4.39163
6.14287
4.77347
3.73393
4.85587
3.73118
4.78257
4.30837
4.66708
5.02032
4.77111
3.51584
4.61771
3.88514
5.72142
7.37994
4.86825
4.68713
3.90189
4.09929
4.09795
4.20571
6.84975
5.14214
3.81145
5.07805
4.34674
4.58311
4.15413
5.57566
5.38569
6.05215
5.24576
3.84578
3.96627
4.10496
4.93825
4.51661
4.23243
4.37848
6.39713
3.8842
7.43335
5.03134
3.37317
4.37972
4.51048
4.40812
4.95559
4.6039
5.18822
4.92352
4.98248
6.88997
3.51679
4.06006
4.43068
5.43088
4.97693
4.3662
3.45657
3.41007
3.42204
4.847
3.24713
3.54688
4.89213
4.17161
3.69873
4.189
3.92305
3.92391
4.52393
4.57761
5.16672
4.35097
5.73667
3.23357
4.912
5.27974
4.52489
4.10475
6.66352
3.98045
4.99543
3.84158
4.93702
3.45964
5.40931
5.27176
5.14372
4.94627
4.69139
3.92697
4.87645
5.01342
3.92718
4.42221
4.8281
4.46818
4.75164
5.65157
4.45706
4.56972
6.51116
5.67759
4.61737
4.13486
4.76193
4.71623
4.05512
4.48456
5.13293
4.1268
4.69173
4.49301
4.33794
9.41621
4.11418
4.19326
4.0132
4.10526
5.04296
4.83986
4.32245
4.33559
4.37615
3.49901
4.22102
3.8144
4.1427
4.87171
3.66457
4.08188
16.0717
3.82156
4.71721
5.03768
5.8524
5.00211
5.76085
9.69632
5.72944
5.53321
6.25885
5.24089
5.26522
3.90836
5.0929
4.7916
6.56494
4.73833
4.34587
5.53665
5.0353
5.56651
4.47834
3.79245
4.07078
3.96657
3.76256
3.3018
4.13579
4.05253
4.27931
4.52472
3.58966
4.65783
4.54738
4.86257
5.92889
4.36406
3.9121
5.20845
5.02784
4.46807
3.49528
3.31198
6.36368
5.28325
4.99311
5.11244
8.44006
7.59233
6.6892
5.89309
10.6459
10.4278
4.00555
5.71657
7.19395
4.27371
6.83131
6.63693
6.99702
5.79303
5.33826
5.96631
10.4345
8.52047
8.20838
7.17187
6.36451
11.2572
9.23615
8.00766
14.9574
15.5769
----------------
read (avg): 4.80841
----------------
----- update -----
16.5698
43.1347
33.5352
25.2104
53.2039
51.2018
39.2278
25.5942
14.5182
22.7396
35.9715
57.9399
28.304
58.426
63.1741
50.9204
18.4178
46.4959
53.2428
59.0493
27.9443
17.9606
21.6694
49.4261
43.7848
49.7977
53.1708
61.6467
36.0019
36.0978
38.9336
50.9985
26.029
57.0544
18.9228
56.02
46.6432
46.8254
24.5536
49.7809
59.8146
30.3484
34.8578
124.783
47.8011
41.9548
32.0698
33.3406
34.1362
49.0918
20.8575
18.8968
38.0262
61.9493
20.4529
44.8747
32.1004
49.3358
39.9119
47.3078
58.5042
47.3181
32.7147
38.0291
50.6436
13.1106
33.009
29.6853
15.0069
45.6897
59.5011
52.9979
34.0634
52.9883
31.8472
45.3084
23.3187
18.5702
15.3669
51.3826
35.9305
50.447
57.1162
34.8285
32.9599
29.5234
40.2083
51.0301
26.5465
65.2634
56.7451
48.8943
17.6542
57.635
46.6952
18.9724
46.8418
48.4154
19.7886
18.1164
27.0402
34.5874
57.6508
48.1518
30.6647
34.6043
33.5342
41.7587
24.2215
57.2278
35.4171
41.9743
41.2179
56.1708
59.6008
60.2856
41.1474
49.9687
51.7069
27.6235
48.5839
27.5633
27.4
26.4306
53.9015
26.5174
31.3135
53.1979
19.966
49.5743
58.5771
33.7417
38.4681
17.8785
31.9285
54.259
58.6983
61.5672
29.0642
38.8508
18.8064
30.7627
57.2945
51.4461
36.3731
56.3282
29.3052
55.7015
60.25
41.1157
46.6139
24.8717
58.8382
31.24
38.9894
32.7594
40.3053
12.674
45.1666
43.1076
58.0836
43.4102
19.0406
54.0952
58.9051
35.6247
57.1944
55.1405
27.2718
45.1232
13.436
44.8155
37.7517
51.1279
12.6126
29.914
58.6655
20.4958
42.5245
55.0669
47.8562
20.6311
53.3452
58.7633
49.4654
15.4476
16.4006
61.8696
46.7067
34.4745
57.7829
56.6751
25.8679
20.2018
32.8152
38.4654
30.1245
54.3216
47.1618
19.3227
50.2594
63.3341
40.2407
52.4362
55.3488
60.253
24.1472
16.1698
51.1663
47.6719
37.6929
26.7285
59.0553
24.818
10.6676
25.3927
50.4349
39.9103
28.2594
15.6775
48.5797
57.8551
24.9652
59.6751
40.7866
38.5428
15.5884
25.8981
62.1782
33.6643
48.4813
46.4605
48.9517
43.4694
47.6537
38.1851
34.7023
26.6372
42.5483
64.414
30.0726
20.5754
58.9114
66.075
35.7975
32.6257
45.6929
15.0497
31.5069
53.8087
22.135
33.1369
55.3452
34.9852
19.9658
56.5868
37.6824
53.657
42.2761
58.1191
16.9579
23.6546
20.5797
17.7811
54.2439
60.9562
28.2376
37.3996
23.675
48.4241
43.4066
17.65
46.8773
35.5271
59.1601
32.2228
15.2463
30.6512
57.0805
45.6816
49.5844
24.9117
52.3147
49.544
22.0871
20.1223
54.8965
58.4789
44.6138
58.3551
31.9557
31.609
40.5136
52.2088
53.2569
62.5707
41.6655
21.5837
19.6889
15.6658
51.0022
64.2493
40.2764
32.4063
22.0325
37.1023
13.489
55.3192
58.3301
15.5357
40.9116
31.7402
32.2914
27.7244
19.2794
57.9482
30.6761
53.3491
61.3153
29.1838
24.7211
18.6949
36.911
55.4968
43.1887
55.9449
61.5827
27.3678
62.1169
19.3184
51.6204
46.4456
29.2752
23.6267
58.4317
51.7124
44.328
28.0863
52.0793
61.4229
51.4639
58.6962
30.6515
18.5168
62.1876
58.9143
56.7963
20.0117
56.2605
36.9387
36.4923
49.6486
14.2573
24.1381
49.1091
19.9905
29.9231
36.9069
38.9373
57.809
46.3666
40.1287
32.6213
34.4633
58.7868
22.8013
36.5592
38.4522
61.2722
34.2176
57.7853
42.138
58.203
26.0368
38.2588
18.0101
49.8203
54.612
29.9753
45.0089
24.0499
32.6008
31.5703
55.6843
70.0858
31.5567
88.4532
69.4393
55.8249
28.335
59.3682
61.2046
27.9156
59.4408
40.5775
52.2398
27.4517
57.7839
48.5567
22.0505
36.1732
50.1916
49.3223
25.5759
61.4211
29.2512
61.8559
41.0164
18.3302
32.5356
63.3319
54.1562
61.0032
34.2536
41.4947
28.2533
30.1058
60.5146
44.1059
60.7766
36.6837
48.2126
46.961
61.1785
55.0054
58.9648
30.0831
28.4187
30.0885
22.8578
41.8337
57.5001
61.1076
39.3596
23.5795
41.3187
18.8187
22.5559
16.3368
46.9694
38.6051
37.4985
59.5321
64.1032
29.3287
65.4326
37.688
51.1382
26.853
40.5541
51.6212
50.6752
26.2923
22.608
32.3932
37.6093
48.8792
57.8108
37.2077
23.8978
69.1716
32.0736
57.4856
57.8269
65.4397
64.1209
59.9983
66.1759
57.5336
66.335
72.7462
56.9045
68.9888
64.0065
78.4214
81.3295
79.9393
51.3024
60.5424
70.1375
----------------
update (avg): 41.7422
----------------
----- init -----
24.071
----------------
init (avg): 24.071
----------------
----- commit -----
2413.4
----------------
commit (avg): 2413.4
----------------
# Transaction throughput (KTPS)
LakeVillaMulti	/LakeVilla/src/YCSB-C/workloads/workloada.spec	1	0.0360275
