parsing config file ./lvconfig1.conf
parsing done
# Loading records:	0
<<<< begin once 
<<<<< redos: 0 >>>>>
<<<< commit once 
----- read -----
3.86811
4.91903
3.89873
4.98224
4.54456
3.98492
4.46447
4.48085
4.96364
4.82773
4.45388
12.8143
4.10564
3.74952
4.28475
4.95532
4.35501
3.99193
3.24157
3.89647
3.62227
3.52493
3.68583
4.11177
4.63826
3.5329
3.42331
4.41321
4.78839
3.61501
4.17592
4.4548
5.17333
4.88312
4.35325
4.15781
4.27411
4.87714
3.4597
3.44735
3.93696
4.18264
4.84393
3.76076
4.79407
3.33037
3.75251
4.91247
3.9995
4.86521
3.45393
3.44019
3.71803
4.00929
4.92452
4.75375
3.82585
3.47957
4.79337
5.82733
3.93296
3.58354
3.79075
3.34437
3.38733
3.49281
4.6816
5.3657
5.43094
3.82983
3.41723
3.5521
3.72141
4.45465
5.16834
4.54439
3.30523
3.85594
4.25994
3.88245
4.2104
3.86528
4.35788
4.45411
3.78653
3.47106
4.61504
3.42043
3.74743
3.60596
3.9159
4.13277
4.08436
4.60421
5.32566
4.27647
3.76165
4.32
4.09915
4.06559
4.76998
3.84948
3.73995
5.42935
5.00147
5.37229
3.58901
4.59522
5.13974
4.32508
3.83665
5.55107
4.30983
4.74151
3.31475
4.92859
4.2518
5.28803
4.65654
5.02858
4.03071
4.9428
4.18479
4.60316
5.25716
5.09436
4.90089
4.16423
4.44567
4.47666
4.31822
4.99649
3.60444
4.42933
5.54605
6.3517
4.786
3.35212
3.44079
3.06671
4.1629
3.62925
6.675
3.90071
3.91012
4.6786
4.93687
5.03282
4.48201
4.57086
3.65821
3.84346
3.98597
5.25103
4.0783
5.43689
3.40684
3.80959
4.69927
4.24385
3.86473
3.94908
2.84284
3.37182
4.68577
4.28198
4.25543
4.81332
3.83427
4.3252
4.36242
4.1932
7.0674
4.74616
4.59342
5.96535
4.77885
5.17241
3.77697
3.80173
3.54948
4.70174
3.99695
4.12407
5.43123
3.88638
3.93843
4.1558
4.23674
4.90954
3.59701
3.92112
3.32431
3.74027
3.11081
3.6318
3.9501
4.23861
5.45188
4.08983
4.44511
4.37108
4.09631
4.52056
4.56919
4.53905
4.97137
3.7417
3.93244
5.47085
3.87554
4.56196
4.44439
3.90049
3.98262
4.49818
5.33337
4.84554
3.23808
3.82022
4.44935
2.95688
4.71235
4.27065
4.16365
3.85147
5.36854
5.16882
4.09093
5.26233
4.11779
3.81054
4.52343
4.13714
4.17392
3.88965
4.22639
4.09388
5.04136
4.90911
5.18015
4.56403
3.50937
4.78947
4.50247
3.39144
3.96459
3.46026
4.23194
5.45582
3.66617
4.66685
4.56499
4.07227
3.9875
3.85794
4.01244
5.1196
3.75483
4.57507
4.35583
3.84715
3.98889
3.84118
5.37321
6.06705
7.77965
6.66248
5.2919
6.87561
4.82055
10.0384
5.92891
4.41166
6.26125
8.01628
5.04701
4.45228
4.51959
4.50016
3.87435
3.77779
4.4794
5.13357
5.29158
4.34595
4.46985
5.39428
4.56962
4.99658
3.15221
4.09238
3.03945
5.91978
3.96507
3.24308
4.19316
4.16294
3.93752
3.72271
4.34991
3.8281
3.2557
3.66018
4.63051
4.51865
4.25993
3.83943
6.03085
5.23662
4.6152
4.85523
3.96042
4.22399
4.22104
4.59032
3.51481
4.27551
4.27597
4.00596
4.49927
4.25084
4.60473
4.74685
3.65879
3.37801
3.63955
5.43108
4.62947
4.11157
6.14654
4.73405
5.64492
4.82035
4.12599
4.59264
3.97014
4.85905
4.04646
3.86731
4.20312
3.74192
5.42948
4.71833
4.36071
5.07677
5.60995
3.43406
5.1991
4.5015
4.93668
4.87062
4.43006
4.96774
3.34451
4.43894
5.01513
4.39871
5.18112
4.59619
4.90052
4.32258
5.60745
4.23754
5.60327
12.7676
3.93636
3.83344
3.83605
4.38636
4.3384
4.23215
3.72286
5.19868
4.68838
4.24578
4.86352
4.25253
4.8243
3.7999
4.4503
5.41259
3.83523
4.55713
4.28092
3.65977
4.16383
4.65039
4.49278
3.64924
4.72075
4.36131
3.83542
4.3375
3.46496
3.92672
4.61429
4.43469
5.21847
4.25721
5.2024
3.80167
15.4009
4.00409
3.93037
4.97736
5.42176
3.84435
5.19649
4.03759
4.95417
4.33513
4.30436
4.8565
4.48755
4.5676
3.8524
4.05525
4.89301
3.83807
3.56421
3.70678
3.36031
4.21469
5.99988
4.00583
4.29015
4.1751
3.41384
5.73118
4.56072
3.96904
4.8617
5.56619
3.5153
4.21999
4.20793
3.53046
3.98
4.27925
3.87702
4.97554
4.75418
4.35174
5.80294
5.23345
5.25939
3.53569
5.61153
3.78201
4.98009
3.92614
3.00035
6.73747
5.50458
4.35028
4.59667
4.03261
4.7434
7.31352
5.86667
10.6434
6.96072
5.49427
6.61669
5.37222
5.76941
4.72724
4.48355
5.05258
5.20609
4.15648
4.82104
5.98051
9.6825
10.7952
6.71116
6.5905
4.08023
6.12402
4.75115
4.38341
4.58145
4.31097
4.34422
3.84034
3.98737
4.8608
4.17857
3.65383
5.32313
5.43995
4.43426
5.12296
5.01549
4.7285
6.68975
4.65439
3.77175
4.29354
6.11866
5.32707
5.96693
5.70922
4.37371
5.28433
6.85239
8.05495
5.83034
5.33543
6.93661
5.51335
3.85126
5.25497
4.84743
9.03471
5.93953
5.26713
5.61117
47.7981
----------------
read (avg): 4.68002
----------------
----- update -----
47.1183
43.2094
58.5776
26.3312
60.9648
36.394
42.4824
29.1387
30.5247
19.7424
25.1458
39.5819
43.9097
31.9794
29.1457
44.5151
49.4862
52.7671
18.0207
20.7054
44.4848
31.3305
51.0468
60.7325
46.7632
58.9174
23.1472
49.6828
52.9906
39.0445
15.7565
25.5077
20.8719
33.1495
13.8073
39.1514
40.4561
12.7571
39.5137
13.4511
58.4534
45.1709
26.8884
35.9699
26.8553
60.0469
31.4289
107.006
18.8557
60.0665
35.8747
54.8938
54.515
31.8887
55.0037
39.8977
13.6808
50.0173
47.2414
29.5782
54.95
51.4871
51.488
32.5003
41.0765
41.885
21.9161
41.2748
15.2265
59.1371
38.8554
20.9091
26.1766
21.791
59.0787
14.3975
17.256
60.3376
32.097
16.964
25.0359
34.662
37.1545
44.2791
51.5228
44.8691
44.1072
46.7649
28.8342
28.875
49.4337
48.6736
33.0248
70.4999
41.2345
25.3468
38.8624
22.727
40.3736
38.045
59.8681
52.4233
14.3745
18.4224
26.7074
27.4261
45.2207
27.8199
42.2711
22.6049
61.2956
29.0647
48.7393
31.8681
50.1607
45.4683
56.7634
40.973
17.8248
32.946
51.6446
59.0411
54.1835
56.6723
51.8601
23.8394
43.3503
63.9223
33.1222
32.8277
41.8821
46.7645
29.6165
59.9689
32.8469
49.1796
59.1766
55.0176
40.885
33.7331
39.113
42.8364
23.1642
47.0675
14.4315
54.0095
36.0434
23.2812
53.6782
37.9071
30.9423
53.5666
18.5255
62.3729
54.0146
38.9884
31.9061
45.7175
41.414
49.3666
25.9316
22.7284
56.7056
33.9929
15.4897
58.9173
45.8928
33.155
29.6888
49.4606
41.2171
48.8701
61.5696
61.4942
36.4315
59.7704
31.5491
26.493
25.2039
32.1374
38.1148
20.3062
25.3905
29.6391
29.8018
31.0848
16.6729
15.9901
39.4842
25.2949
30.6761
48.9759
20.0693
33.8247
37.6069
33.2304
60.3339
24.0445
29.8522
21.9618
25.3111
45.2023
63.0889
24.3642
62.7582
43.8238
57.5081
43.1725
36.6922
55.3499
26.1959
15.4705
42.4753
19.8854
45.3298
56.0039
58.9939
29.5435
48.8351
18.1066
55.3651
39.1859
46.8553
49.8508
23.7065
60.0301
61.3198
23.0942
61.2036
28.6635
28.1068
24.5268
62.2443
21.0815
58.1616
51.1248
22.7557
55.7075
30.0296
59.6068
52.7605
40.1225
63.6682
34.0665
45.3964
55.822
28.2882
47.4194
30.6247
22.7078
45.4609
35.9469
23.8482
53.824
54.0116
51.861
17.4389
23.2648
29.1149
27.7378
26.3308
57.458
23.1919
23.2583
23.7132
38.6829
50.8307
54.6679
16.4552
40.9754
38.6877
12.5844
32.936
40.7546
59.7105
36.7462
24.4773
42.8929
21.4047
27.1319
18.1526
49.1197
23.9797
49.9368
42.7432
51.2527
43.5702
56.7231
25.3032
23.1432
60.1037
55.6039
23.6743
18.7041
55.3463
57.2289
46.6305
18.0879
18.6953
30.1035
29.0547
36.8644
29.5054
49.6787
52.6998
17.2591
52.6863
41.1803
49.625
20.0717
55.8748
16.0263
23.1099
35.6457
14.0654
39.2847
21.881
32.4313
54.3138
24.1882
20.4376
32.2719
35.7135
53.8733
20.4082
35.0145
59.1458
48.3882
55.4744
56.6791
29.9809
57.4607
14.8663
45.6784
44.0426
39.2631
35.1583
42.7018
46.503
32.8952
19.3298
30.6597
16.8858
20.1298
56.7466
38.3148
51.5121
42.3497
18.8952
16.5695
61.6468
43.3209
25.69
23.7727
40.2907
12.6412
14.7829
59.165
25.7582
57.2187
23.7973
50.0464
17.7993
54.674
25.1089
48.6177
49.8327
45.3085
32.8861
61.1685
61.5172
27.1284
56.9893
55.2387
52.4092
45.5342
47.2339
41.526
30.9166
49.2843
53.7442
51.4667
14.9678
37.4092
32.1456
35.8332
42.2323
33.9127
48.1603
39.2995
31.9216
46.2097
28.7729
52.7623
61.3464
44.9297
50.9581
41.536
40.0497
32.8043
35.259
32.1937
71.4005
58.3209
57.4824
35.9646
66.4573
31.792
22.5988
40.5636
23.4966
51.6951
43.3903
47.6158
41.8267
32.0581
45.5354
16.685
30.6358
35.1107
21.009
50.774
18.2204
36.5253
27.8702
38.3562
33.9256
44.5948
29.6612
40.7956
38.9602
61.6713
35.6931
23.3208
38.639
38.3657
59.4573
19.7128
27.2843
61.597
26.1407
39.7789
21.4739
47.3584
58.0483
41.3336
19.125
19.585
46.293
26.0415
28.714
53.9011
29.4147
36.1009
38.599
52.1462
41.9523
40.8017
23.0416
23.7004
60.8662
35.7517
33.6836
38.4087
29.7839
45.3678
24.8732
54.8253
43.4518
34.3691
39.957
39.642
49.3228
60.0695
57.7231
60.292
55.66
64.3595
54.8186
51.9974
----------------
update (avg): 39.0686
----------------
----- init -----
23.4883
----------------
init (avg): 23.4883
----------------
----- commit -----
2432.49
----------------
commit (avg): 2432.49
----------------
# Transaction throughput (KTPS)
LakeVillaMulti	/LakeVilla/src/YCSB-C/workloads/workloada.spec	1	0.0378328
