parsing config file ./lvconfig16.conf
parsing done
# Loading records:	0
<<<< begin once 
<<<<< redos: 0 >>>>>
<<<< commit once 
----- read -----
4.31269
4.65053
4.47851
3.58168
3.93466
4.01476
4.23889
5.6499
3.58726
4.88248
4.8181
3.60852
4.05869
4.46936
5.16274
3.18814
3.26649
3.1261
3.61574
3.38648
3.66295
4.1422
4.0376
6.29032
3.89135
3.06388
3.42111
5.24305
4.01895
4.16879
5.42223
5.29727
3.76933
4.56985
4.62284
3.76045
4.93571
3.87125
4.46981
4.4589
3.78118
3.74691
4.85898
5.58788
3.98543
3.53618
3.89307
4.2456
4.74641
4.59551
3.68674
3.63976
3.93651
6.62185
4.30661
4.5489
4.37498
3.32347
3.63374
4.18131
3.8589
3.70929
4.52138
3.57039
4.59384
3.78675
3.7541
4.55994
4.08196
3.47738
3.69068
4.00192
3.71613
3.90055
3.75179
5.07362
3.09752
7.46015
3.88889
3.7632
4.26698
3.57043
4.78674
4.57118
5.86267
5.32362
7.26893
4.25776
3.90755
4.86767
4.00533
4.31853
4.37469
6.20134
5.22768
5.41077
3.71331
5.69554
5.08892
4.97309
3.9296
4.05776
4.81266
4.21433
3.65576
5.67816
4.26619
4.71467
3.46052
4.56496
3.45292
4.21854
5.9507
4.41446
4.17317
6.12814
6.41463
9.27183
4.1852
4.22286
3.9774
3.51212
4.40367
4.03433
4.4448
4.25391
4.23026
4.24165
4.61436
5.4269
5.20942
5.44591
4.23917
4.10666
3.92128
4.09662
3.98559
5.91372
4.13559
3.98564
3.38264
3.92952
3.68508
4.86639
3.71459
4.10564
3.87111
4.15426
3.7816
6.20519
4.81118
3.74785
4.58657
4.51241
6.06603
3.69937
3.16129
4.3705
3.96073
3.32141
3.40218
5.48723
5.12048
4.20306
5.08147
3.38949
4.49005
5.57928
3.86018
3.95687
4.85113
3.90123
4.33706
4.15566
4.03443
4.65029
5.55833
5.57051
5.54244
4.16329
3.81146
4.04964
4.07415
4.49351
3.57334
4.8107
3.33026
3.51252
7.73633
3.83931
4.09079
5.44753
4.14282
3.67726
5.5413
5.47827
4.23439
3.75682
4.92838
4.13011
3.87395
4.59689
3.70254
3.47779
4.49486
4.44355
4.20362
4.53601
4.74737
4.0429
3.95903
4.177
4.50885
3.56816
4.01231
3.47035
3.44442
3.55086
3.88151
4.37588
3.51693
4.14503
5.34485
3.69165
3.76053
4.40087
4.58662
7.27884
5.28062
4.02553
4.17337
3.87086
4.16545
3.64132
4.62411
3.7588
3.0796
3.38311
4.20986
4.68252
4.64997
4.87757
4.6294
4.10227
4.11175
4.59028
4.02138
3.91137
4.4878
5.00761
4.64477
4.12249
3.99079
5.00854
4.89621
5.00254
4.81792
5.79558
6.24739
3.7246
5.07383
4.67695
5.9751
5.46105
4.53642
4.01624
6.08448
7.44787
5.67216
6.55935
7.09634
7.16364
8.22012
6.10151
6.43203
5.44946
6.60586
4.51648
4.66345
4.16951
4.30757
4.45285
3.83866
4.07974
4.90226
4.91618
4.78615
5.6616
4.05018
4.89152
4.29238
4.03946
4.37272
3.79919
4.22725
5.09853
4.80341
6.00473
5.20288
4.75554
5.83322
3.7899
4.00457
4.45982
4.62561
4.65729
3.66949
4.82189
3.97166
4.90268
3.77306
4.9948
4.35299
4.25892
5.22066
5.86294
4.65272
5.03823
4.67768
5.72893
4.95693
4.64954
4.35958
4.48496
4.3117
5.17556
5.03872
5.56023
4.238
4.24697
4.36922
3.82002
4.24359
4.42903
5.04601
4.43161
6.42639
4.39792
4.72404
5.97967
4.49859
4.77273
5.65815
4.55896
4.78573
4.07927
4.02805
3.8119
4.54173
4.26017
4.80139
6.20847
4.29327
3.60835
3.58893
3.45843
5.06539
4.67736
4.6136
4.80663
3.62367
3.82898
5.15082
4.65194
4.3446
4.29624
4.13336
3.85283
4.27272
4.2352
4.25951
3.70858
3.7958
3.90608
5.07059
4.45639
4.33155
4.20087
3.64396
4.1795
4.17864
3.4467
3.84265
3.74502
4.21973
3.47262
4.17188
3.67349
3.43672
4.87327
4.6205
4.96154
4.04188
4.32068
4.29169
4.11278
3.61864
3.93578
4.15932
3.7232
4.46198
4.07632
4.50992
3.83081
4.145
3.87019
3.59042
4.54523
4.17423
4.94161
3.62126
4.98902
5.29141
5.62548
6.12234
5.25167
5.77582
4.53146
3.72214
5.15277
5.73416
4.00664
4.65319
4.71013
4.637
4.78791
5.35334
3.90253
3.6639
4.4462
4.91217
7.32368
5.45638
4.05375
5.50649
3.59288
5.45391
5.51089
3.87767
4.70788
4.13342
5.74167
7.15259
5.70822
4.12037
5.10391
4.00879
5.46543
4.85485
5.56377
4.88109
4.59285
6.12774
5.4798
4.4625
4.26615
5.53842
5.75889
9.97771
4.06323
4.91507
5.4104
5.57823
4.90288
5.72833
5.92365
7.6449
5.47138
4.39802
6.61837
3.67773
4.90489
11.9494
5.23658
4.42116
3.52772
4.3953
4.04822
4.36308
5.13704
4.69148
4.65364
5.60159
3.94462
4.28728
4.00775
4.56719
4.98764
4.67037
3.79485
3.95356
4.37439
4.94484
4.83774
5.34662
4.4911
4.26123
5.81517
4.68512
5.11514
6.89074
5.10555
5.97374
4.71896
6.5076
5.38346
6.18037
6.08128
5.72032
5.49743
5.08026
6.12381
5.51588
6.73903
5.597
6.07482
4.22391
5.65989
7.4688
4.63974
----------------
read (avg): 4.62508
----------------
----- update -----
59.8709
36.7091
55.1259
32.465
12.6843
33.8821
24.743
27.1507
25.0768
40.1254
60.9911
30.265
66.7517
51.6781
42.2794
27.0175
23.2653
48.9744
28.4631
13.7086
62.8291
16.8604
17.3548
52.5603
14.363
33.1134
49.1282
15.1819
53.9067
31.1255
43.8554
46.1897
21.1659
20.5647
41.9459
27.427
21.4526
56.7775
20.0272
31.957
24.8232
60.6638
59.9147
29.0079
15.8217
43.438
38.0427
12.8829
131.543
49.3164
56.7573
41.5583
47.3341
45.8149
24.4002
51.6811
16.3436
33.7655
29.2762
14.3334
24.4257
58.6982
30.2225
39.4428
54.3052
24.2007
19.4263
63.2972
15.8369
22.634
41.1667
60.8727
38.008
47.2726
37.2242
35.1169
19.1334
35.9873
57.7683
36.952
28.5661
26.0018
59.4754
39.1963
38.575
59.2733
39.9508
47.9289
51.4985
52.7374
60.5237
37.0318
61.3103
34.961
22.1436
18.4842
43.0051
35.795
28.5626
29.2248
25.1571
26.5503
18.9867
27.4492
40.6745
24.8714
31.6943
45.9395
46.8628
51.3175
36.0986
30.5223
48.4541
18.567
27.3198
25.2363
43.1038
44.3187
37.4319
40.4781
32.9933
36.1639
65.2462
70.5403
17.0142
58.7054
46.6788
13.9302
39.583
40.8967
54.6448
18.4446
16.1229
53.7469
51.14
46.4462
52.3879
34.8492
32.63
42.8553
19.8244
58.1644
32.4717
17.8376
35.6373
25.6171
52.2222
54.8254
14.2463
41.1885
32.0458
28.8603
16.4582
56.1922
44.8059
36.3463
17.9328
61.4629
53.0377
34.825
39.3419
54.3311
59.2319
31.4922
32.86
43.0341
23.2259
59.0043
44.6513
22.8192
30.3501
40.6387
60.6628
18.6663
43.5378
40.8354
30.7482
11.6286
42.9551
26.9965
57.0377
58.1497
54.3316
43.0569
14.1639
41.4318
28.5502
52.0383
42.8243
60.8341
50.1845
24.0726
47.5756
30.0998
60.7839
49.6651
55.4688
60.1923
53.4421
51.9487
26.772
42.3543
43.0461
28.0291
56.1182
27.308
52.1132
31.7841
55.9932
31.5157
48.894
33.3928
38.594
45.4005
54.585
24.9932
46.2852
49.4277
40.6993
56.6413
57.59
20.6954
28.0713
50.385
46.5079
50.011
58.4027
51.9501
38.6935
32.3572
37.1843
31.9187
52.4552
41.1995
32.1504
54.5049
54.1486
48.3422
62.7803
66.6195
55.084
30.8674
64.9236
38.0506
35.7648
34.4283
47.1502
63.4906
44.9839
44.0253
52.2622
58.1862
23.9483
32.1516
60.8677
22.3339
33.566
20.8365
55.5636
59.9582
23.338
57.1947
60.9577
38.7243
51.1477
22.3005
52.1891
48.8179
35.9106
33.3308
50.6864
53.7035
44.2236
20.7081
58.4041
20.0369
26.7849
18.4652
42.0824
47.884
37.4772
43.8226
52.553
49.9539
21.2939
39.1848
30.421
42.0166
23.1025
57.6867
46.9419
47.6631
27.2871
22.8708
42.3722
26.9943
46.6598
39.6504
45.509
33.6489
50.1211
21.8634
16.4851
25.1621
36.2936
19.6271
44.7452
13.2182
40.2416
48.7545
16.0769
55.5849
32.1455
27.3263
40.7244
53.079
37.0551
58.5278
42.2661
16.5412
57.1525
17.6715
64.1886
27.175
43.351
43.5186
23.6773
20.508
44.756
25.4147
56.2666
22.8368
45.3589
61.2479
37.628
32.8998
39.5013
35.6645
35.4373
33.4513
39.3508
63.5536
19.1407
12.4085
18.3423
49.9844
19.7271
32.8109
47.3681
32.3681
61.5006
19.7825
60.094
47.4807
22.1578
57.8276
35.6273
19.1603
41.4126
50.8923
18.1785
44.2381
42.6536
18.4223
14.5526
16.3128
52.8294
47.8501
56.1545
29.2588
25.2944
31.5183
31.4249
49.5258
18.363
47.134
38.0792
34.7349
23.6063
33.5312
48.8531
60.8386
22.1971
24.0468
18.263
23.156
58.9546
28.2109
28.3465
43.4835
47.5713
38.3548
18.3699
55.2146
50.345
55.8517
63.0193
76.1593
54.8724
31.8167
53.2471
49.8572
29.2441
65.2695
34.1855
26.7333
61.1995
39.7711
63.2053
32.5558
62.0532
60.7912
36.1374
28.4872
41.5625
30.6304
48.049
38.241
56.6278
29.6973
40.1796
31.701
42.5405
60.7289
37.8745
17.0403
32.9701
57.9455
45.7766
44.4004
56.3702
35.8902
48.0331
19.4074
24.1026
27.5505
24.1366
22.94
52.4437
35.0572
47.0993
34.8383
61.9921
25.1649
32.0145
43.1338
58.6626
50.6734
40.984
25.4319
19.6603
43.0981
47.1294
34.6815
60.6534
39.6084
53.0949
24.9138
23.5576
26.9987
49.4542
60.224
35.4176
45.9526
39.3235
59.8244
35.2833
23.8617
35.8611
22.549
36.9522
53.1629
26.4686
90.6192
57.4962
41.5131
24.9643
65.1325
35.4475
39.5056
----------------
update (avg): 39.6467
----------------
----- init -----
26.8578
----------------
init (avg): 26.8578
----------------
----- commit -----
2519.85
----------------
commit (avg): 2519.85
----------------
# Transaction throughput (KTPS)
LakeVillaMulti	/LakeVilla/src/YCSB-C/workloads/workloada.spec	1	0.0373256
