parsing config file ./lvconfig35.conf
parsing done
parsing config file ./lvconfig35.conf
parsing done
parsing config file ./lvconfig35.conf
parsing done
parsing config file ./lvconfig35.conf
parsing done
parsing config file ./lvconfig35.conf
parsing done
parsing config file ./lvconfig35.conf
parsing done
parsing config file ./lvconfig35.conf
parsing done
parsing config file ./lvconfig35.conf
parsing done
# Loading records:	0
<<<< begin once 
<<<< begin once 
<<<< begin once 
<<<< begin once 
<<<< begin once 
<<<< begin once 
<<<< begin once 
<<<< begin once 
<<<<< redos: 0 >>>>>
<<<< commit once 
<<<<< redos: 0 >>>>>
<<<< commit once 
<<<<< redos: 0 >>>>>
<<<< commit once 
<<<<< redos: 0 >>>>>
<<<< commit once 
<<<<< redos: 0 >>>>>
<<<< commit once 
<<<<< redos: 0 >>>>>
<<<< commit once 
<<<<< redos: 0 >>>>>
<<<< commit once 
<<<<< redos: 0 >>>>>
<<<< commit once 
----- read -----
4.04659
3.78319
5.05431
5.95648
4.5232
3.28917
2.98241
10.596
4.35318
3.37066
3.92748
5.38419
4.51772
3.66938
4.63783
3.63832
4.07225
3.19423
4.05909
4.11214
3.69793
3.72308
3.70826
4.26214
3.7688
3.71512
3.65154
4.56928
4.04804
3.76513
5.13583
4.90496
3.90069
3.94008
4.54432
3.93123
3.77441
4.46593
5.1417
5.30869
10.5595
3.68561
3.66927
5.05514
3.96807
4.74752
3.88457
3.49754
4.7011
3.71521
3.65668
3.89807
4.58982
3.18768
3.93632
3.5824
3.87767
5.35499
----------------
read (avg): 4.35676
----------------
----- update -----
28.5265
38.7778
33.6301
42.9967
53.7429
25.6682
61.8919
53.7581
31.0611
57.3611
88.5226
33.387
47.2848
43.3111
22.2967
29.5426
46.9358
19.8979
30.5079
25.0374
46.0202
31.1703
26.8874
40.4397
26.2286
64.6795
43.1474
16.2258
40.0398
56.7311
56.7905
45.9585
44.247
45.752
35.1302
52.4031
46.0847
32.8161
43.2042
58.6371
55.4873
15.5249
22.4749
42.2278
15.0151
99.2561
20.9288
62.743
37.5663
45.6903
36.8295
52.3505
48.467
31.5817
27.7971
26.5045
56.993
53.9871
36.5953
11.1945
58.3902
65.8636
27.6039
49.715
27.1039
60.007
48.2645
----------------
update (avg): 41.8342
----------------
----- init -----
23.9695
----------------
init (avg): 23.9695
----------------
----- commit -----
307.816
----------------
commit (avg): 307.816
----------------
----- read -----
4.71554
4.31028
5.18225
3.41817
3.12435
6.14123
4.39591
4.65493
14.6529
4.12186
4.60789
3.31906
3.29356
3.91876
4.261
4.79621
8.49751
11.9962
3.42946
3.81958
3.64115
5.43715
5.24012
4.14738
3.55819
3.88975
5.02182
4.1691
5.90903
4.42903
4.4203
3.86156
4.29744
4.03701
3.48042
3.10419
3.27878
3.52499
3.41965
4.00197
3.47117
5.7452
4.37741
4.12634
4.39601
4.59494
4.88475
4.29447
3.44843
3.60379
3.81208
3.10562
3.36467
3.76106
3.98376
3.67794
3.41796
4.27967
4.17507
3.155
4.01645
----------------
read (avg): 4.47898
----------------
----- update -----
28.0149
36.9974
50.7932
35.3559
36.4733
29.8566
59.6287
17.1888
31.8751
51.343
33.9144
64.5212
28.089
48.7265
60.6121
29.1977
51.6662
14.482
17.7674
52.9652
24.258
45.014
59.4261
57.451
15.4573
31.0541
48.2737
31.2159
39.485
43.9494
42.9805
49.8807
15.935
19.1968
22.2859
30.3992
28.7492
61.2363
59.5482
44.3984
42.0322
24.7195
52.1522
27.0044
28.5787
31.0598
21.7898
83.3212
47.8151
52.3621
50.1244
48.278
58.6342
54.5749
28.8423
21.1881
22.9973
31.1022
39.7158
56.3215
30.8107
46.226
52.6948
35.5609
----------------
update (avg): 39.6495
----------------
----- init -----
24.5928
----------------
init (avg): 24.5928
----------------
----- commit -----
608.941
----------------
commit (avg): 608.941
----------------
----- read -----
4.44913
3.69002
5.37844
3.71666
3.28927
4.97928
4.6066
4.61378
3.12657
3.71704
4.79821
4.61893
4.35441
4.02293
4.44228
4.82466
4.09147
4.89269
3.75276
3.5612
4.26848
3.84094
5.58971
3.51789
3.90655
4.15653
5.34259
3.98912
3.42877
3.13593
3.14052
8.4118
3.52313
4.53659
4.30226
3.36307
3.55464
3.89162
3.44193
4.08225
4.59566
3.63476
4.94481
4.72467
3.72254
4.53201
3.66814
4.13252
3.89477
4.72118
5.10647
3.03312
4.71521
4.13112
3.8701
3.99526
5.55875
4.43939
3.76518
3.6927
5.1481
4.81138
3.68183
4.17659
4.73369
8.94529
4.29729
4.57106
7.30053
4.32628
5.05357
5.41592
----------------
read (avg): 4.38459
----------------
----- update -----
42.8166
20.2397
18.8083
39.9284
35.9335
30.5933
31.0739
43.2029
21.2645
64.8024
27.4728
23.5841
48.165
49.2987
34.1667
44.96
31.1912
59.4924
44.4415
17.6748
60.2467
40.2552
53.086
39.3941
54.2625
58.2213
56.4061
33.4696
27.5189
30.6549
15.173
42.3543
48.4727
13.6293
12.869
43.8456
48.6389
35.7525
56.6669
29.9533
15.5019
39.9098
59.0822
13.1526
33.2023
75.2074
34.4082
10.8861
44.483
38.0852
22.0595
36.0981
23.8019
----------------
update (avg): 37.2804
----------------
----- init -----
25.7209
----------------
init (avg): 25.7209
----------------
----- commit -----
1220.47
----------------
commit (avg): 1220.47
----------------
----- read -----
3.96481
4.17451
3.3001
5.86299
3.85635
3.17133
4.2
4.16408
4.42003
3.84405
3.99918
4.0123
4.97117
9.67196
6.71704
3.26579
5.4466
4.21318
4.03795
4.3891
3.71835
3.78893
4.2789
3.85561
3.88889
4.13284
4.21402
11.9207
4.11308
5.72668
3.22627
3.24092
4.08933
4.05208
4.41619
3.93946
3.78434
4.1387
2.71868
4.20221
4.19462
3.70415
4.13622
6.22569
4.6978
3.99549
4.90439
4.32393
3.59921
4.41531
4.81025
4.23301
4.40832
9.99853
3.91193
3.47546
4.43367
4.85159
4.35743
4.86294
3.64771
4.3866
6.4851
4.12295
3.5791
3.37549
3.40313
4.92106
3.77398
----------------
read (avg): 4.49803
----------------
----- update -----
42.9805
13.463
55.2662
34.0465
19.4503
38.4158
32.5771
32.4449
49.4601
55.5963
17.2252
63.3199
27.6744
25.7477
22.2973
37.5959
27.8969
52.042
19.6816
48.984
37.3102
37.5572
61.7326
57.5934
55.2054
57.8338
32.2649
39.2618
15.8793
33.8594
40.3498
12.4783
49.1939
59.0281
31.9694
21.2385
51.7736
58.5575
28.7256
40.249
42.026
24.6401
17.6781
24.5674
60.326
93.5765
51.1963
31.2003
29.6209
20.2492
37.9888
38.735
38.6935
39.8383
49.9894
12.1814
----------------
update (avg): 38.406
----------------
----- init -----
25.9284
----------------
init (avg): 25.9284
----------------
----- commit -----
1118.14
----------------
commit (avg): 1118.14
----------------
----- read -----
3.67357
3.48004
4.36133
3.99435
6.27675
4.24618
5.38226
4.30538
3.87695
4.03304
4.20793
4.32954
5.83418
4.61359
4.05022
3.82884
3.3217
3.75827
3.80344
3.36085
4.87011
3.81811
3.90877
3.9147
3.97335
3.91575
3.81223
3.82062
4.13999
4.12611
4.9586
3.93061
3.45968
3.99871
4.71461
4.20387
6.29639
3.17769
4.41528
3.86133
3.96449
5.08384
3.9827
4.14794
4.28657
5.7146
4.60749
4.0834
4.42485
5.80082
3.86666
5.39302
4.7454
15.2017
35.0018
19.2214
10.6459
4.07187
4.47881
3.96494
4.66063
4.88169
4.37178
----------------
read (avg): 5.31202
----------------
----- update -----
57.0676
45.005
33.2664
18.68
30.8765
15.6478
46.8727
28.3065
46.2761
53.6978
56.9581
59.3465
31.8663
17.6264
60.8979
62.3965
47.1893
31.7728
46.6267
42.82
35.0015
44.1817
20.9089
37.3291
38.3149
40.9213
19.6411
45.3139
14.5811
18.1118
41.4523
61.6423
49.9318
28.5713
13.4528
51.0738
21.7315
52.9365
52.7664
15.4989
57.9486
58.442
55.3588
33.0875
30.5826
33.1357
20.9548
61.0567
39.5318
39.6297
61.6528
54.5879
56.5733
29.8189
21.2124
26.4642
15.8149
54.5276
18.0963
14.2386
50.9075
38.2801
----------------
update (avg): 38.8462
----------------
----- init -----
27.9805
----------------
init (avg): 27.9805
----------------
----- commit -----
877.002
----------------
commit (avg): 877.002
----------------
----- read -----
3.40817
4.132
4.60998
3.28179
3.20818
6.07594
3.45605
4.53217
3.74781
3.92063
3.77982
5.78545
4.87775
4.17542
4.93571
3.04027
3.72054
2.45972
4.24859
3.72694
3.65373
4.13103
4.46767
3.74436
4.30869
3.22598
3.80496
3.94956
3.43879
4.15607
4.08141
4.58559
3.598
3.09367
3.63555
3.06206
4.5927
3.77797
4.61253
4.52078
5.96907
4.65522
3.84507
4.38929
3.93701
4.14202
3.2192
4.42636
4.03428
4.11357
4.24505
4.19829
4.02422
4.49271
4.04703
4.07495
6.50077
5.02376
15.1057
4.06076
3.372
3.45322
3.83679
4.37338
4.27426
2.98628
3.69186
3.90101
5.00201
----------------
read (avg): 4.24579
----------------
----- update -----
44.869
20.1328
27.7135
24.3552
23.9278
56.2168
26.2265
17.7692
27.0166
64.7676
53.7765
49.7383
54.2521
50.4477
58.306
21.664
43.5295
23.8659
16.972
34.855
16.038
23.8771
54.484
16.5682
53.5653
54.0693
20.2052
18.2007
51.597
45.976
18.177
15.778
55.0216
30.5786
18.8452
56.8184
59.1227
39.7826
14.7403
37.8291
34.1897
41.8703
59.2707
35.3352
29.455
52.3589
14.7552
33.807
72.4374
40.4274
22.5742
44.3672
34.7343
52.3391
15.4112
58.5183
----------------
update (avg): 37.2058
----------------
----- init -----
44.8744
----------------
init (avg): 44.8744
----------------
----- commit -----
1345.6
----------------
commit (avg): 1345.6
----------------
----- read -----
3.81611
4.27447
4.00851
4.38687
4.58128
4.47843
3.36491
5.61421
4.45726
6.57902
3.47093
4.20427
4.73061
4.30897
4.68617
4.42524
3.40036
3.45049
3.10461
4.73146
4.01218
4.494
3.2921
4.05136
3.5206
3.57144
3.97684
3.5688
4.89286
6.62028
4.35457
4.49207
3.29326
4.09448
4.58274
3.34675
3.00433
3.33165
3.82264
5.25166
4.25346
3.92082
3.39226
4.80349
3.94295
3.78521
3.72788
3.58276
4.55148
4.37872
3.43652
4.11667
3.71625
4.6184
3.65745
5.23524
3.31212
5.0358
3.76665
3.96232
4.0239
----------------
read (avg): 4.1454
----------------
----- update -----
20.0898
53.7074
53.9898
15.3866
51.4787
36.4578
46.724
53.7871
44.7562
18.637
59.695
55.2164
57.333
39.8321
16.994
37.3557
23.2382
58.2936
37.7392
21.8845
27.6057
49.4816
39.9785
53.0057
47.7351
25.7648
19.0003
57.6539
27.227
44.2841
31.4779
58.0375
15.7851
54.2094
50.6427
36.9998
17.9795
56.531
41.5536
36.911
56.4215
19.7778
17.1554
54.0636
98.9572
40.3531
19.4611
42.8466
40.5794
20.4396
54.5741
19.1352
23.9958
29.6845
36.1661
47.6721
38.2805
54.4022
31.9297
58.0284
55.6192
16.3764
40.4906
58.6682
----------------
update (avg): 40.149
----------------
----- init -----
58.1482
----------------
init (avg): 58.1482
----------------
----- commit -----
956.682
----------------
commit (avg): 956.682
----------------
----- read -----
4.51382
3.91558
3.25533
7.34764
3.63575
6.00456
3.7897
3.11863
4.07228
5.5933
3.22765
4.382
4.16122
5.35176
4.12972
5.47969
3.41469
4.09411
2.98176
3.5158
4.46892
4.15618
3.96762
3.48618
3.34421
4.4492
4.04383
3.72146
3.37709
3.33904
3.76226
3.93195
3.62161
3.57554
4.20366
4.39715
4.60938
3.7868
3.66227
4.9615
6.97727
3.36889
4.43717
4.14596
3.62938
4.57961
4.37335
3.83037
4.57874
3.90426
5.90282
5.56044
5.22222
5.1379
3.6428
3.75259
4.37484
3.78574
4.89505
5.15768
4.19155
3.95904
3.74282
4.63346
4.51274
3.84087
----------------
read (avg): 4.2574
----------------
----- update -----
20.1345
50.93
55.6481
34.5965
24.6196
67.4931
48.1375
64.3206
65.338
34.6938
21.7393
29.0087
35.7502
31.0628
30.8619
52.8661
31.6317
49.979
33.4532
39.8604
24.6579
52.5097
56.0121
47.2916
37.4778
28.5205
19.1442
39.4475
37.5908
58.0527
29.5193
53.0131
27.9986
45.4081
56.5913
23.6194
41.0809
46.5596
15.9546
20.6239
45.4856
36.552
40.9358
97.4205
47.1106
22.9902
55.8262
20.8754
15.3833
16.0748
39.9224
14.9522
35.4803
59.7366
53.878
15.8554
56.4876
21.7048
35.1603
----------------
update (avg): 39.2378
----------------
----- init -----
77.6281
----------------
init (avg): 77.6281
----------------
----- commit -----
1183.72
----------------
commit (avg): 1183.72
----------------
# Transaction throughput (KTPS)
LakeVillaMulti	/LakeVilla/src/YCSB-C/workloads/workloada.spec	8	0.218689
