parsing config file ./lvconfig23.conf
parsing done
# Loading records:	0
<<<< begin once 
<<<<< redos: 0 >>>>>
<<<< commit once 
----- read -----
4.84671
4.08573
4.50355
4.47356
4.23961
3.50705
5.43383
4.19563
4.58779
5.23115
5.11862
2.9624
4.99344
6.90127
7.68443
4.43822
4.39653
5.44238
4.6483
3.98515
3.43457
3.6889
5.09229
3.23511
4.24374
5.25119
3.76657
3.4561
4.1671
3.89981
3.49434
4.5746
4.3049
4.23465
3.75174
4.42979
3.83587
5.67636
3.10712
4.71426
3.95024
3.2513
4.88828
4.07262
3.71774
4.17982
4.24434
4.31389
4.46985
4.5816
3.62254
4.44588
4.28899
3.96345
3.99064
4.79102
3.99582
3.137
3.65446
4.23835
4.07088
3.72012
3.61042
4.16644
3.8496
3.7773
3.57898
4.03187
3.65892
4.66519
4.76443
3.76052
4.10203
4.05594
3.94157
4.02151
4.07017
3.14374
3.03927
2.94273
3.6881
4.00821
7.49737
4.79336
3.11027
4.56313
4.40743
3.63413
3.79297
5.02191
4.04634
5.20027
4.05865
4.91297
5.00479
4.34459
4.19317
3.91143
4.11041
4.23793
4.0225
4.83065
4.59422
5.06031
4.31891
3.53485
3.10864
3.7654
4.15762
3.63445
4.8365
5.41719
4.91563
3.78394
3.6938
3.54222
4.9602
3.86324
3.31562
4.09441
4.80499
4.30983
3.31145
3.70881
4.00081
3.83731
3.13247
4.00087
4.76945
3.74423
10.6504
12.4163
4.60353
5.444
4.2657
3.27444
4.35113
4.2382
6.83117
4.08059
4.14058
3.6966
4.34352
4.72593
4.97011
4.67699
4.70824
4.11694
4.51973
3.62074
4.15157
3.87858
4.17133
6.90484
4.248
4.00426
4.68332
5.45391
5.77001
4.64984
3.4577
3.82415
5.02341
3.78324
4.7161
4.56589
4.96881
4.08838
3.97348
4.92638
4.97784
3.98938
3.77782
5.18857
3.5636
4.52132
3.83416
4.31169
3.64382
4.03119
3.7469
4.46408
4.0568
3.44036
3.29971
3.47444
5.56448
4.9635
3.40295
7.30743
3.49968
4.27815
3.95396
4.65092
4.18
3.75452
4.38056
8.2031
3.91623
4.30105
3.59433
5.07831
3.92682
5.61929
4.81065
4.19789
4.76661
4.51413
4.30808
4.91952
4.59349
4.46934
5.00072
4.93528
4.58334
3.93469
3.70264
4.76631
2.8137
5.11562
3.72026
4.78574
4.97743
5.57448
3.64363
3.54788
4.42145
5.13683
5.04533
4.75638
4.07085
2.98706
3.56795
4.00517
9.01077
6.53429
4.06621
5.42681
4.47999
4.83259
4.66151
4.36855
4.30504
5.17447
3.96836
4.43192
5.58123
3.82948
4.6844
4.96473
3.85528
3.8412
3.70376
3.64737
3.58464
5.466
3.90543
3.80171
4.62662
3.07428
4.18562
3.54628
3.35694
5.53184
7.37876
4.5744
4.83151
6.9959
3.75023
11.2884
4.45169
6.33968
6.3534
6.17341
12.2753
7.45014
6.56034
7.25099
6.25517
3.9206
4.0985
4.26627
16.3819
4.478
4.86768
3.79799
5.35951
4.06663
4.13583
4.34686
4.41267
3.23338
4.58092
4.8616
4.84533
6.59921
4.54009
4.48587
3.5514
5.41637
4.2274
5.70557
5.42907
5.27907
7.11373
9.78203
6.45252
4.46978
4.04464
4.49108
4.63899
4.3054
4.45754
5.58687
3.77089
4.99624
4.64827
5.32533
5.45099
4.92549
5.08388
5.69744
5.57397
4.45252
5.34833
5.43885
4.97857
5.04004
3.87777
5.33643
4.52959
4.73689
4.49838
4.35099
4.61929
6.48519
5.21427
6.35013
6.81908
5.02165
5.43937
4.63417
4.68301
4.54724
3.89349
4.4378
4.15211
4.11875
4.12034
4.72857
4.63344
4.40018
4.37216
4.19737
4.53135
3.08198
4.87026
4.44038
4.18251
3.80897
4.02457
4.34526
3.49775
4.04182
3.81232
3.73722
3.77084
3.93068
4.3033
3.85092
4.04771
3.46063
5.02777
5.02677
4.45827
4.66937
5.93708
5.28939
3.94696
5.20519
4.02521
3.75872
4.10214
4.41383
4.78764
5.21818
5.05987
3.23298
5.95746
3.6588
4.13427
5.08693
5.51978
4.02101
4.14487
4.5841
5.46926
3.41147
3.68513
3.13721
4.22868
4.61315
3.90585
4.95134
3.45028
4.20232
3.55328
4.29421
4.05888
3.77317
6.28518
5.22443
4.06919
4.40118
5.09144
4.26837
3.9959
5.15204
4.15948
4.03885
3.85954
4.34932
4.89087
3.64673
4.52978
3.79401
3.38303
3.98609
5.20474
3.55573
4.35372
4.05036
4.25722
4.47375
4.8168
4.49595
4.77762
4.62119
3.91182
4.01576
5.28428
4.3529
4.18277
4.54866
3.59475
4.5836
4.27945
5.19651
4.94835
5.25974
4.18244
4.51107
5.128
4.60036
4.59865
19.8891
7.97886
8.46289
4.90235
5.33574
6.25338
4.30461
4.8404
4.73705
6.14917
3.71688
5.45876
5.25148
12.2816
6.13197
5.66779
5.79326
5.49988
5.49012
4.72599
5.96253
5.23754
4.80913
4.65689
5.28493
4.47325
5.89178
4.2586
3.38354
4.581
5.54395
4.41072
4.58175
4.96446
5.65219
4.3959
4.88084
5.85535
4.41418
5.86439
5.85338
3.94209
6.75608
4.45577
5.08088
5.97919
4.95213
6.76362
6.49738
5.64179
5.58141
6.39235
5.72213
5.1881
5.95735
4.74954
6.29345
9.56733
12.0027
7.86455
7.71012
6.64789
7.81346
7.22507
9.8566
----------------
read (avg): 4.7626
----------------
----- update -----
19.9524
37.2603
44.6421
40.7937
49.5673
63.0875
18.7708
24.8836
60.5214
36.9243
22.4646
14.2238
29.099
27.1845
17.7532
48.3594
38.4239
56.7888
39.4877
38.3647
58.1981
24.7459
58.8021
12.5317
50.6627
18.0289
41.8205
58.4518
25.0462
26.2324
57.2576
42.2307
20.8928
43.0763
33.1567
26.1914
29.9579
32.6201
46.0598
31.5745
57.9977
58.669
20.2071
17.1211
19.7321
22.8233
113.962
49.3516
25.1749
51.8527
59.6584
19.3048
11.8655
58.215
25.2411
28.0107
48.665
60.0969
46.0206
48.9883
42.2196
56.1644
18.3755
21.6833
57.8209
37.146
15.1496
61.6839
39.9157
37.8801
29.5104
60.1557
41.8646
43.1098
59.6461
60.2539
49.8699
43.0346
24.679
15.9674
32.8613
43.7389
49.2875
36.5622
17.9003
41.0035
61.4539
27.1837
39.6582
55.9796
57.014
45.5382
21.1842
61.8854
29.0324
18.9531
34.2618
29.0771
60.2509
45.2581
35.9945
58.287
52.81
23.4623
57.0125
29.082
19.1448
55.2884
24.8042
52.8408
42.6314
35.5154
19.0318
22.5823
52.5979
14.4127
40.6772
38.8766
58.4311
63.0086
59.2566
39.3122
60.0203
48.9828
26.3454
42.4794
47.9039
15.4492
33.0047
37.9021
20.5357
35.5752
49.2848
24.7521
31.3881
15.9194
48.065
45.0427
50.4393
45.8433
35.857
48.9508
17.5222
53.8177
50.5426
51.3261
38.3986
44.1024
26.408
44.7628
53.2039
56.9314
33.5103
18.5554
37.5529
41.3774
58.6432
52.6189
28.9429
38.6762
40.1712
40.9001
60.2578
22.5857
16.5845
43.2136
16.4549
16.0234
25.9465
40.9975
56.2684
27.1759
60.3452
31.5608
57.2129
28.0403
26.0326
28.1673
50.6836
26.7198
46.775
35.5393
25.9063
29.7566
36.2614
52.3758
25.2876
15.4549
18.1997
42.2699
25.1993
37.585
46.2936
23.1443
60.4261
30.0058
50.8703
28.7616
49.3256
50.5234
38.5144
20.6236
60.3534
46.4145
28.2479
47.138
37.8655
28.1957
52.292
21.6688
33.8271
38.4949
31.9711
54.7626
44.629
35.7004
12.9145
30.8486
56.9928
46.6594
26.839
56.8264
48.733
22.1272
26.7541
55.2055
65.1286
24.2981
49.6138
15.5875
57.7291
21.4448
23.8057
38.0265
34.2029
55.5796
18.1238
49.9689
58.8132
57.6992
54.9941
38.3498
28.0281
46.7367
42.3723
48.4361
41.0112
36.3334
42.3402
62.1602
28.5409
55.6102
59.0329
50.6122
38.276
18.5507
36.0384
46.7331
47.1241
51.3405
63.351
57.7345
44.6869
41.9252
30.3986
61.626
19.831
20.1461
59.3256
30.4037
38.7335
21.8134
40.9853
22.9789
17.4393
19.0247
32.5656
42.2878
25.3289
40.93
26.2636
59.8582
35.8288
57.7115
48.1995
54.2433
57.6457
57.0785
43.4529
53.1844
18.8644
37.2706
64.024
60.9807
50.4462
19.8744
28.3774
47.9632
64.4126
22.3289
18.5564
30.2685
22.4266
55.7586
37.5223
44.8209
43.2755
23.1348
53.5944
58.6747
49.6931
33.5162
21.9899
52.0224
36.6482
56.1161
52.6677
37.8226
17.537
20.2268
44.9434
49.6061
14.7334
28.3388
32.452
42.7023
45.8269
61.6718
56.8089
44.6987
43.2985
21.6556
52.73
42.0642
42.0032
40.6151
34.3902
57.911
51.5679
40.7212
45.7156
43.0387
26.1533
14.8677
14.7326
14.405
50.9444
36.9206
20.1669
25.3205
31.3106
45.2165
41.3828
52.1521
52.1209
57.7184
22.9494
62.9055
52.3719
31.5024
26.2007
30.1814
37.5154
52.4855
44.9924
51.8935
42.0347
13.7012
28.9079
28.2545
52.0921
23.5231
31.7054
43.9315
59.4186
17.0725
55.7041
38.3655
54.4767
51.9205
43.5044
44.0573
23.5176
24.511
45.9323
44.6404
19.6858
42.0098
55.7535
55.5459
25.2671
33.0062
61.1079
65.5518
56.5693
65.6933
58.1378
24.8964
20.1263
20.7614
46.7763
53.2893
52.8157
57.9901
38.1907
31.6518
58.8974
23.8299
17.9606
46.9034
23.0768
32.7219
47.8834
34.7751
30.6652
54.1896
30.8229
49.9061
64.1443
48.1574
34.9725
31.6756
48.2177
32.1919
53.0418
47.7393
24.0385
37.4367
29.0707
25.8452
30.8059
45.7309
40.0671
55.4729
61.1573
36.7735
19.2417
62.5307
43.5263
27.6609
20.0659
56.7951
52.7296
61.1344
50.1196
53.7749
37.7086
54.244
34.01
26.9149
46.4844
65.1213
44.2043
30.735
56.3288
38.7687
34.3984
31.1371
46.3977
65.9937
36.2589
41.5488
41.9524
48.7981
54.8784
49.128
22.1728
75.7954
71.8655
68.2626
61.3438
55.4758
34.1303
37.8475
69.4606
70.5881
52.4545
72.08
49.3425
68.5727
----------------
update (avg): 40.5489
----------------
----- init -----
28.7177
----------------
init (avg): 28.7177
----------------
----- commit -----
2710.6
----------------
commit (avg): 2710.6
----------------
# Transaction throughput (KTPS)
LakeVillaMulti	/LakeVilla/src/YCSB-C/workloads/workloada.spec	1	0.0363713
