parsing config file ./lvconfig14.conf
parsing done
# Loading records:	0
<<<< begin once 
<<<<< redos: 0 >>>>>
<<<< commit once 
----- read -----
4.17424
3.37279
4.23587
4.24103
3.62466
4.7148
4.34789
4.39693
3.26873
4.75862
3.81143
5.57616
3.9044
3.61453
3.82923
5.32133
4.55804
4.0015
3.80296
3.51412
3.93357
6.49798
5.05376
3.85704
3.77594
3.98417
8.57485
3.78316
4.06172
4.66185
4.53204
4.19036
4.16849
4.89504
5.3838
5.40712
4.12282
4.31502
5.34243
3.70913
3.81265
3.84014
5.61659
3.44523
3.59498
4.29085
4.08732
3.0775
3.68496
4.89187
3.81747
4.82875
4.07916
3.65792
3.32505
3.53628
4.30669
13.5899
6.16118
5.08633
4.22893
4.50482
4.89058
4.32478
3.70596
5.58994
4.8779
4.99934
3.59817
5.07676
4.39686
4.27648
3.85514
4.00404
4.0601
4.27649
4.63492
4.53003
4.57081
4.06301
4.00594
5.04871
5.20419
4.34881
4.32733
3.51577
6.02053
3.69031
4.37591
4.92104
7.37419
3.47791
4.8161
4.71145
4.80128
3.83973
3.73931
3.57427
8.97869
9.37476
4.59964
5.15949
4.68241
5.34189
3.77706
6.03367
4.13484
4.34444
3.57009
3.83164
3.84619
4.21809
4.17225
3.18283
4.11852
4.17549
4.96683
4.84232
4.64308
5.14201
4.73701
4.07754
3.89766
4.50801
4.44739
4.90339
4.83739
5.39375
4.57069
3.81567
4.51418
3.99552
5.56501
5.10298
3.47519
3.51499
3.72902
4.16204
3.6174
4.68442
5.0168
4.81747
3.34857
3.85279
3.59926
3.78577
4.63262
3.91974
3.81571
3.59473
3.07693
4.16387
5.24103
4.35553
4.17359
4.22366
5.18048
5.33478
4.55181
4.07387
5.02923
5.49146
4.18275
4.72939
4.00988
5.67564
4.6838
3.36927
4.14395
3.36103
4.5405
3.83469
3.79318
4.84955
4.43456
4.58361
4.49892
4.05078
4.31457
4.1962
3.90498
3.87747
4.49639
4.68935
4.66739
4.21892
3.95114
4.54392
4.56287
4.53987
4.4555
3.99553
3.92486
3.65552
4.21256
3.99279
4.21724
3.13298
4.56752
3.922
5.19463
4.48395
4.93607
3.7574
3.62403
3.60357
4.11162
3.78639
3.73097
4.11137
3.69505
4.4262
3.45797
4.43298
4.94803
3.72532
3.55964
4.80489
3.62355
4.55345
4.68116
4.977
3.7654
4.22886
4.4574
4.60235
5.45996
3.8637
4.18621
3.81644
4.161
4.34229
4.10421
4.21359
4.07985
4.93161
5.10407
3.27077
4.52076
4.38523
3.91432
4.01365
4.6626
5.33807
5.54785
3.62956
4.72544
4.9851
3.99779
4.30575
3.69784
3.3679
3.95998
3.63447
4.78296
4.32984
4.37566
4.35471
4.76645
4.41672
3.5648
3.99944
3.56571
5.22188
5.63528
4.7594
6.58915
6.15648
7.10069
8.49763
7.24451
8.42526
7.17141
6.59595
6.04207
8.10457
7.30865
6.61428
4.6128
4.65994
5.14181
4.37638
4.77388
4.92378
4.85888
5.55628
5.2456
4.18496
4.73032
4.86394
4.18729
4.947
3.99387
4.2147
3.75645
4.91145
4.85361
3.68395
3.13433
5.16616
4.12612
4.7957
4.30125
5.6659
5.46846
5.2556
5.68009
4.55806
4.39455
4.13463
4.37374
4.22797
3.69726
4.64564
4.72178
5.07045
5.46336
4.22563
4.52575
4.33475
3.87473
3.79117
4.22532
13.0321
4.64568
4.33846
3.92996
4.17567
3.88388
4.46427
5.13976
5.07693
4.92837
4.36473
4.27554
4.05788
4.28124
3.76283
5.55839
3.85444
5.35742
4.78094
3.81738
5.61531
5.57151
5.15773
4.95946
5.04884
3.72299
4.24418
4.32145
3.79277
5.94577
5.26967
6.56838
4.9729
4.1398
12.4238
5.13105
5.14949
4.38534
5.37135
4.31142
4.0991
4.19531
4.02691
4.47827
4.18613
3.96055
4.16723
4.54511
4.19663
4.70007
4.38917
4.0491
3.52902
4.56258
3.72629
4.10951
4.81677
4.91322
3.7667
3.39204
4.17927
4.19099
4.87228
3.79
4.5846
4.89377
5.12
3.41282
4.1637
3.93151
3.46566
4.43004
4.64427
3.71034
5.4169
4.02725
4.61386
4.79193
4.9738
4.28749
3.95961
3.50822
4.32244
3.8215
3.917
4.09327
3.78335
4.03433
3.58847
5.41593
5.23545
5.21463
4.31606
4.67945
6.03386
7.13334
5.53299
3.91534
3.93537
3.11301
5.61268
4.66035
4.70636
4.08207
3.37072
7.84003
5.29753
4.59497
4.20697
4.32379
5.42179
4.86277
4.36493
4.65618
5.72106
6.94744
6.1799
3.65351
4.16473
4.87548
4.36928
3.65678
3.99595
4.17075
3.39769
4.34316
3.83323
5.04367
3.96079
4.12325
4.42843
4.0044
6.12833
6.84883
5.81281
7.65358
5.20519
4.60482
5.93397
5.53564
4.58753
5.42363
4.55659
11.8989
5.11614
4.40439
6.36719
4.10762
5.06491
4.67753
6.26041
4.48177
4.71484
4.57307
4.25291
5.34698
4.70919
4.2832
4.95398
4.70953
4.46716
4.50962
7.47038
5.02373
4.78136
3.89321
4.99076
5.95135
4.78228
6.14053
4.4714
4.19558
6.65861
10.8707
6.23674
4.68001
7.02955
6.6584
5.50136
6.95331
5.27986
7.95703
4.69139
5.62115
8.12247
6.78003
5.17756
5.38963
7.51856
6.45042
6.13447
7.44353
7.24988
8.17782
5.92339
7.12255
7.24036
----------------
read (avg): 4.73045
----------------
----- update -----
59.2246
42.9617
42.4502
61.7751
40.9954
28.7958
57.1588
59.8638
24.2286
64.4678
19.8715
22.812
31.221
58.209
30.7605
53.824
47.7515
36.2894
31.1597
26.1153
47.9422
29.5721
32.0086
53.9223
17.9558
36.9998
55.3232
57.9325
15.5879
25.0667
49.3121
34.006
42.991
17.0768
38.4117
53.9213
66.5974
26.7255
50.9227
54.3449
38.1619
22.9391
13.8913
36.65
119.126
14.2634
58.7099
42.0063
53.8529
58.4729
28.1872
60.7851
53.7837
43.6257
31.5714
13.1646
53.0727
19.7246
45.2879
55.6097
49.9805
45.6021
46.7917
40.0972
39.701
15.5738
46.2824
57.0094
25.3367
28.8758
15.2772
59.0882
62.3668
33.6243
56.512
61.2004
26.3984
60.4967
33.0667
17.6413
30.0442
48.4229
16.025
52.5921
49.7588
52.1806
57.3678
34.1867
61.604
40.3155
31.7359
39.201
27.0564
53.385
37.16
58.8216
51.0315
35.7979
51.8675
12.0678
31.7688
55.8225
49.5982
32.6735
27.2071
55.2003
56.478
43.4142
55.7941
17.1189
44.9318
14.3031
57.2369
42.419
40.8856
47.0507
48.762
39.6814
16.0536
17.4669
31.539
15.8623
61.373
35.4151
42.1016
21.7075
40.6969
24.5305
14.858
39.1627
14.6542
26.5174
36.65
33.1204
12.8714
23.0712
22.3643
41.7773
62.9924
51.4867
57.217
20.6645
42.2516
41.2389
36.8383
34.3639
59.2239
43.6779
14.7454
17.659
19.2866
19.2568
42.0475
22.8809
53.1132
23.791
58.7714
40.6543
25.3716
51.2468
47.4126
15.5393
46.5692
24.0867
51.9163
20.9673
40.291
60.2512
14.5553
40.9757
40.3433
33.3533
13.958
50.9125
44.5759
46.1293
19.9702
34.6473
19.9136
13.1736
62.4877
19.7215
23.8883
38.221
58.9306
36.8209
60.4742
27.0959
15.7553
15.314
57.9097
24.0781
60.7991
28.9152
21.2425
26.2676
47.8902
55.4688
20.7797
54.7907
51.272
42.5432
30.6681
19.6317
32.044
52.0696
15.1314
19.8029
58.8491
27.3115
54.3778
56.4765
22.1734
23.2462
60.2371
20.8754
52.1067
30.2442
17.1651
41.9364
18.6668
19.3752
32.2893
48.5679
38.8628
32.3859
33.8625
50.9595
58.4109
42.8437
20.1896
62.3815
43.3892
50.9938
33.7149
55.1692
49.1114
63.9931
42.7445
66.3652
48.4524
71.2842
65.3594
26.5402
25.3946
62.6279
32.1846
33.3439
36.032
62.0028
34.8962
46.453
62.0469
60.3173
53.5028
40.6795
37.4152
42.4236
35.4546
44.9228
42.7066
44.2974
21.5801
32.6946
24.8684
34.8489
58.8164
37.2707
38.0581
62.2892
26.7248
20.4034
42.8716
18.7256
44.2827
36.0067
61.5123
47.387
51.504
30.791
20.6523
50.0947
61.3372
28.0127
17.9491
15.7149
51.4355
41.2361
50.801
59.4413
60.9028
40.9759
32.7884
36.6544
59.1861
39.5101
45.9433
28.3905
44.4475
18.4628
62.4238
47.5031
25.8437
19.5902
24.6027
34.3793
48.6487
22.052
50.6176
43.1733
41.0867
17.4712
56.8282
16.3668
20.4547
34.681
17.0669
49.6049
22.5733
20.1844
37.6379
54.9737
26.335
36.1047
15.7509
49.4329
32.1673
61.2541
42.1075
41.8417
24.3161
39.7927
20.7398
20.1986
46.1259
16.4853
13.4683
21.9579
58.1655
27.907
31.5796
47.9931
52.9259
40.7169
50.8228
25.9819
62.5757
59.9703
54.1195
56.5335
41.4628
39.7034
39.11
20.8693
37.6309
35.7787
36.4865
40.3331
43.5383
56.9755
60.0847
53.6142
28.961
31.3191
31.2124
33.4427
45.9814
37.6104
61.7428
25.1148
53.8351
48.7639
22.8106
54.7065
28.0223
40.4651
55.4637
26.0078
50.9301
51.8739
50.4192
23.4025
25.507
52.6025
23.2364
60.8317
35.973
45.9516
60.4718
30.0211
71.043
37.5724
23.0586
60.5946
62.5583
76.967
64.0358
57.261
21.6996
62.2356
34.8517
54.5774
28.9051
53.9684
54.7829
62.0686
60.8636
66.0804
17.5407
19.978
34.3508
55.2334
24.3814
37.5354
58.9001
42.218
36.3391
53.6767
52.3743
30.1652
61.8948
62.1035
24.9428
23.4121
32.5813
48.5489
64.3268
38.2226
32.5784
38.7474
42.0082
35.2976
62.664
43.9554
48.1283
29.1374
60.1071
27.5925
48.3943
17.5354
39.7395
44.3784
54.145
26.5467
48.134
52.206
52.5903
25.0587
59.1383
42.9063
45.089
37.8665
40.3533
67.0913
68.6312
33.8608
45.9274
57.4155
60.8507
44.9882
31.0566
36.1513
45.4665
23.7642
98.3493
65.6237
51.9559
42.8442
63.5107
28.0839
24.2924
64.5826
59.9744
64.5947
67.422
43.6778
36.1465
37.5031
85.4991
77.1826
----------------
update (avg): 40.8618
----------------
----- init -----
23.8637
----------------
init (avg): 23.8637
----------------
----- commit -----
2625.17
----------------
commit (avg): 2625.17
----------------
# Transaction throughput (KTPS)
LakeVillaMulti	/LakeVilla/src/YCSB-C/workloads/workloada.spec	1	0.036358
