parsing config file ./lvconfig10.conf
parsing done
# Loading records:	0
<<<< begin once 
<<<<< redos: 0 >>>>>
<<<< commit once 
----- read -----
4.04532
2.29902
2.57988
2.29297
2.44481
2.47382
2.1781
2.46886
2.29857
2.19572
2.11894
2.55984
2.56612
2.26052
2.29562
2.08622
2.20967
2.42155
2.73345
2.32017
2.57413
2.66072
2.65129
2.59178
2.4212
2.18971
2.51512
3.11481
3.53742
2.55698
2.89849
3.17422
3.26916
2.61208
3.1506
3.74126
3.64347
3.6343
3.52431
3.57905
3.66568
3.84656
2.34727
4.52462
3.33468
3.76423
3.3214
3.85832
3.63104
4.72549
4.94992
4.77987
3.98548
4.63925
5.18973
3.58579
4.31296
4.68013
3.98053
3.20358
4.7195
3.44745
3.89383
4.37918
3.72333
4.00408
4.43316
4.17776
3.0612
3.80712
4.08324
3.48829
3.5506
4.11874
3.82241
3.7081
5.27287
4.0993
4.41342
3.92198
4.00585
4.54353
4.24024
4.62076
3.84636
4.874
3.78745
5.16732
4.49467
3.5878
4.87157
4.52712
3.82614
4.1437
3.83387
3.91558
3.71587
4.33871
3.85106
4.28559
3.80125
3.61001
3.95641
4.53424
3.8212
4.03139
2.99298
3.56126
3.1211
3.67041
3.15083
3.88721
4.03762
3.91699
4.66122
3.76762
3.33801
4.30659
3.61058
3.59302
3.88479
3.92467
3.76768
4.26246
4.77955
3.38463
3.54609
4.24651
4.13223
3.99744
4.0315
4.28867
3.43051
3.94713
3.46713
3.34361
5.14743
4.24273
4.31425
3.43935
3.26295
4.74435
5.28231
4.67153
4.32221
5.86153
6.50891
4.74089
4.52127
3.33394
4.41294
4.15666
6.70936
7.22315
5.54525
4.75305
4.51705
4.48978
5.4071
6.5912
4.80887
4.07781
3.40266
3.73431
4.37608
5.09725
4.76502
4.33383
3.97216
4.43731
5.42905
4.99932
4.17236
4.53131
5.39958
4.0656
5.06044
5.49901
4.4371
4.52128
4.35894
4.30753
4.96579
5.06843
4.28468
4.14081
4.07569
4.28695
5.26517
4.25866
5.02245
4.61223
4.86738
6.75486
3.88141
3.67487
3.81789
4.16233
3.26252
4.43129
5.68979
4.64806
3.47968
4.31501
4.77239
3.49747
4.18137
3.91017
4.3204
4.30604
5.80839
5.11155
4.4173
4.53456
5.13739
5.20919
4.06762
3.81605
3.78919
4.21272
3.92135
3.5157
4.94355
3.72089
4.41779
4.35136
3.63026
5.04484
4.151
4.47485
3.88443
5.26478
3.46694
5.85163
4.91382
4.73282
4.31414
4.67746
3.7167
4.73672
4.44337
4.05218
3.87367
3.94313
5.06409
4.4706
4.03356
4.59849
4.31349
3.95801
3.4294
3.30544
4.32363
3.54651
3.85077
4.63032
4.30824
3.76302
3.6175
3.64778
4.02922
3.30331
4.53819
4.34506
3.92979
3.43188
4.40385
5.05823
4.066
3.27348
3.70634
3.95194
4.37247
4.07374
5.57316
4.65612
5.60201
4.03431
3.89923
3.49
3.86559
3.93717
4.92322
4.74503
3.63598
3.20538
3.48213
5.19513
3.93819
4.70947
3.91962
4.42661
3.7784
5.78762
4.39842
3.61258
3.61837
3.38701
3.98214
3.94397
5.09135
4.37322
4.67597
4.71292
3.68781
4.62838
4.44091
3.6598
4.42627
4.47239
4.34208
3.90899
3.57581
4.99789
5.69533
5.45181
5.4747
6.30391
7.60198
3.81177
4.58535
4.51448
5.95767
5.37374
4.53127
6.36039
5.61846
6.31119
5.31773
5.30215
3.97349
6.91454
5.26557
7.69795
4.43624
8.11787
3.83012
5.44801
5.31165
8.1832
5.52094
4.81667
4.27061
4.2876
5.39666
4.36412
4.19504
4.13851
5.01956
5.20419
4.55886
5.02419
4.21794
4.54056
4.00054
5.65237
4.71958
3.60244
4.15929
4.48243
6.61388
4.71994
4.39364
3.48335
5.70986
4.64872
4.89221
3.44077
3.93795
3.70306
4.331
4.71026
4.69751
5.42151
4.53508
4.3356
5.1186
4.57125
4.37343
4.21065
5.15343
4.53508
4.58503
3.938
4.76724
4.06614
5.33471
4.87466
4.12533
4.27284
4.76652
3.93474
3.91793
4.6453
6.36566
4.47343
3.44102
4.03079
5.71882
4.24374
4.18696
5.80066
5.22638
3.75624
3.24245
5.20756
4.1821
4.54012
3.60045
4.40675
5.11029
5.01987
4.83737
5.14382
4.95125
3.91883
4.6558
5.39073
4.89658
3.82
4.81653
4.09939
3.24397
7.27152
3.96325
5.68922
4.73961
5.53511
3.94563
3.65896
3.81509
4.07284
4.16233
4.34053
5.38259
3.90505
3.69271
4.83016
3.16758
3.19492
5.88965
4.2608
15.5974
3.94087
4.44225
4.20283
4.31219
4.22743
4.09116
4.43139
4.52534
4.44138
4.95468
6.9265
3.87849
4.02091
4.82
4.60547
4.51076
3.55499
4.59686
3.80754
5.2372
4.49126
4.46829
4.44923
4.42124
3.49483
3.98455
5.77024
4.01516
5.33551
4.56794
3.96051
4.58045
4.03079
4.15551
5.23735
3.9136
4.08689
3.79106
4.40464
4.39785
5.24096
4.56272
4.3296
3.54662
4.2928
4.13189
4.45873
6.79659
6.17238
7.82465
6.47795
3.96896
5.80755
4.91282
4.32107
5.9389
4.0054
5.28572
5.76167
7.48823
4.65116
5.67668
4.54697
5.12817
4.47552
3.09898
3.60169
3.80616
5.24395
4.04568
3.85193
4.72958
4.30215
5.25372
4.21781
4.11451
6.42161
----------------
read (avg): 4.3522
----------------
----- update -----
8.21368
52.5456
7.39052
7.62786
7.71657
7.67717
7.98129
36.7693
7.5551
23.4368
7.61132
29.7322
13.3294
7.42837
26.2624
6.67
7.04584
38.2462
21.891
39.7177
48.3611
7.83376
9.14635
14.4889
15.2872
7.60046
33.7627
7.48966
7.52612
53.8365
7.30843
46.4611
54.2586
35.6657
12.6553
8.66459
35.8937
32.3093
24.0874
40.6422
34.7783
46.2054
42.1147
45.405
15.4206
37.8958
35.5108
9.20899
58.2802
19.3824
46.6203
28.5503
58.6009
67.2922
20.3018
32.9998
20.655
54.2585
27.8243
45.1068
27.6921
34.4796
31.0558
47.2481
26.4152
42.6569
42.4937
53.6122
35.5011
58.9992
37.4681
41.3107
46.6849
14.5227
34.9241
39.8892
22.2373
30.433
47.6521
52.3872
59.8787
25.4865
56.3975
28.5611
32.9427
47.4974
34.9992
55.9116
58.906
29.4847
45.0458
107.415
76.6571
35.1672
32.53
45.6341
29.4926
57.8861
57.5905
27.3666
32.7567
18.1631
47.2572
15.7941
30.5263
56.8395
40.1878
19.9613
17.9694
41.4312
10.4575
42.0836
35.293
25.8839
37.7086
52.576
60.991
18.7343
58.9853
47.7411
31.1183
41.1479
25.2098
49.0309
59.2716
42.4968
40.6507
42.144
20.4999
40.3969
28.3129
17.7055
50.3355
22.7326
42.925
62.9114
50.775
38.7226
57.0196
49.3349
29.3035
39.7394
31.8648
50.7948
17.5158
24.7831
43.1259
36.741
43.1137
51.9877
27.6717
23.7435
31.6351
15.6641
24.7606
31.0661
44.8837
17.0436
60.2832
45.5399
22.3197
36.9355
26.9291
48.9113
32.2645
18.3858
42.4989
20.0172
73.3701
31.1362
23.923
29.3969
17.6392
26.4433
44.2551
56.7793
57.1978
55.4628
35.8357
37.5804
32.2362
20.6532
41.5902
36.8369
24.2564
41.3006
23.1364
32.056
61.1804
59.9045
31.2626
32.6852
31.4884
58.8488
42.1372
41.1921
56.6674
25.8001
27.4413
30.7631
49.4098
36.9594
27.7775
61.9228
44.046
24.776
45.4524
55.1113
58.0091
54.2461
57.0953
45.7149
54.5806
21.4352
52.1634
33.2621
45.5204
18.3691
33.864
26.8174
22.3577
17.3913
25.7191
17.7994
51.6033
58.0155
51.2149
22.6517
52.2477
54.9835
36.3894
26.0675
60.2189
53.2005
54.2522
26.4527
39.5568
41.8592
40.8974
52.7214
42.6864
56.5763
45.5362
34.2856
31.0469
59.9489
20.0996
42.468
16.4549
17.5353
20.4091
33.2149
16.1259
61.4045
14.8954
29.0251
37.5808
28.607
57.7993
57.643
39.4314
54.7376
21.5213
60.5508
54.7289
35.6019
35.4882
37.6095
49.748
47.1916
56.7729
57.8057
49.2709
35.4454
41.5517
48.3272
62.0739
22.6378
56.1184
48.3411
54.6281
35.2508
36.0667
21.3694
51.7704
64.8139
33.1845
34.8917
44.6673
46.7368
29.1941
25.0755
32.2674
33.6346
21.1713
30.7352
57.738
41.3955
49.6347
60.8822
14.4363
55.7815
50.4469
59.0201
22.5108
19.1291
32.7751
52.343
38.943
44.7889
54.3541
25.3152
46.9388
31.8119
50.2701
50.8383
25.6427
58.7488
39.5388
43.8225
65.5063
50.177
34.7152
51.5174
26.4986
23.7052
63.5058
53.6801
27.5398
42.0166
52.534
30.0029
49.346
24.0326
50.9294
46.8739
59.0783
20.1926
37.1194
22.6602
14.5907
61.6193
36.7627
24.779
24.0624
24.4064
47.7337
51.4228
44.6919
66.8927
56.3056
49.1949
18.925
46.4846
26.0276
39.5725
54.5701
48.4571
51.536
46.4707
14.0582
57.6942
51.3972
50.7435
58.4766
56.6979
46.7721
25.2542
54.0997
53.9564
34.965
42.1977
29.0777
60.8741
40.594
46.9883
60.8663
23.624
36.1497
59.0212
61.2579
34.1089
41.0517
22.5047
35.3198
53.2506
32.1083
57.8234
17.0408
54.8155
46.7312
52.0441
33.5226
46.0622
28.9338
19.9061
39.4379
38.5127
57.7393
34.7974
37.4936
35.6706
26.2491
42.6338
39.2808
51.9988
24.9274
44.9251
40.6215
53.9949
16.5219
62.7939
46.5974
27.3533
42.8208
25.2724
55.3211
42.1255
28.2598
48.5816
26.3327
24.7608
41.7096
29.3444
17.6492
50.3153
19.9896
59.5141
17.6469
34.1205
51.8391
34.6718
41.299
58.0442
39.893
33.4842
42.7288
71.7701
96.3383
49.286
56.5234
53.3145
56.0915
22.8938
24.1851
35.4325
60.9359
53.9903
49.7435
24.4413
27.427
60.4637
60.7833
42.9924
44.0044
17.2883
37.767
21.9837
34.8105
37.5944
53.1145
32.0484
25.0232
53.2985
63.2449
34.1349
38.4376
38.2546
56.3619
17.5234
23.4823
20.8333
43.9088
49.1588
52.8199
31.5474
55.6801
52.9806
57.9403
41.0945
----------------
update (avg): 38.7885
----------------
----- init -----
40.6068
----------------
init (avg): 40.6068
----------------
----- commit -----
2626.48
----------------
commit (avg): 2626.48
----------------
# Transaction throughput (KTPS)
LakeVillaMulti	/LakeVilla/src/YCSB-C/workloads/workloada.spec	1	0.0399525
