parsing config file ./lvconfig8.conf
parsing done
# Loading records:	0
<<<< begin once 
<<<<< redos: 0 >>>>>
<<<< commit once 
----- read -----
4.28175
4.2008
5.67841
3.75124
4.70178
3.51124
4.8833
4.27483
4.09304
4.0363
3.75646
5.47348
4.92352
5.04021
5.48065
3.37397
3.6337
3.8379
4.19754
3.50467
3.76835
3.4801
4.1636
3.44903
4.76415
5.52697
4.01593
3.88458
3.76176
4.06006
3.79812
3.45862
4.66828
4.4212
5.20056
4.86039
4.01071
4.05654
5.20017
3.66056
3.96943
4.43838
4.02216
5.0572
3.81688
3.94123
4.1238
3.96206
3.75012
4.39998
4.51269
3.50581
5.36119
4.07994
4.42914
4.04709
4.59779
3.15314
4.05782
3.85701
9.4426
4.24166
4.22926
4.01647
3.74427
3.66867
3.36426
4.08605
3.91722
3.32931
4.29033
3.33232
3.44787
4.42986
4.27751
3.63297
3.53786
4.46637
3.39539
3.76546
2.98564
4.01589
4.58017
4.57217
3.58941
3.61372
4.75747
4.76644
5.33418
4.77174
5.56608
5.04627
3.91472
4.81588
4.71339
8.32789
5.98234
7.46429
3.92794
3.9476
3.89944
6.6004
4.43313
3.72398
5.6445
5.59007
8.18821
4.17418
9.44908
5.90041
5.54868
3.75728
4.72848
3.6314
4.61023
4.76779
3.91481
3.46431
3.94253
4.51177
4.26222
4.27751
4.8556
4.08937
5.2891
4.68015
4.5218
4.07709
3.39275
4.12244
3.90936
4.32643
3.80664
5.68486
4.78554
5.17741
4.61986
4.74329
4.50622
4.59112
4.17437
5.05755
4.20547
3.8222
4.21139
3.55293
2.93894
4.43636
3.68752
4.27849
4.78395
4.03831
3.81315
4.1939
4.17375
3.2186
4.08702
3.34528
4.31957
3.26924
4.39086
4.24367
3.18079
3.9784
4.1073
4.18858
4.32574
4.56915
3.57614
3.81851
3.973
6.15362
5.31616
5.13791
5.03125
4.55789
6.67148
4.42332
5.19771
3.93801
4.8255
3.67586
5.65119
4.83541
4.22553
5.12167
4.44545
4.58385
4.8713
4.03645
4.5012
4.36011
4.39546
5.43249
3.64794
5.92295
3.80504
3.41484
4.0378
4.30048
3.60207
4.0072
4.8277
4.54495
4.31761
4.80462
3.80985
4.23358
3.97112
4.42194
5.66438
3.99005
3.68734
4.93469
3.36374
4.57447
3.15433
3.55599
3.77519
4.41806
3.57102
4.31279
5.66151
3.98824
4.70878
4.22458
3.63843
4.62541
4.54037
3.76909
4.24151
3.65959
4.25126
3.45115
3.97944
4.61988
7.99409
7.08404
3.27757
4.81514
4.41539
5.05022
4.95111
4.95093
4.47227
3.54737
4.5305
3.85374
3.91038
4.16697
3.35248
4.19159
3.31832
4.52269
3.9283
3.78012
4.29388
5.29988
4.39091
4.64084
4.27799
5.05915
5.45879
6.50258
4.60439
3.58252
4.85528
6.22831
5.3354
6.44418
6.9899
7.13774
8.03745
7.12162
7.06501
5.27757
4.70271
4.66417
3.60363
4.32574
4.09096
4.47985
3.60084
3.98345
4.77932
4.75494
4.12405
5.74364
3.696
5.40505
5.55773
3.72429
5.03233
3.29608
3.94917
4.49808
3.74104
3.72744
3.51857
3.55631
3.98695
4.39513
4.50354
3.82254
4.48817
4.6409
4.62575
5.40022
4.44904
4.35504
3.98717
5.88065
5.09641
4.52026
3.54318
4.5451
3.81284
5.22898
4.25748
4.75544
4.66799
5.10606
4.05698
5.60134
4.44429
4.12441
4.48503
4.45064
3.93869
4.09546
4.26811
3.75793
7.20547
4.52191
3.91132
4.25539
4.34677
4.00882
5.12608
3.95759
5.27342
6.16253
4.468
3.92501
5.3251
3.93778
4.05676
3.29662
4.54817
5.28148
4.77021
4.37376
4.82343
5.41616
4.97447
3.68492
5.16698
5.4443
3.78759
3.9646
3.32484
5.79261
5.25331
4.28558
4.71493
5.22708
4.67484
3.88804
3.68049
4.29639
4.18653
4.40518
3.34422
5.69401
4.79054
4.7061
4.16043
4.47762
4.36773
4.03839
4.35234
4.45495
4.05693
4.61684
4.54361
4.54358
4.26668
3.68232
3.30441
4.20547
3.80311
4.15258
4.10314
4.86299
4.95084
3.87369
4.18235
4.18592
4.51582
4.62672
4.31155
3.43232
4.4934
4.03016
3.71673
4.34536
3.45692
4.44541
4.39487
4.07961
4.7366
3.76213
3.78293
4.70536
4.48699
5.21104
4.16968
4.45626
3.91002
3.57912
4.02525
5.39147
5.74534
4.92404
4.71648
5.78904
4.84794
4.81449
4.99212
4.15163
3.50693
4.13233
4.26079
3.80157
4.55869
4.4409
4.06506
4.52777
3.9257
4.77629
4.24622
4.54864
5.07505
3.49371
4.25431
5.14121
4.56836
3.93649
4.14427
4.2665
4.58431
5.90106
3.97098
4.23911
4.02969
6.41804
5.0309
3.54138
4.02953
5.94639
6.57561
4.63461
5.98121
5.5284
6.78273
6.517
4.76715
4.15595
3.42761
6.61301
4.36287
7.61529
5.73028
7.64306
6.62937
4.36239
4.28021
3.78481
4.08113
4.83446
4.08481
3.8241
3.46783
4.72752
4.73209
4.58328
4.48297
4.82428
4.88501
4.10693
4.08125
7.63527
4.34223
4.52507
3.93792
4.76502
8.61864
4.97408
5.12557
5.50939
8.05331
4.5936
5.0889
4.88967
4.5825
3.96509
5.04034
7.18981
5.81948
8.40867
5.23134
6.31776
6.5618
8.1005
5.92487
4.02476
7.56079
8.9302
6.08701
5.78869
----------------
read (avg): 4.58068
----------------
----- update -----
38.1659
28.2798
59.3949
41.3291
48.1029
27.2924
18.8041
61.508
18.3012
29.9361
40.9925
38.4479
31.733
53.9688
54.0564
42.3347
28.7905
31.1655
18.5331
36.7838
21.3205
30.9675
58.4048
39.6925
29.5852
49.7687
47.1351
48.8891
22.255
54.995
22.9144
14.855
16.1017
41.8952
26.1434
26.2997
61.6444
56.5797
21.7164
39.9569
21.8141
50.3501
44.3463
47.1564
36.1052
14.9979
135.431
52.3887
18.3782
32.691
60.1698
38.6516
17.5262
49.1053
49.5986
45.3149
48.406
35.832
14.3692
36.7626
59.1119
46.9511
18.1782
34.0084
43.8455
15.3769
39.3229
22.0525
42.6546
44.3652
16.7032
39.8254
45.8815
44.3917
33.843
15.6087
19.561
38.4661
36.3576
40.2451
34.3941
43.2488
44.2586
23.5692
37.4758
43.3428
52.507
62.5547
22.4196
18.5833
41.3304
54.3183
47.955
40.0377
62.1926
45.4511
47.2403
18.5004
29.7086
41.843
60.8081
40.8355
42.1888
44.9239
33.7669
62.1127
21.6467
29.4213
18.2924
14.2779
60.8947
39.199
30.5703
20.8979
54.237
54.8037
21.9116
13.5521
16.1305
47.6174
34.6096
73.5422
39.4927
44.8296
18.6053
43.4113
60.3679
21.7471
38.5926
35.8128
31.4714
57.5926
38.0118
24.4287
19.2678
49.684
55.4667
63.9436
49.1717
42.1501
55.2477
56.1896
53.0693
43.8424
27.8801
43.9832
42.7689
60.1558
49.6514
35.7182
26.3389
50.9034
17.2095
18.6897
61.1165
23.966
30.265
30.2732
55.9506
47.0142
60.9949
61.476
17.2652
51.7187
47.8979
45.8904
36.5699
39.5446
36.0302
17.3329
34.67
49.2044
27.3617
60.9256
44.9182
49.3098
51.7396
48.0571
17.0887
42.6386
36.096
16.3867
14.98
18.9743
51.3658
40.7359
29.0411
15.8061
33.8092
49.1911
52.7664
51.4217
26.6582
36.7611
21.323
47.0971
53.561
17.6497
44.521
21.8541
62.0195
25.6058
17.0801
43.0275
58.7302
37.7948
43.9833
37.1556
56.1858
48.6395
46.5685
57.8703
52.2892
43.229
56.8674
17.404
51.1126
61.1499
17.7043
18.3954
22.1907
20.8337
10.8806
52.32
33.4259
45.8769
62.7804
40.4462
14.3433
19.5061
23.7371
49.0677
35.8905
47.2474
36.5471
42.3233
55.7353
33.1268
62.9557
50.2465
52.1742
48.7237
61.0124
46.7606
41.8488
48.1773
47.121
47.2496
63.7949
52.8767
22.8308
44.209
57.2429
50.1597
32.5157
25.5071
19.688
39.9174
26.1403
21.7556
47.3976
50.2223
25.9781
18.1261
24.3693
30.8627
18.3517
63.5223
20.7022
48.3642
38.6243
39.8609
19.8527
17.1112
57.0561
35.4752
42.5824
59.4049
60.5079
21.7864
43.3176
48.6116
17.5136
52.1418
41.5418
44.1495
30.2662
15.3103
50.8748
56.8944
31.0895
64.5429
15.342
58.629
46.6541
43.5219
24.2539
57.6179
24.6908
37.4169
39.3862
37.3375
59.6509
34.1227
25.0156
40.0632
41.992
31.5606
51.3663
51.2989
44.6393
51.8885
14.6358
29.1337
57.0548
41.0332
28.2038
50.7225
55.0392
53.8028
13.7927
30.0295
32.9862
14.6498
41.3951
25.9415
44.7438
43.2645
25.3216
42.7946
52.3277
41.9695
41.4466
21.6886
38.121
60.1252
67.3641
22.2732
54.0263
25.7249
37.1775
59.4526
31.3209
43.1679
53.4454
18.221
15.9516
59.0469
20.2605
60.7394
33.9718
28.7858
38.7738
22.2662
24.89
42.1518
29.6548
29.4188
18.2764
48.2658
31.1427
24.9942
16.6325
44.9457
24.3928
34.3577
48.8567
25.2768
61.6483
44.4615
18.6143
49.9693
25.956
63.3448
36.623
19.5676
17.4014
26.0814
28.372
25.0525
59.7012
49.8126
27.3259
31.5683
26.3449
40.8973
33.7708
28.296
52.1822
63.2381
47.525
60.8908
24.1511
65.6082
37.6139
17.7656
32.3553
67.4079
58.102
44.8708
62.9471
50.2487
61.819
41.3405
26.7024
21.5556
21.6396
40.8329
63.381
42.5631
25.3289
59.8042
50.8081
63.5395
59.7634
67.8915
36.5371
53.6163
20.5028
52.368
43.1268
45.3351
21.9349
21.0345
22.7716
40.1974
15.9583
30.7161
39.2522
59.4168
50.934
57.1093
32.197
28.0408
28.0407
56.8615
56.957
49.1745
50.8405
21.7755
56.3136
18.3688
52.5388
47.7285
34.9603
48.0623
41.0903
49.549
55.2347
55.6726
34.3034
26.9631
62.1537
39.403
16.691
26.5376
34.2176
47.36
50.4539
21.5952
32.8874
60.4929
44.9044
40.8812
33.7251
45.6341
42.8097
41.9977
56.0308
40.9334
56.5788
41.3396
57.7809
93.1565
43.6234
25.2072
26.7356
67.7223
38.7444
48.4103
----------------
update (avg): 39.6828
----------------
----- init -----
26.6798
----------------
init (avg): 26.6798
----------------
----- commit -----
2586.93
----------------
commit (avg): 2586.93
----------------
# Transaction throughput (KTPS)
LakeVillaMulti	/LakeVilla/src/YCSB-C/workloads/workloada.spec	1	0.0372293
