parsing config file ./lvconfig19.conf
parsing done
# Loading records:	0
<<<< begin once 
<<<<< redos: 0 >>>>>
<<<< commit once 
----- read -----
4.1137
5.55421
4.42037
3.96285
4.08691
4.80742
4.45723
4.88626
5.40889
3.9309
4.10977
3.53275
12.505
6.05437
5.03034
4.41908
3.57287
3.52813
4.81651
4.19255
4.34104
3.7965
4.42634
3.91877
4.29617
3.63205
4.11407
3.96237
4.51377
4.64149
5.91716
4.99224
3.92898
4.93244
4.82842
4.253
3.99661
4.20705
5.1516
4.79223
5.57771
4.6395
4.14109
3.87106
3.58395
3.24173
3.80633
3.93568
4.84813
4.6526
4.3356
3.39338
4.24319
3.19712
4.55898
3.57811
4.19109
3.66179
4.09575
4.04878
4.22956
4.8945
4.49573
3.88614
3.29655
3.17438
3.65531
4.11818
3.64075
3.53071
4.32992
5.69128
3.66231
5.6895
6.15432
7.58823
4.09776
3.66982
4.66477
4.00516
4.60815
3.6761
4.50024
3.34914
4.80368
4.83475
4.20758
4.28187
4.71221
4.69967
5.19558
10.4114
4.38673
6.15888
4.71804
4.57418
3.58419
5.46194
4.0634
4.04918
4.53186
9.24731
5.02764
4.80583
3.86538
5.52379
3.47592
3.85596
4.33481
5.39616
4.41735
4.5729
4.36097
4.60752
4.46324
4.85485
4.05086
7.10514
3.43769
4.46971
4.67238
3.75537
4.73548
3.19532
3.59617
4.50776
5.00052
3.78442
5.76046
5.04203
4.01389
5.17165
4.23806
4.31575
4.40471
3.13359
3.8346
4.17223
5.2002
6.09991
3.44802
4.81605
4.92241
4.03815
4.56501
4.2484
3.74677
5.22029
5.21467
2.90486
3.27676
4.0335
4.4531
4.98241
4.18817
4.57856
4.47126
5.69398
5.00082
3.72637
3.91318
3.64921
3.45839
3.41961
3.81594
4.64709
3.81982
3.71755
4.70697
6.59544
4.56499
4.73067
3.84581
4.08823
4.02456
3.87668
4.19086
4.75081
4.27796
6.84095
3.42152
5.04478
4.67807
3.95861
3.89263
4.51454
6.3547
4.07336
3.87343
3.15383
5.83917
4.99833
4.19187
4.33275
4.32939
4.46409
4.13935
3.37053
4.03596
4.06123
4.05989
4.17525
4.4305
4.40197
4.54936
3.83685
3.78738
3.97503
4.76937
3.87998
4.52071
4.50859
4.59767
3.85973
13.7281
3.68482
3.43484
4.9729
4.80233
3.47396
5.32588
4.89049
4.72419
3.9358
3.4218
3.25353
3.84762
4.94852
4.57124
3.77132
4.72151
4.35719
4.57853
5.03341
4.01
4.6845
4.46987
4.87738
4.60817
3.88922
5.50522
5.08326
4.34273
3.85289
4.07384
4.92608
4.31105
4.29687
4.8609
4.6312
4.05792
3.1688
4.17955
4.53053
4.85415
4.15017
4.97366
4.08288
4.61062
4.27902
4.33287
4.05983
10.334
4.47936
3.59655
5.46834
4.30273
5.54886
5.67216
5.28198
6.41654
4.70252
4.89401
6.49279
9.81987
4.60034
5.99572
5.43375
6.28502
4.25077
5.19461
4.33742
4.01457
3.88165
4.52046
3.98639
4.48247
4.2704
3.88743
6.94903
3.7918
4.53605
4.22072
3.57766
5.01739
4.05614
4.80307
5.78935
4.04474
4.68031
3.54909
3.59739
4.39539
4.21174
3.68506
3.77864
3.53114
3.5237
4.28854
4.68117
3.82067
4.04839
5.12352
4.78509
4.06668
4.24411
3.56617
4.34522
5.30949
4.32273
4.11026
4.59732
4.40037
4.66875
4.51715
5.16019
3.86098
5.04055
4.08361
4.63058
4.37057
5.09723
5.24926
4.90455
4.67236
4.47081
5.53937
4.31324
4.23439
3.11738
4.0789
4.69421
3.74413
5.36569
5.0604
3.80755
4.51323
4.82154
5.25158
3.56735
4.65812
5.47001
3.98795
4.63194
7.65935
4.30309
4.54863
5.42882
4.54588
4.14704
4.31933
4.68382
4.37599
4.67524
5.31283
4.59691
3.63707
3.96902
4.9253
5.10308
3.40908
5.36479
4.9765
3.96989
4.56956
4.78006
4.0222
3.31249
4.54899
4.09903
6.41869
4.71517
3.7142
3.86295
4.12592
3.38665
5.89003
4.48939
3.14777
4.43811
3.65939
4.87954
4.46548
5.56304
4.73488
3.60669
4.04495
5.50432
5.93124
4.42624
3.92983
4.09352
4.87654
9.72194
5.08305
4.4786
3.89102
4.59367
4.27539
3.60055
4.42095
4.31351
4.37082
3.9535
3.76607
4.87782
4.35315
4.99003
9.28875
4.0045
4.73324
4.02922
4.75963
3.54647
5.01282
4.81039
4.79334
4.18379
6.09931
6.07515
4.29518
4.29146
4.39301
4.25873
4.0684
4.70483
4.75364
5.49093
4.00956
6.22548
5.0814
4.06439
4.50244
3.99622
4.3264
3.92302
4.10115
4.73907
4.76432
4.67215
5.68032
4.11094
5.21027
5.54218
3.80827
4.46266
4.33864
3.61143
3.52037
10.7732
10.2813
6.82503
10.5378
5.51399
5.65106
5.57258
6.67697
5.88903
8.3653
6.15386
5.97934
6.37455
7.80426
4.39436
6.34726
5.22109
3.47564
4.62447
4.56899
4.47094
4.69407
4.24365
4.0176
4.84122
4.64437
5.04214
3.64516
4.80305
4.43274
5.61365
3.59588
3.44331
4.93128
3.5956
4.63221
5.39363
6.51129
5.45416
4.93178
4.79909
4.27146
4.14959
5.87371
4.20392
4.5013
5.1043
6.56385
5.07518
5.19415
4.67166
5.34567
6.22235
5.09786
4.27319
4.60734
5.51769
5.31069
4.16247
5.9199
5.29373
----------------
read (avg): 4.66274
----------------
----- update -----
57.2184
49.2954
60.8724
17.1697
56.5213
25.0568
39.9886
17.2827
29.001
50.9679
21.804
24.9014
44.9785
60.6097
39.5983
50.8764
31.2511
31.896
60.2065
31.4514
40.2239
35.8793
50.6107
26.06
49.9353
23.1633
48.6265
58.0701
61.2347
13.3083
12.9496
56.2967
41.4333
48.8229
44.0735
45.4939
53.5853
21.5914
43.6949
30.0821
43.0925
57.0141
129.015
13.5351
42.193
23.9893
16.6455
45.9113
59.3845
19.4695
49.6015
23.7028
54.8556
62.0364
40.7317
17.8111
37.2624
32.8293
32.7603
27.1479
58.9425
51.0172
11.902
36.5777
19.9868
57.0986
44.4974
26.7914
20.07
18.9497
21.9264
58.749
18.7292
52.6023
57.9932
30.7373
43.4886
37.4032
58.9851
49.4253
29.6981
48.7498
47.3547
50.2993
36.2
23.1887
27.2822
18.5974
64.0806
56.9521
29.1869
38.6443
24.5521
30.915
43.6456
62.5303
46.8407
40.0179
47.647
23.8162
58.9731
43.5314
61.9376
52.8318
43.0484
20.3975
37.6988
20.2437
48.6157
18.2352
46.8257
20.8065
58.1032
48.158
50.1871
57.489
33.7706
22.1495
28.3865
29.2266
33.9412
34.2151
25.4354
26.2175
13.1297
22.9808
49.4466
41.1674
37.3579
60.5352
34.1468
19.5899
27.6648
35.7143
46.1149
32.8667
38.2646
43.7515
12.4072
41.138
27.3387
20.2188
25.8876
38.9532
24.7496
20.0382
23.2565
33.4087
39.7893
51.2551
23.054
40.724
59.096
25.7198
39.1715
14.0291
14.7825
18.2462
60.7499
56.7289
31.4676
24.9433
51.5872
28.0585
45.9682
55.0752
31.5286
28.6258
44.8389
19.1298
40.2981
19.0839
16.2482
14.0481
16.0721
36.1699
33.6521
24.8315
25.7994
44.2175
14.7518
40.6411
42.2135
28.7885
19.7227
60.0637
17.6235
56.5713
53.3338
15.6919
26.4019
36.299
41.6358
40.1181
54.4441
60.4171
47.2323
50.1058
16.9255
30.6866
44.9143
30.8614
58.8465
30.1908
18.14
38.9493
56.0659
24.0198
45.2745
50.2384
56.9131
32.9325
49.6793
27.0322
38.0086
54.7482
25.5332
42.6559
17.2829
41.5724
22.5981
20.7594
20.6536
42.2214
47.2505
37.7597
43.4895
40.3467
47.9233
57.8966
53.1162
39.0261
30.2775
29.7637
44.2841
51.5872
44.174
47.8692
57.5421
27.349
45.4776
41.4024
21.1501
28.9284
65.5093
42.8261
19.5601
63.5227
61.9791
35.859
53.7676
37.2671
58.2113
59.3298
55.9192
20.4627
41.7035
41.3221
28.1507
15.7996
43.1775
22.7127
17.1004
26.7158
53.4798
32.3652
49.0299
48.3234
52.469
30.7535
52.1625
43.4064
48.9473
51.3047
17.1124
26.2511
40.7133
52.6916
28.4035
48.8846
32.7064
27.425
26.4544
55.7635
55.1747
25.4029
26.4686
60.4881
62.3648
28.6322
53.6868
18.6515
37.6775
46.8138
22.2312
31.247
33.0651
18.5073
37.6889
24.6182
37.3234
19.3662
34.549
53.0872
20.1061
45.9169
27.7256
45.0892
39.1536
50.1305
60.4923
37.2525
38.3803
53.416
23.1952
53.174
42.2373
54.7158
50.5945
48.8262
42.6727
48.549
33.8764
21.8903
27.2233
56.7143
26.3867
48.8515
13.4275
17.5131
54.6724
43.551
20.4628
29.6655
45.037
43.8582
17.0097
57.7192
25.7629
12.5703
47.2644
48.6788
36.903
13.8341
34.265
23.4728
49.6467
24.0464
46.9186
58.2538
26.0382
32.9177
18.7882
33.4542
57.939
22.3461
51.7287
14.7255
53.9655
52.2011
40.4712
57.0993
47.9816
57.1349
31.3667
46.4036
29.7266
43.7837
40.1241
28.6995
26.3242
15.7116
56.137
26.9241
25.9192
28.0389
48.9095
56.4714
53.5665
19.0268
29.4374
33.9171
23.7068
36.9022
40.5771
48.2151
52.4525
61.4896
22.7421
35.192
20.4239
31.2115
16.6466
37.8362
46.3654
42.4092
25.498
59.5879
44.2459
54.1395
41.0787
49.6532
42.5394
30.1271
36.3663
50.2522
84.9113
46.5693
39.7798
39.2606
20.096
43.4082
17.354
31.9481
38.6058
24.7602
46.179
51.2096
56.1629
42.0619
41.3085
58.212
32.1108
59.3163
54.6634
28.4845
27.6127
39.0353
54.4647
20.8098
36.8632
25.7977
38.204
15.0974
38.133
19.4352
48.0517
28.9529
29.4012
27.5388
55.4893
37.0632
46.379
18.3803
15.7012
49.3723
51.8421
52.8438
17.4597
35.1671
54.9422
52.7103
16.8478
19.0551
43.7438
54.8485
27.7701
41.0489
52.8232
20.7457
22.4267
47.7049
43.41
47.2976
52.7053
45.469
42.1449
24.1951
34.4482
28.917
25.9227
45.6407
63.4552
44.6514
41.2581
30.2709
42.6553
34.0116
51.8971
32.2028
----------------
update (avg): 38.3175
----------------
----- init -----
25.2765
----------------
init (avg): 25.2765
----------------
----- commit -----
2470.14
----------------
commit (avg): 2470.14
----------------
# Transaction throughput (KTPS)
LakeVillaMulti	/LakeVilla/src/YCSB-C/workloads/workloada.spec	1	0.0382815
