parsing config file ./lvconfig27.conf
parsing done
# Loading records:	0
<<<< begin once 
<<<<< redos: 0 >>>>>
<<<< commit once 
----- read -----
4.56663
4.24481
6.28489
3.37987
3.92718
3.49825
4.70009
4.54485
4.43309
4.18956
5.05152
3.61332
5.39515
3.78684
3.87148
3.32504
4.63987
3.95092
3.2166
3.92277
4.60425
3.88159
3.72371
4.06659
3.76826
4.19063
4.00642
3.52722
3.68429
4.38076
4.1926
3.57296
4.42151
3.80385
3.76905
4.54409
4.57359
4.28494
3.73269
3.78839
4.51871
6.92912
3.73018
4.49136
3.92767
3.94965
4.0834
3.95358
4.87458
3.74328
3.47591
4.1921
6.07491
4.25535
4.42248
4.71606
4.01677
3.96598
3.976
3.9263
4.29495
5.07407
3.64133
4.22965
3.1885
3.58437
3.83654
4.32777
6.3391
4.36051
11.137
5.84994
5.17603
3.55239
3.91804
4.3604
3.97683
3.42681
4.10074
3.97201
4.64058
3.95118
4.09621
3.44739
3.39088
4.22468
3.98698
3.89686
5.6386
4.83734
5.84338
4.14222
6.61639
6.21228
8.11518
5.85814
4.32681
5.93701
3.96163
7.3628
3.00409
4.61602
4.85581
4.07238
4.739
3.82655
4.65974
3.96305
4.07671
3.85504
4.78076
3.60634
3.75
3.58688
3.76406
3.36755
4.24291
4.30686
4.72761
3.51144
3.56091
5.00848
4.27132
5.25441
4.33039
4.94323
3.76965
7.31907
4.18247
5.18417
5.51426
4.13815
4.92928
5.08762
6.91702
5.58142
4.13976
4.95732
3.95982
3.70533
4.40927
6.60172
4.12153
4.28061
3.57839
4.42896
4.0641
4.30754
3.88605
4.24993
3.69169
3.58757
5.72525
4.48617
2.86081
3.81843
4.4969
4.63831
4.11899
4.55552
5.76815
5.35654
3.78626
4.48507
3.89927
3.19183
4.24141
3.93831
3.73689
3.72765
3.62945
4.77403
4.5397
5.42959
4.00041
4.16724
4.47733
3.85561
3.59663
4.19823
4.05749
3.44912
4.15782
3.59491
3.51859
4.37667
3.98908
4.49181
3.59798
4.1784
4.04737
4.79631
4.9509
4.98792
4.35313
5.05868
5.45427
4.38006
3.93555
4.13106
2.82632
4.7827
4.91619
3.8625
4.98104
4.06589
4.9467
3.86584
4.53799
4.33105
5.04349
4.64207
4.65306
3.61153
5.20966
4.45252
4.11604
3.83258
5.30553
3.7993
4.81603
4.54643
4.64924
4.33841
3.14371
3.76084
4.98282
3.72425
4.58743
3.70469
4.32111
4.65821
4.36403
3.47455
4.77471
4.98464
4.02921
4.57606
4.39485
4.28578
4.61281
3.45709
4.87979
4.01779
3.9573
5.00783
3.76965
4.69547
4.82622
5.10212
3.65313
4.2481
4.55792
4.48096
4.2531
3.66178
3.62705
4.03778
3.77418
4.48991
4.30197
5.78909
4.50574
4.77522
4.16373
4.2276
4.18907
5.79191
6.7944
6.47315
4.55603
5.89075
5.07789
4.28939
4.68324
5.3458
7.09375
5.86211
8.46947
6.64806
7.52557
4.47948
4.37908
4.69932
4.27884
4.87033
4.05581
4.02704
3.85694
4.94068
4.57958
4.32641
5.36053
5.03011
6.48178
4.1528
4.2613
3.92641
4.80265
7.4799
4.11001
2.92398
3.37386
4.84736
4.59895
3.74909
4.80142
5.78355
4.57049
4.4768
4.2103
5.3897
4.46718
4.42585
4.1359
4.6526
4.45305
5.61592
3.87902
4.54785
6.20995
5.44593
7.12781
6.70095
4.90278
3.97714
5.18226
4.19513
5.47719
4.17104
5.21429
4.87365
3.8518
5.46606
4.32463
4.07155
3.95606
4.3712
4.46099
3.98627
4.00765
4.3744
4.17202
6.72096
4.65718
4.57312
3.72262
10.172
4.62408
4.4564
4.5576
5.24148
4.94471
4.74489
5.72599
4.67423
3.53839
4.30443
4.39189
4.07901
4.27768
4.92505
3.89072
3.87931
3.54385
4.09301
4.22669
4.92688
4.03048
6.0397
3.72843
5.09801
4.84837
5.54929
3.46774
4.20925
4.01957
4.22868
4.29885
4.98529
4.17893
3.47066
5.66139
4.96779
4.43527
3.61545
5.04844
5.80479
4.31339
4.83311
3.42868
4.3735
3.5858
4.48463
5.29329
4.25978
8.89729
10.1254
3.88753
4.72534
4.45207
3.92258
3.74842
3.92121
3.83201
4.56649
4.23052
4.52823
3.99994
4.96645
3.24423
4.34186
4.32086
3.82783
5.07292
3.88861
3.64596
3.99842
4.19407
3.26811
5.47042
7.01263
4.84266
4.64589
4.23279
4.37247
6.28099
4.02907
4.70809
4.79835
4.54054
4.88468
5.36642
5.54945
4.44564
4.1049
4.62103
4.02998
4.64039
5.22902
5.3748
6.52053
4.50364
5.77968
4.64532
3.55236
4.51145
5.06207
3.52595
4.52268
4.4996
5.9779
3.59233
3.83624
4.67804
4.86263
5.00767
5.8708
10.1136
4.94755
5.81773
5.8852
6.6655
6.38748
5.72689
5.51629
4.47334
5.59327
4.37693
4.91098
5.71946
5.04127
5.30799
4.02695
4.04604
4.47891
3.98498
4.80743
4.60879
5.15947
4.47464
4.11346
5.09421
4.12967
3.91993
5.34769
5.60776
4.0563
4.39691
4.09456
5.79262
3.97302
4.94975
6.14917
5.57074
5.33009
4.02667
4.37177
4.28907
4.29106
5.27929
6.55942
5.75858
5.43105
4.80714
8.81607
7.77683
6.52023
4.14457
5.79191
4.90212
6.89342
5.61084
8.24578
5.88849
15.8224
5.60576
6.63817
6.29476
10.3616
----------------
read (avg): 4.67691
----------------
----- update -----
20.7506
54.066
44.8229
29.0032
22.2341
16.8456
47.5311
33.1305
28.1841
35.6727
57.0806
47.9414
52.0827
27.6164
41.0086
39.2206
13.6521
40.5418
27.5676
52.5235
14.0334
56.179
42.5175
18.2304
36.5926
46.3752
52.0283
32.9634
56.8674
18.7099
30.9359
47.238
26.6223
55.4047
58.7552
26.5172
24.5457
55.6476
44.9468
31.0595
46.2968
58.5552
60.2886
36.3244
14.5837
36.2905
118.352
32.3251
62.522
59.4975
41.7021
25.2213
15.42
12.3201
48.9289
53.4933
14.9506
25.7612
50.0885
15.4644
14.2603
25.0743
42.9461
23.0566
56.5686
27.1897
46.4886
29.1206
13.1105
34.582
31.9319
45.4185
30.3846
14.6188
60.9224
14.3755
16.9222
13.8245
24.0955
34.5754
22.2219
58.9726
39.7947
53.2821
23.3319
45.4205
37.1885
43.6568
58.4831
48.7014
37.968
49.8377
52.0999
42.1455
39.621
57.9846
35.0196
47.277
20.7548
52.4601
45.0546
44.9935
60.2383
34.5254
57.4728
54.7533
41.7712
55.0535
23.7525
48.4224
22.4534
22.4477
45.1086
32.8848
15.2733
50.2385
43.5195
55.1941
43.2364
56.5144
56.1288
32.2854
61.992
50.8843
37.8885
56.0457
50.1402
16.8073
64.439
55.6047
51.7591
64.1798
43.7804
29.1915
64.1382
20.0847
33.7597
30.4957
37.0509
22.8107
56.4767
22.1761
14.3433
55.6837
32.3868
50.4691
37.5613
18.3378
46.8109
36.4689
18.3947
22.5657
40.1691
41.9954
46.4247
35.4052
20.2596
45.0551
44.0054
38.503
33.0708
30.0767
21.9127
61.6952
42.7655
55.1918
60.1575
32.0085
39.2179
32.174
22.3216
30.8456
14.4988
16.6013
45.2748
16.0468
18.4172
52.5103
59.1348
24.8028
24.9047
45.4011
49.895
38.6166
17.9271
39.9398
25.305
31.2863
57.7472
47.1364
60.2933
54.8139
42.6742
54.2231
44.2538
47.7371
13.1891
16.6689
17.9697
35.2185
53.0425
57.4572
17.2406
55.5192
41.9854
20.3542
50.5806
29.4732
57.6106
52.4421
18.5596
52.4009
49.4333
27.423
27.5332
47.607
15.0539
26.668
58.1489
17.8875
29.8089
18.1491
33.2459
37.091
43.2058
37.2935
42.6119
24.2437
25.5923
37.7843
31.9997
29.5276
19.3525
29.7172
52.518
26.7405
25.5891
26.7247
58.004
64.8191
59.3042
31.4788
33.6694
47.2649
62.5833
35.692
29.4099
28.3153
62.1123
60.8638
68.557
55.4801
59.3582
48.5236
25.8687
22.271
44.5954
16.1956
36.2838
56.0644
34.6268
50.3303
48.3934
48.4185
32.695
17.2069
53.5967
60.6263
23.5442
46.3594
36.3883
60.8428
51.7937
42.1603
59.9486
22.4232
62.7861
14.4735
48.327
53.4937
43.3276
26.3301
30.5277
47.2664
15.987
46.765
16.2621
59.688
57.9753
48.2379
44.0583
37.5369
14.2232
39.6677
42.8613
25.1584
43.4674
37.987
35.4498
44.9161
32.3706
42.1761
34.2176
51.1815
43.5943
23.3055
52.9365
48.4818
29.9704
25.7484
33.9376
28.2647
17.7009
31.981
21.3945
32.2852
29.1205
42.1005
39.5638
45.1795
60.8084
24.0968
31.224
37.5058
43.0665
42.2583
52.0158
26.9414
63.1773
58.4744
54.9665
28.2054
28.0759
36.854
22.5933
20.5505
20.6724
53.1417
30.3064
47.8149
20.92
52.2577
57.6377
42.6094
38.342
44.0407
47.509
46.5219
47.9218
20.3185
44.6515
33.1426
18.2975
43.7657
32.8003
25.0388
21.8047
16.8192
47.1008
50.7165
29.6686
26.4797
27.7359
50.3035
63.7365
43.6278
31.8515
22.8058
41.5581
51.0611
24.8809
59.0725
52.2014
46.7528
13.7909
34.4723
28.5233
45.8104
14.074
56.1712
59.0729
26.3835
31.6556
19.5221
20.0221
46.8672
56.5147
58.8102
40.4634
30.3624
58.1244
35.7911
57.6988
58.9575
49.7409
56.7952
48.1733
62.2547
64.5635
69.748
60.0628
31.9268
23.4434
66.3057
36.1968
49.4777
36.107
44.165
50.1404
48.9522
36.0768
63.1629
52.2427
47.1522
58.5079
59.708
58.0078
40.4585
19.2807
16.3456
56.8323
40.3446
45.8355
60.0792
31.2728
58.9907
60.9022
31.3803
18.6809
26.0558
26.323
19.2591
61.4113
55.4206
45.8624
35.7204
21.0276
15.5057
21.2813
24.4201
21.2537
45.6669
55.7185
39.6947
35.1496
57.4631
24.9858
36.585
43.3335
58.6158
24.8066
53.5541
56.8341
41.8172
63.3821
43.8297
47.9869
63.6402
22.4343
66.6478
36.1393
26.2872
71.3678
35.1555
42.1649
56.5078
48.7743
46.3179
29.9771
40.6819
32.5802
88.6048
51.6553
51.8409
68.977
43.5486
65.7247
45.531
51.2204
56.7724
----------------
update (avg): 40.0335
----------------
----- init -----
24.2924
----------------
init (avg): 24.2924
----------------
----- commit -----
2780.4
----------------
commit (avg): 2780.4
----------------
# Transaction throughput (KTPS)
LakeVillaMulti	/LakeVilla/src/YCSB-C/workloads/workloada.spec	1	0.0367143
