parsing config file ./lvconfig6.conf
parsing done
# Loading records:	0
<<<< begin once 
<<<<< redos: 0 >>>>>
<<<< commit once 
----- read -----
3.99455
2.51159
3.33854
2.62418
3.8646
3.52202
3.82031
3.90126
2.6725
3.29961
3.18789
5.10781
3.97842
4.43987
3.35631
3.6197
3.79423
2.91288
3.86322
4.32985
4.67913
4.78483
6.69949
3.9331
3.71406
4.51888
4.83423
3.87643
3.43341
3.83961
3.39882
4.07129
3.90356
14.818
4.32325
5.28904
4.2435
4.1081
4.68163
3.64033
4.79378
4.88315
4.61692
3.67261
4.75487
36.1987
4.79929
3.6845
3.26297
4.1583
4.95686
4.93688
3.17145
3.8773
3.73278
4.09869
3.82892
4.07726
3.82941
6.0108
4.00014
3.85041
3.41516
3.64102
4.49872
3.8656
4.12392
3.61009
3.07681
3.09907
4.5901
3.81433
3.87231
5.02142
3.66688
4.92857
4.09107
3.84429
4.78771
3.71755
3.94468
4.64451
4.4668
4.77313
4.16206
3.34771
4.18005
3.82306
3.52573
3.78816
4.45384
3.68833
4.14156
3.7633
4.39799
6.73191
6.50692
5.63641
3.6711
5.07282
8.40903
4.94372
5.74403
6.1582
4.41358
3.674
4.29659
6.06069
5.64784
7.67147
4.71814
4.8747
4.73604
3.15489
3.67181
3.30473
4.14372
4.36401
3.2559
4.64067
4.24807
4.01122
3.25535
4.21765
3.35949
3.43813
3.89004
4.15049
4.33047
5.54436
5.95476
3.96856
2.88946
4.25681
4.74122
3.97991
3.56358
4.27368
3.91282
3.4828
3.87568
4.20719
5.15475
4.44898
4.07675
4.13537
4.13448
3.60475
4.8091
4.86775
3.53958
4.25033
5.02718
3.73195
3.97455
4.8803
4.91044
4.0152
5.01733
4.22805
5.92025
3.10689
4.3614
3.31963
6.1247
4.47761
4.69875
5.09015
3.95303
4.72431
5.83856
4.89982
3.22611
4.00542
4.00619
3.80481
3.58892
4.70248
3.58629
4.10808
4.78085
3.84481
3.74728
4.4173
4.1998
3.85258
4.8906
4.50967
4.91446
4.51582
4.28324
3.77787
4.15521
3.42283
3.59618
4.06496
4.468
3.61492
7.24568
4.50766
5.86783
3.99065
5.32298
4.48755
4.96381
4.25984
4.3938
4.23496
4.62228
4.73532
4.32982
3.70853
4.56677
4.68226
4.17482
7.0473
4.21331
3.98727
4.33094
3.50961
3.95331
4.6392
4.60347
4.85103
3.68008
4.32591
4.0065
4.09998
5.99387
4.18222
4.19411
3.37239
3.64281
4.67925
4.72842
4.3916
4.00861
4.4817
3.47205
5.38594
4.21247
4.72736
4.32179
4.47506
4.73083
4.07139
3.74695
3.78087
5.32853
4.37646
4.29887
4.37796
4.86235
4.43826
5.26243
3.69748
3.53964
3.79644
3.81713
4.11795
3.24976
4.13026
3.76527
3.69713
4.25587
4.41381
4.39647
4.70424
7.55503
4.89702
4.35757
5.11739
4.36201
6.0069
7.02595
3.45364
4.32019
6.95057
5.58173
9.18366
6.6621
8.05038
5.90132
5.63953
4.81825
7.76584
6.48994
7.54083
6.58976
4.94264
5.46856
4.78502
5.19921
5.96615
6.05035
4.39084
4.99478
4.0374
5.10034
16.4455
4.26421
4.26982
4.47451
6.35298
5.4782
3.79575
4.03643
4.08926
5.37401
3.99317
3.66884
5.47334
3.75448
4.75489
3.71135
4.34753
3.45273
4.68154
4.4718
5.1501
4.40365
4.75195
4.22467
3.91668
4.14423
4.01982
4.21035
5.29024
4.36483
4.67887
5.17822
4.16388
4.3791
5.35033
7.04734
4.75582
4.0441
4.4254
4.61452
5.82651
3.58383
4.17355
3.50298
3.28885
5.05013
4.98469
3.95373
4.29071
4.17807
6.69959
4.55749
5.28896
4.74899
4.76
3.8908
4.74706
4.41693
3.39056
4.80506
2.99235
2.97927
3.64603
4.66221
5.65522
4.2982
4.65729
4.82116
3.23597
4.10825
7.63936
3.6456
3.94598
3.76362
5.32471
3.48403
5.41718
3.94372
3.45415
4.39724
4.38173
5.79299
6.42218
5.52402
6.19732
4.91698
4.75386
3.83617
4.55343
4.0111
4.34995
5.17609
4.6078
3.66335
3.70418
4.0438
5.55539
4.52494
3.19478
3.52882
4.84843
4.70838
3.38279
3.42478
4.706
5.30526
3.72817
4.31291
4.1002
3.57127
4.19152
4.73519
3.85372
3.33253
3.53876
3.73133
5.20687
6.82818
10.185
3.88367
4.82693
6.30998
4.46225
2.99893
4.1768
3.60747
3.97087
4.82946
4.9537
3.61267
5.58026
5.11498
4.46882
5.07958
9.2504
5.57637
4.233
4.65418
3.2636
3.74633
4.41144
6.32957
3.17778
4.13628
4.17809
4.85338
4.51746
5.17176
4.32249
3.31884
4.75687
4.54176
4.21568
4.2261
3.67911
3.84592
5.22447
4.28477
4.58997
4.65431
4.93272
4.70687
3.81329
4.86909
3.92091
9.66838
6.97598
6.40285
5.72233
5.75058
4.52205
4.86683
7.5876
6.97568
5.75762
4.68339
5.22333
4.71651
4.58505
5.59826
4.97239
4.21152
3.76711
5.48949
5.14509
5.79869
3.8422
3.48686
3.50123
4.11587
3.98194
4.23695
5.58514
5.39947
4.41943
3.86266
4.78899
4.61485
4.48413
3.65859
4.32707
5.50969
4.76405
5.55796
4.26932
5.66382
4.44973
9.42884
5.03736
5.11361
4.93212
6.85888
6.9423
4.52083
5.38013
4.40467
5.69135
6.34466
6.61103
7.70442
5.22525
----------------
read (avg): 4.6694
----------------
----- update -----
9.96771
33.0203
9.59765
38.4373
30.0158
24.5064
31.1977
48.3029
23.9913
18.2343
54.2607
37.9153
14.7169
62.175
38.7178
47.5255
36.0952
32.732
55.8834
25.5914
54.2297
58.4081
53.7858
35.6867
35.2565
35.643
50.3066
57.254
32.0894
60.6198
38.0515
53.6702
29.8771
22.0996
50.1352
43.2433
15.4248
16.9775
41.4205
61.962
19.9613
23.5016
28.246
54.293
17.2889
25.3598
21.7699
45.059
56.9961
56.613
41.858
38.9224
54.6755
69.9663
47.8221
16.1937
25.7335
54.3214
31.0533
21.9285
50.8591
27.3975
25.8119
53.0959
54.4958
52.5279
19.0863
23.365
27.58
15.8733
53.526
46.5981
30.1732
38.1739
45.3514
19.9153
49.8171
43.7977
14.5851
19.071
54.6066
25.3081
26.6007
58.5989
40.7594
50.3603
27.5225
31.2699
44.1814
48.9364
28.8603
18.8855
46.9887
34.5634
47.9044
34.0782
17.6942
14.3114
48.7467
25.5252
40.0692
64.237
54.0644
36.5313
56.8174
37.8145
46.9802
15.3023
22.0566
33.8847
58.3892
54.2516
54.6124
17.6714
12.7626
31.8285
51.5273
35.5004
16.4884
59.3977
34.2002
20.0614
22.2129
34.1104
37.1338
63.8179
60.1319
28.738
57.5045
55.7245
25.6002
32.4318
49.9438
57.1565
27.7859
39.3335
24.4452
38.8503
57.084
23.9231
22.975
39.9701
36.9673
18.9764
38.4701
29.3053
59.9389
42.5408
49.2465
27.3812
37.2848
55.0721
34.1251
15.3261
13.4732
38.8204
59.4791
27.0437
45.7443
23.6106
52.68
29.1224
19.4314
48.6644
18.1974
50.3697
54.9887
31.747
32.431
46.6227
57.4623
38.0752
53.5052
59.8361
38.5858
46.0248
43.7918
38.4742
53.7201
35.381
18.174
22.282
61.5361
57.2621
56.0831
18.3465
29.5985
58.4747
50.7033
27.9541
42.5177
43.4881
41.3349
35.1591
21.4097
18.0041
34.3746
25.3316
35.1
51.6118
34.5996
49.1234
38.0971
18.4839
57.6211
24.057
21.7184
12.9991
60.4553
53.4691
36.2818
27.0797
46.5068
43.0973
16.1342
52.4108
16.6536
26.9349
56.9352
37.6844
28.3494
50.479
33.1581
21.5875
36.2884
28.2808
55.8081
42.2787
48.7971
14.8992
38.2306
18.768
15.7958
57.5115
38.9861
33.7336
35.0455
22.6217
23.5426
44.2426
40.4597
34.8561
46.8223
38.2071
30.7477
45.1474
28.1446
35.9678
47.5732
63.7732
46.4465
47.0229
44.2506
39.2468
73.7184
31.909
50.7607
58.1753
48.2578
56.7467
26.2423
20.069
46.5967
66.4978
60.2755
45.1378
33.3902
27.1564
20.6191
50.5323
59.3621
43.9065
20.9935
56.448
60.0152
39.039
31.4118
38.0493
51.9335
44.0435
27.951
51.5159
45.2105
49.6903
32.473
28.7428
44.1828
51.0341
29.5739
35.5227
41.8749
52.7347
51.8403
34.0239
67.087
48.3864
47.8862
17.5622
25.1382
30.3683
53.8907
50.5824
32.5042
48.0224
34.3126
46.2627
60.8013
19.8917
40.3153
58.8305
43.0682
58.0812
32.824
59.7228
53.9723
25.1077
14.8349
29.1485
48.3037
58.506
44.7026
34.4167
41.1563
55.8863
52.326
59.6039
56.1612
24.4071
13.9953
15.5575
38.1865
23.1355
61.5402
39.6529
38.5166
40.2523
59.3133
40.8007
20.5305
41.6519
46.0352
43.2532
41.0159
30.5688
57.5768
51.1871
22.8387
35.5929
32.0957
55.8252
19.5941
18.0994
22.4744
54.8688
42.6934
48.3575
14.9931
59.0512
24.4457
34.822
41.2575
31.629
48.871
61.9637
28.2473
46.2504
22.5398
15.4918
46.6839
32.0783
15.515
16.71
29.5108
14.5427
24.7266
24.0909
22.3475
61.8574
24.1325
24.8805
20.9739
13.0392
59.2871
13.1303
37.3593
41.541
40.5068
29.833
42.2902
49.3427
41.5853
60.1145
53.8496
40.91
31.9325
15.6496
26.5196
24.1792
36.7257
52.6823
55.8758
23.2926
26.8886
55.1861
33.2154
67.1604
48.9624
39.6338
35.9582
22.7943
83.9872
54.7785
62.2131
61.2154
33.1105
55.8889
61.9432
57.693
25.5369
54.6315
25.2589
33.1064
51.2862
33.6122
38.6394
39.6613
22.5533
25.9812
44.0885
33.7305
54.6123
19.3309
30.288
51.2078
50.8375
45.4276
44.5079
32.8428
43.43
43.7166
61.6537
46.4139
32.4053
57.3748
31.7211
27.5749
53.9613
20.2078
50.533
27.8118
28.5942
61.9408
29.0285
31.5177
21.0538
65.7203
35.4812
48.2278
28.7516
48.7866
18.5847
48.6213
38.1973
40.829
60.4743
58.339
33.1548
47.3086
64.8397
23.5857
45.0869
34.363
34.6178
30.9732
39.7665
53.943
52.1896
29.1334
62.2798
59.9418
----------------
update (avg): 39.1519
----------------
----- init -----
23.4715
----------------
init (avg): 23.4715
----------------
----- commit -----
2403.08
----------------
commit (avg): 2403.08
----------------
# Transaction throughput (KTPS)
LakeVillaMulti	/LakeVilla/src/YCSB-C/workloads/workloada.spec	1	0.0382073
