parsing config file ./lvconfig30.conf
parsing done
# Loading records:	0
<<<< begin once 
<<<<< redos: 0 >>>>>
<<<< commit once 
----- read -----
5.13582
3.76172
4.17842
4.62695
3.66155
3.67537
3.49353
3.79865
4.98364
4.33396
3.9952
4.15814
3.677
4.30655
3.88243
3.65731
4.18347
4.10236
3.21624
3.54568
4.63682
4.5592
4.13731
4.23186
3.26057
4.519
4.20728
3.49361
3.87402
4.2154
4.04185
4.8849
2.98668
4.00195
10.5255
4.72911
4.24283
6.91428
4.59186
4.12427
4.32647
4.45047
4.273
3.84138
4.2132
3.51594
4.24343
3.78436
4.62078
3.59064
4.40216
4.40088
3.49064
4.26947
6.42972
3.42435
4.28262
3.56178
3.43793
3.80534
3.52212
3.65031
3.73418
4.41881
3.98392
3.70281
4.42325
5.46213
3.3514
3.94705
4.18258
4.41738
3.62245
3.34389
4.69717
3.83961
4.11053
3.98899
5.27493
3.76352
4.22713
4.73274
4.03744
3.7312
4.15466
3.75203
4.75834
4.31385
4.54919
5.58703
3.87034
5.04188
4.3548
3.59131
3.21014
4.66913
5.73275
5.1249
6.65241
5.91478
5.07953
4.31025
4.07256
4.08294
4.50373
3.65295
3.59969
4.06298
3.13662
4.74639
4.29092
3.86438
6.53746
4.06979
4.60853
3.78091
4.97027
5.26276
4.71159
3.84866
4.04177
4.33282
3.52898
3.63039
6.53172
8.74834
4.13287
4.76471
4.91038
4.96678
4.46966
4.55605
4.25976
4.21795
4.33724
3.90821
4.36303
3.32909
5.15063
4.85013
4.42704
5.24079
4.85912
3.33653
4.02346
3.55473
3.86822
5.08298
3.63872
4.15712
3.63133
4.09686
4.78999
4.35223
4.88571
3.72253
4.11859
3.75005
4.32704
4.3992
5.06196
7.34103
3.99843
3.17555
3.57873
3.80445
3.59178
4.65394
4.13646
4.93877
4.70598
4.65224
5.4457
3.52017
3.82793
4.04122
6.41023
4.43244
5.10927
4.15154
4.74492
3.91673
4.89482
5.4278
3.93732
4.04629
4.00187
3.00262
3.53181
4.60174
3.48231
5.10015
4.02235
4.75063
3.9304
4.62961
4.29078
4.47589
4.87876
4.14732
3.96541
3.81824
3.88731
4.39483
3.1586
3.56148
5.30957
5.04599
3.1965
3.7109
3.71214
3.41769
4.54931
4.52502
4.58223
4.05606
4.35007
4.06915
3.95145
4.23278
3.79029
4.89329
4.15632
3.49379
3.89378
4.00346
4.53957
3.66529
4.14899
4.9052
3.83237
3.05984
5.1471
5.40147
4.91566
4.07259
4.18988
4.10583
5.67792
4.78257
3.46843
4.14937
5.11531
3.40375
4.21755
3.38455
4.67519
4.77265
5.30346
3.29609
4.80327
4.58575
3.70219
3.49296
5.09336
4.44103
4.5578
4.51018
4.50716
6.13635
3.64493
4.26651
4.44805
3.69248
5.69153
3.80511
4.12998
4.73276
4.33606
3.93475
4.92019
5.1031
4.41809
5.79491
4.75124
7.7633
4.97609
6.64009
7.841
8.16444
12.006
4.67489
6.03476
3.59098
7.24298
6.14998
4.26155
5.52038
4.76211
3.77546
4.52828
4.43314
4.00497
4.33899
5.07386
4.62925
4.04041
3.74348
3.87033
4.22333
3.99882
3.7946
3.81702
4.24217
4.06481
4.77823
5.23868
5.07658
4.88279
3.34691
3.91317
2.96528
3.55246
4.04824
4.85865
4.47436
5.13068
5.51169
4.78083
4.98232
4.56382
6.13758
4.28183
4.31275
4.75409
4.77621
5.01471
4.66849
4.27169
4.29719
4.26369
3.22595
3.75971
4.60735
4.68941
4.43493
3.33815
4.13924
4.66927
4.36031
5.20954
4.74307
5.85987
3.82274
5.12575
5.30323
6.27837
7.27013
4.42901
5.92191
5.78884
3.91885
3.72331
4.55217
3.96215
4.99848
4.81489
8.42879
3.62407
4.03985
4.86037
5.15082
5.01544
5.30297
5.20257
5.0727
5.56522
4.00847
4.74189
5.36013
4.82775
4.22427
4.19136
4.0194
4.61483
5.16685
4.81309
4.35375
4.04476
5.15976
6.50613
4.37836
4.62242
5.81792
5.32468
4.98481
4.26766
3.90337
4.7612
3.74832
4.37596
3.69834
4.89407
4.82251
4.45505
4.26164
4.03669
3.25317
3.49784
4.10722
5.94787
5.25241
3.78303
5.01525
4.75687
4.76625
3.84062
6.28056
5.10764
4.04781
4.85715
4.44681
3.39896
3.71232
3.78531
3.83002
3.93269
8.86072
4.40584
4.12512
4.80949
3.9863
3.66465
3.97108
4.61261
4.95187
5.61451
3.73209
4.09696
4.28865
4.69064
5.3117
3.87374
5.80237
5.30176
4.26189
5.44947
4.26428
4.59391
4.0095
3.36791
4.12867
5.33472
4.81283
4.07095
4.4624
3.91911
4.87138
3.72446
4.36894
4.59058
3.09531
3.91673
4.31348
4.20248
14.0762
3.78618
4.68123
4.77973
8.38016
7.69314
19.6827
7.2978
5.67107
5.30912
5.56037
7.53334
4.22068
5.20295
4.73065
5.26168
6.19848
5.21278
3.72529
5.1498
5.41501
4.03701
5.96042
5.20032
3.44401
5.43333
5.81523
4.49305
4.68779
4.34899
4.14325
4.9619
4.2431
3.63175
3.68629
4.24341
7.11017
4.79281
5.48097
6.17663
6.01513
4.16457
3.81085
5.56545
5.26556
5.84506
4.8625
4.83623
4.97309
5.00611
10.2032
8.74133
5.41914
7.00475
5.31
5.55359
4.78281
6.14669
4.75363
6.92956
6.41959
9.24153
7.15889
6.65432
5.90257
----------------
read (avg): 4.65939
----------------
----- update -----
24.3443
33.9428
56.6226
22.6862
41.2746
16.0815
42.8921
32.7298
45.9227
39.2906
30.6474
51.4372
31.2117
46.8241
33.792
47.2442
60.6491
55.7608
44.1329
58.3284
62.0957
29.4006
28.1562
18.238
21.1376
19.3317
46.9711
45.9947
60.3001
40.8721
41.2021
23.3429
44.1615
16.9732
28.181
56.9095
36.6725
29.267
19.6903
22.8837
28.2982
20.3002
23.0776
34.5869
21.7797
49.0989
17.3018
35.3936
125.464
58.4741
20.4537
21.592
10.1052
38.2224
32.8072
54.4077
56.5219
59.4909
14.5568
38.5881
38.2698
34.4081
45.43
22.9763
49.8413
30.7578
17.7321
32.3646
43.0384
53.5513
30.3689
30.7144
28.5021
21.0935
21.3222
23.5572
39.707
45.2728
43.6689
24.5793
44.2305
29.6674
30.9284
41.4791
36.8918
53.3829
15.2838
57.7331
26.9411
15.6394
64.7116
16.4398
13.6373
45.451
32.4621
45.3938
54.2575
64.6348
26.9811
18.2878
50.6709
33.8194
36.0925
41.0929
17.5434
46.7252
13.3602
33.4207
14.5626
55.1497
40.5073
17.915
35.4553
39.0432
31.4442
15.3565
49.1099
21.8115
50.9476
21.4974
62.7242
16.253
34.4923
20.159
60.3779
21.4485
29.3445
14.6981
60.2111
18.7705
62.6429
34.1509
59.763
46.7996
37.0049
59.7892
59.4565
60.6369
33.7073
47.1832
48.0367
10.2878
40.9104
40.8706
34.6722
13.143
23.2115
16.6903
40.3235
41.7685
29.0719
38.6022
42.2978
40.7782
51.3717
56.9998
33.603
46.0177
36.4701
55.7616
50.1722
22.1749
18.1284
30.4496
43.8362
25.9958
35.8748
40.448
37.1542
41.67
52.9809
27.5933
45.1436
34.0083
60.7108
58.1579
64.7509
46.1286
24.186
59.0013
39.7112
60.5948
46.1477
37.8686
54.8595
23.6611
12.8644
17.0676
35.0075
27.9601
33.168
28.6616
24.0131
31.0255
28.3016
18.3809
38.0558
54.0386
17.9837
24.3564
50.8777
32.7711
56.8975
29.8596
35.0236
36.0374
38.2541
55.0186
25.0601
13.6438
51.5024
38.0551
39.146
54.7785
23.5185
56.2415
55.4804
59.7977
55.1206
61.4456
21.5793
53.6809
60.7294
50.7618
62.5483
37.7247
42.7912
21.9208
21.8286
36.5125
57.9829
37.0579
54.44
27.6484
20.2026
19.9597
22.7624
40.3395
24.137
32.9356
46.1864
23.529
39.9066
52.5627
28.9265
60.4011
51.1054
53.6023
24.9962
68.4088
29.593
63.4017
62.857
42.8759
45.2474
29.671
28.7682
56.1804
45.6175
32.8285
61.9843
16.2195
35.8422
28.7024
23.0508
60.548
36.8179
47.7105
31.1232
18.1919
24.5234
47.4315
27.5717
62.4027
51.7479
47.3205
16.9072
13.5903
55.9199
35.3742
24.0324
40.4942
24.8822
61.5678
46.5826
56.9178
57.699
63.9053
47.6003
20.3547
25.2838
60.0549
51.157
57.0178
58.704
53.7667
21.9223
16.8627
37.3253
30.6953
47.0059
52.0493
61.6669
26.3171
42.1833
19.8745
59.0553
49.9813
16.6346
17.9921
40.0921
43.7484
54.1533
23.994
52.2472
56.0304
39.452
53.7302
45.6742
19.3835
44.6865
55.3306
54.8084
25.164
37.039
23.0888
20.7998
18.1838
23.4697
54.3283
16.2573
45.854
35.3292
19.8196
18.4439
59.6418
26.4312
34.0401
50.8286
50.705
47.2285
16.7955
25.7561
31.5164
50.8507
42.9804
43.8303
12.5081
45.2766
50.6892
29.0957
46.5993
62.9505
26.106
38.7074
41.6111
16.7192
16.5023
51.3435
62.7389
49.3025
32.6513
19.6524
51.7562
28.2269
27.2964
56.7257
42.628
44.0774
31.0746
37.0226
42.03
67.1986
18.3776
41.189
38.2745
40.3954
21.7786
49.901
34.5604
29.8454
46.2506
54.6751
49.4314
49.8016
55.2972
21.6536
47.6329
48.9736
64.1325
34.1338
53.2706
28.4658
56.4464
36.3251
31.2742
27.1933
63.6856
54.9495
37.5665
48.5039
56.9031
43.6158
39.825
56.6699
63.9522
33.5807
39.7379
44.95
28.1027
60.7415
27.4285
38.0447
24.8182
58.9454
42.803
23.7132
66.3394
61.7244
35.6793
48.0388
63.1167
32.9475
52.6424
56.7287
43.1169
55.2277
43.0084
30.0438
35.0378
55.3234
18.7907
55.8466
50.5514
49.6845
42.3383
36.2592
59.2737
48.5092
23.3238
16.7417
62.7579
52.4511
59.2264
24.339
62.3082
42.9225
57.8405
34.1617
56.541
61.2417
65.0901
27.9978
29.8684
56.9379
20.6066
44.7937
25.8422
65.8578
48.9453
61.5271
58.5588
57.0463
78.9746
53.4846
58.3687
23.1348
65.519
39.4678
25.2821
31.5648
70.6354
58.0791
38.3264
50.7564
33.9358
25.1263
59.1388
42.154
42.2351
----------------
update (avg): 39.8889
----------------
----- init -----
23.3165
----------------
init (avg): 23.3165
----------------
----- commit -----
2713.19
----------------
commit (avg): 2713.19
----------------
# Transaction throughput (KTPS)
LakeVillaMulti	/LakeVilla/src/YCSB-C/workloads/workloada.spec	1	0.0368882
