parsing config file ./lvconfig3.conf
parsing done
# Loading records:	0
<<<< begin once 
<<<<< redos: 0 >>>>>
<<<< commit once 
----- read -----
4.04432
3.90351
4.34168
4.45762
4.27407
4.17109
3.28006
3.89402
4.95005
3.76176
5.42921
3.59961
3.47812
4.24389
4.14332
4.64389
4.03695
3.83913
3.68351
3.19076
3.50875
3.78179
3.27412
3.84803
3.28513
4.83592
4.09966
3.67458
3.72803
3.10557
5.19254
4.2951
4.00468
4.54607
4.4473
5.97306
4.27357
4.27174
4.29923
4.61484
4.21007
5.14876
3.59171
4.73232
4.74751
4.49714
4.11131
3.34573
3.9664
4.47995
3.644
4.1103
3.2723
4.78568
4.07379
3.81323
4.06621
3.2868
3.7092
3.76083
3.58504
4.11633
4.04582
3.8103
4.64585
3.52005
2.82316
8.52593
5.42605
3.93541
3.11845
3.84399
3.66946
4.3653
3.51627
4.23336
3.78218
3.82775
4.50095
4.08864
4.02731
3.89859
3.86979
3.88388
5.07898
4.3545
5.07228
5.4622
4.37079
4.20065
4.99987
4.92262
2.92878
6.01498
6.13327
4.02514
3.36227
4.15683
3.08549
4.62823
3.74539
3.8052
4.1471
4.42682
3.75184
6.09295
4.762
5.06521
5.7695
9.62919
5.45265
4.49762
4.09371
4.08848
4.76224
3.89419
4.6865
4.06519
4.34235
4.44831
4.52897
4.89663
3.8511
5.59625
6.21277
5.40111
3.93008
3.49479
5.00361
4.84147
15.1183
10.5143
3.81765
3.44638
3.02034
4.49269
3.72741
3.72627
5.34572
4.12431
4.57566
4.67685
5.01906
2.73342
2.59145
3.85637
3.85279
3.62706
3.37699
3.90704
4.47162
4.25959
4.04502
3.77095
3.98152
5.81817
3.53064
4.42786
4.65743
4.9548
5.19057
3.77841
4.42389
4.87434
4.72394
3.80903
4.16173
4.12779
4.8081
4.77891
4.84633
4.93409
4.7995
4.34472
3.52713
4.1101
4.94198
4.50389
4.03897
5.41271
3.84429
5.37438
4.95248
3.56244
3.90476
3.97211
3.85806
3.56762
4.37296
3.94326
4.02276
4.02921
3.36164
2.64497
3.50726
4.57484
6.47686
4.26485
4.23932
4.82232
4.10433
4.48451
4.50051
4.66037
3.86686
3.63315
3.86153
3.85981
3.69916
6.52985
4.91085
4.00165
4.55524
4.52788
5.30527
3.20594
3.36332
4.2383
3.54942
3.27169
5.06697
4.71017
4.06811
3.10656
3.13466
3.66131
3.68398
6.00312
5.17561
4.57493
4.37271
4.03174
4.38513
3.38046
4.03131
3.88157
5.25246
3.49309
3.78514
3.74941
3.87489
4.28651
3.94037
3.38391
5.1861
3.83908
3.75775
3.36191
4.44593
4.04753
3.86253
4.19182
4.41757
3.6098
3.80619
4.48598
4.76707
4.54498
3.78458
3.80518
4.12975
4.20831
4.74979
4.20494
4.36338
5.23401
3.94161
5.32836
4.32006
5.83131
4.30223
5.76446
7.68752
6.26921
7.89348
3.99232
9.54474
6.39086
4.51895
5.89268
6.03138
7.51489
5.92985
4.35112
4.59727
4.83802
7.00837
4.27547
4.96103
4.75602
6.17359
4.70811
4.54083
4.07049
3.25423
5.24393
4.54288
4.21497
5.627
4.75066
5.00664
5.8531
4.01653
3.47666
4.7359
5.67076
4.79242
4.90959
5.14863
5.52968
5.06055
4.27151
3.97321
5.65199
5.33804
5.40847
4.08653
3.84527
4.00077
4.76056
3.25931
3.52548
4.56116
4.0486
4.75315
5.42538
5.71834
4.46609
4.72431
3.9946
4.37854
4.51581
5.18225
4.84391
5.13678
3.94149
3.77044
3.89044
3.25461
4.19544
3.97555
6.63541
5.62228
3.74289
6.35112
5.33015
4.02412
4.65077
4.532
8.73612
5.30315
4.53675
4.82623
4.34889
5.45116
4.27313
4.7065
3.41224
4.07645
3.89206
5.55673
4.84609
5.03507
4.47075
4.08463
4.24177
4.00922
4.0491
4.35389
4.64877
4.45846
3.87027
4.6689
5.20181
3.47891
3.61204
4.07566
4.29421
4.20584
3.92444
3.78491
4.42904
4.21428
4.16573
3.56691
3.92252
5.14666
4.79848
3.85394
4.17062
3.57737
4.3377
3.34824
4.0215
4.14506
3.04605
3.12445
3.27532
4.36958
5.85221
3.54754
3.80404
5.58584
4.10947
4.20711
4.49136
4.60651
4.03083
5.2174
4.01898
4.24482
4.13509
5.1387
4.12105
4.00512
4.23655
4.96881
3.44733
5.07007
3.46247
3.78133
4.15366
4.8683
4.00069
4.90346
3.8639
4.92533
5.43327
4.97266
4.52328
3.47374
4.00843
4.2632
3.55113
4.76724
4.61039
4.53173
3.19855
4.7875
5.26815
4.99452
4.12017
4.35105
6.20311
5.20904
4.93917
5.30279
3.9815
4.52717
7.84821
3.90724
3.08392
4.17005
4.25615
4.65617
3.77839
4.92142
6.33656
4.51122
6.47382
6.33345
8.33298
7.23109
5.66757
5.78539
4.29153
5.75431
5.85492
5.8301
4.29411
5.83123
4.08639
4.95935
5.20629
5.04959
5.5429
6.66832
5.46061
5.23332
7.79788
4.49311
4.02735
3.56161
5.10195
4.87405
3.32364
3.59915
4.32947
3.78833
5.21855
3.88885
5.38893
4.40882
3.9861
5.22359
5.06883
4.31189
6.53229
4.25834
6.43604
4.32958
4.8719
5.67802
4.69564
5.20223
6.83531
13.4284
4.78657
5.73339
4.00415
3.89619
8.69038
6.89996
5.58835
4.85116
4.50064
4.449
5.28397
4.84113
5.54132
----------------
read (avg): 4.56863
----------------
----- update -----
25.0794
38.4626
24.231
48.7199
19.9366
26.0156
44.6577
54.6494
48.6325
33.2563
48.5832
29.8797
26.9115
31.0932
15.7902
33.7748
36.9041
26.0142
54.4312
47.2044
41.8463
35.1032
32.1603
14.1875
40.7855
45.165
22.1679
13.4556
44.2299
44.1603
30.4161
14.653
55.855
46.1416
46.0949
40.8907
31.6952
39.8222
29.5884
45.7232
19.6168
49.1223
53.6184
43.2995
62.1645
24.6141
57.7088
137.97
61.2255
62.4326
29.1985
59.8563
46.5185
58.7679
16.4347
19.9313
58.5723
43.2443
58.4065
23.6297
29.8793
59.7899
14.467
56.5108
14.3323
14.4803
40.223
29.0441
13.8616
54.8319
34.8119
19.2328
28.5794
11.8297
54.2815
28.252
18.6577
59.9447
19.1002
39.7845
22.0198
60.8746
17.2148
17.5424
61.5367
49.7582
49.281
34.6803
63.4675
58.7964
33.8746
48.8952
44.6141
59.5181
51.688
23.2326
30.3495
24.7539
55.9852
28.3734
26.7917
19.382
23.7937
50.5729
48.03
51.9788
51.2895
26.3355
62.2486
51.5379
46.3696
29.1913
57.7782
21.1112
39.3571
32.7473
43.8794
59.932
53.1371
48.8127
46.0983
58.3269
23.1293
53.3328
21.4753
48.3585
29.6605
47.5119
60.0365
54.8604
43.1604
49.7549
32.0786
27.222
25.2073
28.4443
19.9378
15.8378
24.389
18.7928
17.9888
31.0255
24.6058
17.4438
17.2267
18.7682
41.2457
22.7438
40.9076
14.1501
45.741
21.4444
17.7726
60.1875
36.1039
31.36
33.8546
49.3974
25.581
27.7189
59.5079
46.2682
17.9633
29.9626
32.3437
12.3665
44.2252
15.6478
49.043
45.4593
54.4246
37.9504
25.963
25.3332
25.1665
40.3911
41.7179
22.3168
56.6636
58.4998
36.837
38.2189
54.6015
56.8865
29.4246
20.009
19.5742
52.7988
58.4332
44.8072
21.6563
25.1432
48.5172
21.5824
58.4116
31.9199
38.852
50.102
17.6121
13.6213
39.6494
32.8228
57.4535
17.2855
59.0883
24.4124
37.4008
52.4247
29.8656
25.8661
36.3439
56.4901
28.9352
33.4404
45.1666
46.8199
26.7151
21.2452
37.2379
46.6163
50.2409
63.1911
44.1193
52.9372
15.4623
59.8732
24.7787
29.8531
23.3642
47.0597
30.5087
21.3154
31.6847
18.8183
36.9699
53.0136
37.5476
34.1639
17.0938
41.9821
42.3755
47.1609
45.9443
55.1746
38.0932
30.4886
20.2438
65.6358
48.5149
35.9433
53.9973
48.7095
63.9353
73.6245
27.1868
36.9014
43.1339
65.2553
31.8339
19.2848
29.3874
53.7478
31.1173
51.3125
50.9043
30.8576
19.311
36.5175
45.4954
41.4625
55.7905
41.9391
59.7599
60.6102
31.6968
41.472
48.7352
27.6877
50.3472
30.3134
29.0862
60.9715
24.4045
21.2072
33.5629
51.5863
42.7665
51.3172
42.6606
61.4142
54.9589
46.2442
60.9336
39.2774
40.4299
23.3275
29.5375
51.9528
22.5549
46.5447
16.3817
52.2619
63.8389
45.4115
44.9566
28.9997
48.2435
29.7388
50.6861
56.8817
14.3393
27.782
17.48
42.5768
23.6427
56.3733
19.5601
15.9094
49.8267
32.556
13.4163
40.9326
55.7696
59.4594
35.5158
22.5047
23.8807
49.6224
55.5861
36.3281
18.9913
48.5104
49.1453
42.7407
63.2651
13.5995
54.9848
51.2638
34.1709
37.6234
48.9097
23.8321
46.2726
20.8973
35.1417
26.7385
41.6504
58.2639
22.6705
57.5947
25.2887
21.4443
61.7189
16.3532
29.2795
14.4446
27.0027
44.6906
52.9134
57.2418
56.1365
50.6574
60.1404
45.4726
53.2162
40.5209
63.3858
63.8388
15.8083
49.4183
17.4439
48.5667
22.6065
25.5172
33.3146
38.3992
15.6799
29.2618
24.2453
55.2018
43.7628
60.2587
33.1124
19.5113
59.7951
26.5802
45.5921
18.6951
53.3469
29.8315
18.8502
46.7511
46.2081
45.4753
33.7761
43.0284
20.0155
46.9969
68.1834
25.5869
62.2386
59.4423
61.2154
69.0751
64.0532
31.0571
17.7495
22.2877
29.2479
39.6261
17.3621
47.893
41.1089
58.4634
46.2998
17.7477
48.4418
32.147
49.594
65.9011
46.4389
45.5217
46.4584
35.4061
23.1231
60.6615
38.5859
31.4652
43.3153
49.8621
35.1154
15.6052
38.9854
24.896
38.1028
14.2779
38.4538
46.1989
17.0468
36.137
41.3643
47.098
15.3274
23.4405
23.9423
60.1125
23.3246
32.0327
20.4469
24.1548
45.5037
22.2879
24.2299
45.9265
58.6622
38.8012
53.3069
61.842
52.4917
28.2941
49.9644
61.355
55.1216
65.8494
48.5374
59.3446
24.8111
61.9355
59.0254
57.2852
55.6128
55.3864
55.4336
45.8248
44.2141
44.1728
59.5261
75.822
67.1905
38.3582
----------------
update (avg): 39.3783
----------------
----- init -----
27.0851
----------------
init (avg): 27.0851
----------------
----- commit -----
2397.81
----------------
commit (avg): 2397.81
----------------
# Transaction throughput (KTPS)
LakeVillaMulti	/LakeVilla/src/YCSB-C/workloads/workloada.spec	1	0.0377143
