parsing config file ./lvconfig9.conf
parsing done
# Loading records:	0
<<<< begin once 
<<<<< redos: 0 >>>>>
<<<< commit once 
----- read -----
3.97555
6.1256
4.16383
3.39653
4.03361
4.82304
4.24777
5.25233
3.36811
3.93051
4.6408
3.5888
4.36488
4.72882
10.4413
4.37608
5.85673
3.76237
4.2236
3.62007
7.42911
4.05891
3.09853
2.73064
3.81659
3.76174
4.29961
3.70859
3.89681
3.9344
4.19141
4.39443
9.79467
5.31842
5.20951
4.36847
3.44526
4.13292
3.84842
3.88659
4.86287
5.29321
4.40967
3.57111
3.58151
3.57912
3.94958
3.38059
3.41312
3.99306
4.72649
4.38545
3.61321
4.55528
1012.1
3.76247
4.23451
4.75109
3.90742
3.69577
5.25848
6.31741
6.65186
4.93434
4.26838
5.7196
4.06479
6.28524
6.58829
4.9618
7.6569
5.53418
7.50963
5.62158
4.62987
4.61968
5.41861
4.10602
3.87108
4.09646
4.35931
3.27501
4.45695
4.39508
5.36244
3.73295
4.90664
5.00286
3.73066
3.88117
4.18618
4.28723
3.37459
3.4232
4.30616
4.32469
3.82727
5.40277
3.88065
4.68607
4.34422
4.12601
3.6678
3.51303
4.51657
4.42528
4.7822
5.21815
5.13321
5.15285
3.88899
4.84831
5.61445
4.46893
4.89708
3.87674
4.76395
4.05553
3.98969
4.62522
4.3691
3.57255
3.8928
3.78912
3.74341
3.65465
3.77047
4.85438
4.66026
4.33002
4.91892
3.84249
4.65574
4.68223
4.55372
4.34893
4.50951
4.82571
4.78782
4.25097
5.00401
5.7004
4.06367
4.58474
3.83836
5.58257
4.70164
5.49383
4.9448
4.31543
4.50994
5.09617
3.68109
4.69964
3.46528
3.90563
4.66848
4.2427
3.35183
3.93177
3.99643
4.66743
3.46617
4.64531
4.22807
4.66743
4.10256
5.22247
5.05689
3.94768
4.20714
4.66273
3.42417
3.10774
3.94234
5.728
3.81027
3.28783
4.20585
4.2066
4.67013
4.32397
4.39338
3.39398
4.55544
4.59366
3.7181
4.95403
3.97234
4.32165
3.46278
9.30986
4.65731
4.79639
3.66209
4.71563
3.84889
4.33055
3.85774
4.3612
3.5158
4.39377
6.37995
3.83106
3.70888
4.14414
3.61404
4.39703
4.75293
4.73158
5.38406
4.05084
3.84999
5.14436
4.47683
4.59784
5.42127
4.10261
4.04579
4.37879
3.94875
4.43998
4.75128
5.01287
4.84628
4.84029
4.33305
4.0816
4.73769
4.19829
5.78719
4.25064
3.51464
5.05845
4.2011
3.41953
3.46605
4.06337
4.99853
7.07877
3.86622
4.98674
4.94316
3.96859
4.2321
7.17484
5.51697
7.65616
6.45442
10.9597
6.80314
7.5168
7.01335
7.45268
5.0704
3.69091
4.3192
6.71985
5.0921
7.23955
5.66914
6.28936
5.16273
6.9513
4.60105
4.4604
3.73849
5.04028
4.62776
5.48521
4.64915
4.33765
3.83563
4.30731
3.89029
5.17567
4.10798
5.45509
5.26425
4.00076
4.81949
6.11988
4.94965
4.25238
4.95732
6.69424
5.97186
3.59381
3.80731
4.68173
4.65149
4.6095
4.55904
4.92333
4.73457
5.7218
4.3707
5.30843
4.2791
4.63739
3.55468
4.96257
3.32661
4.64595
5.5923
5.00563
3.77936
4.90497
4.28594
4.67854
4.11257
5.4527
4.09169
5.14919
5.15899
4.41291
4.70664
5.44183
5.99782
6.77524
4.13315
4.32083
4.12246
4.79318
4.89528
4.94713
4.5573
4.60813
3.57707
4.87976
4.10755
4.06551
5.33328
4.3171
11.5299
3.64099
4.25746
3.85297
4.65582
4.06597
3.87092
4.83047
4.36532
4.92663
4.56508
5.14234
4.74897
3.84672
4.13866
3.94998
3.85493
4.74445
4.26281
4.40114
4.90113
5.44298
6.21848
7.50333
4.35415
3.98793
4.7311
4.37343
4.41467
3.0305
3.1891
5.44158
3.94717
4.68569
4.18445
4.52363
5.82742
3.58474
5.11095
5.2262
5.05442
3.51765
3.74296
4.09459
4.62109
4.46119
4.55666
3.25363
3.87779
4.21188
3.39956
3.15897
4.2617
5.30054
3.84065
4.13182
4.69318
4.41901
5.10366
4.89178
4.52996
8.74163
8.06401
5.43698
4.30115
7.03651
5.89891
4.96202
4.10515
5.28358
5.19945
3.81738
4.32225
3.72915
4.01175
4.43305
3.85518
5.6495
4.06423
4.18495
3.5996
6.547
4.05145
5.18939
4.87186
4.97295
4.14973
4.2217
4.60389
4.38386
4.09426
4.52423
4.54145
3.96492
5.82766
4.45796
5.464
3.63138
5.84156
5.57213
7.59285
11.8852
18.883
8.01968
4.20574
7.36724
5.43546
6.85657
6.11043
5.66043
7.21888
6.20383
6.98557
5.97646
4.72694
5.04046
6.6188
4.39178
5.68838
5.29335
4.29523
4.30561
4.8239
4.67232
6.07793
3.96319
4.36482
4.07343
4.07856
4.10595
3.60881
4.46746
3.89558
6.96084
4.87599
4.86788
4.48775
6.48573
4.53298
5.67022
4.82106
4.91037
4.28816
5.811
5.32692
7.69269
5.31127
4.46458
4.99588
6.05148
6.19306
4.36414
5.42295
5.56369
7.41998
5.71523
5.75669
6.27872
5.88788
37.8384
6.39556
10.2357
7.18025
7.38532
7.42774
7.15638
5.58831
6.90592
8.85566
8.65551
6.69301
16.4215
12.9075
10.3507
11.5595
9.69413
13.0217
12.1655
13.7814
16.9654
15.5167
14.9312
15.8493
7.94558
11.6596
5.61388
----------------
read (avg): 7.07295
----------------
----- update -----
61.4115
53.2665
23.9078
53.6489
37.562
23.2001
39.203
21.5837
37.863
18.8473
43.8882
18.4917
55.6928
28.4411
27.5545
16.2932
49.0622
55.1788
59.2959
57.3534
29.6211
19.6497
28.5146
45.7789
61.555
60.6525
54.7154
53.9293
27.2236
25.9567
55.2043
44.6378
34.5293
39.3814
35.4724
16.271
25.9389
41.1564
57.3338
61.122
59.2221
45.9187
122.226
26.763
21.26
35.1431
19.924
27.9965
30.6315
28.4234
15.2542
40.1716
17.0389
34.3154
19.6735
52.6043
40.4985
28.5839
25.0544
41.7375
44.1212
17.3905
54.4612
29.3949
51.681
39.8156
65.6524
45.8054
48.0189
61.5377
26.7252
54.3219
31.4293
17.7032
49.8488
15.7658
40.8937
40.4654
32.2917
34.4044
46.467
42.0307
16.4158
53.3085
28.4145
41.8262
17.1193
30.5056
33.21
22.2639
52.0922
21.0365
30.3336
18.662
19.5491
46.0425
20.9279
47.4304
41.7467
66.696
33.4013
52.9679
27.2375
30.2479
39.7057
51.5251
46.0352
35.9884
42.7632
23.1424
60.0466
57.7041
50.8847
37.2296
47.8365
35.5787
32.2402
25.7229
39.1257
35.5437
60.5325
32.6822
18.393
58.4842
54.7698
22.2367
22.373
29.6358
17.384
40.1059
57.5762
41.8392
33.9181
52.741
43.9073
40.4751
38.9461
58.9128
62.5268
47.9297
34.4864
61.4217
16.7502
24.6219
26.7596
43.8523
37.2228
23.7473
26.8271
14.8028
23.8072
17.7376
49.3135
48.2311
52.2026
57.9904
33.7473
23.5891
40.608
25.4314
24.1835
52.5818
27.9819
56.8806
62.4979
28.7364
38.734
42.7696
58.8509
54.7997
44.1287
41.0383
42.3926
60.1764
20.2065
33.7851
59.7713
56.0672
39.0721
21.1418
32.8653
47.2032
19.9127
16.0618
37.8496
20.8835
28.3693
43.6823
18.4197
14.0489
19.6722
20.2059
22.9081
42.0124
38.2895
22.4862
20.9642
40.3247
35.6491
25.9389
51.3463
20.7285
45.19
50.799
50.3968
35.342
38.0737
54.0781
47.5968
25.7736
23.8039
19.6501
24.9891
62.2791
23.3216
21.1295
42.1901
30.5404
56.5558
26.6711
19.1756
58.141
65.9838
65.6425
49.9453
36.509
40.1981
27.8152
28.7288
64.034
60.2425
52.4083
27.0347
19.3366
32.4486
18.1862
24.2369
48.1821
60.3698
53.1405
54.2837
27.4717
22.5086
34.0252
16.3847
26.6933
18.1934
60.607
44.0174
22.2198
62.0169
56.2259
19.4937
24.0762
24.2357
20.8833
28.0846
31.3626
57.2712
27.1232
23.6811
50.9912
32.5148
17.0534
55.6266
40.839
44.7341
18.7907
53.4892
33.3544
33.191
58.0118
54.6258
27.8006
59.5233
56.8941
17.3763
49.5529
44.2895
58.7529
27.9002
43.3612
34.6062
56.3978
17.9146
57.7976
32.5984
58.0085
63.3449
41.9575
55.2861
59.5494
39.7806
61.0454
38.2799
35.2207
42.5911
58.8677
57.4858
29.413
51.998
43.1366
37.9129
50.0056
34.2253
28.6019
43.4293
38.8654
21.0943
15.3337
43.1391
60.5347
61.5533
52.8666
20.4197
27.2555
62.2579
40.1844
44.6389
53.1908
35.3852
22.046
21.47
48.8562
38.8591
55.8569
29.4038
46.7631
45.4858
53.7911
38.8944
48.4526
25.0262
40.5056
29.0312
18.3255
60.3806
27.0212
48.6524
26.6431
15.5019
60.341
59.1719
42.7983
23.4452
29.7711
17.8837
40.1088
35.8975
47.3712
50.8658
37.5702
39.5525
47.8367
30.8321
49.1158
55.779
49.2056
54.1046
61.8476
18.5704
59.0531
31.2675
28.2194
65.6345
47.8321
48.0505
53.2094
65.8397
63.7008
36.4109
41.4548
63.4772
58.9986
72.4017
54.3712
50.6601
46.0271
40.5356
53.0636
39.394
56.1815
63.3102
39.6295
36.3471
32.477
51.7657
50.1244
40.592
48.7986
16.7752
52.8306
40.839
59.7989
59.06
34.7075
22.4147
33.1505
65.2763
19.5353
30.6557
41.0831
28.285
26.8421
58.1009
50.6452
12.3709
32.7336
32.2587
50.6027
57.8379
16.8925
18.6475
51.4847
18.8482
37.141
58.7232
22.1235
46.4373
33.1825
20.0416
23.374
39.367
64.7725
52.5932
40.2349
33.4277
35.9269
46.3863
61.2842
64.2962
36.5976
40.2618
54.6975
31.6028
47.6006
60.095
64.3427
59.8391
24.862
65.1988
67.005
31.7679
22.8878
68.1311
59.8616
34.0411
52.0111
72.8102
66.1363
35.3231
49.0481
73.2243
38.4106
58.1939
51.078
72.2744
77.0613
74.5524
90.4266
87.5739
73.3012
63.0437
93.2983
82.3289
80.2536
93.5476
52.1568
85.2538
73.842
77.6496
111.309
98.9624
99.1046
110.374
76.9674
69.6802
80.1443
74.1883
23.272
----------------
update (avg): 42.3
----------------
----- init -----
28.6832
----------------
init (avg): 28.6832
----------------
----- commit -----
2642.62
----------------
commit (avg): 2642.62
----------------
# Transaction throughput (KTPS)
LakeVillaMulti	/LakeVilla/src/YCSB-C/workloads/workloada.spec	1	0.0339325
