parsing config file ./lvconfig20.conf
parsing done
# Loading records:	0
<<<< begin once 
<<<<< redos: 0 >>>>>
<<<< commit once 
----- read -----
3.93494
3.35881
2.99629
3.3374
2.54541
2.61628
3.3459
3.06487
3.20331
3.59122
3.49398
2.62559
2.61488
2.75582
2.93454
3.47463
2.68137
2.97142
2.84973
3.7084
6.54268
3.28318
3.50727
4.15719
3.46207
5.27589
4.15249
3.4877
6.37741
4.09765
4.3496
3.16031
3.80709
3.51168
4.77407
5.00551
3.79091
4.16408
4.18806
4.37616
3.33274
3.53307
4.24566
4.08941
4.12104
4.63727
5.25866
4.92609
4.30882
5.07901
4.76232
3.34996
3.47824
4.21948
3.97744
4.92778
4.64899
3.70706
4.66554
4.98068
4.52248
5.08608
3.19927
3.55213
4.01107
3.9228
3.99771
4.6779
3.80474
5.00617
3.73544
3.77896
3.87134
3.47225
3.42432
3.94123
4.1261
4.37211
3.38747
3.77347
4.05738
3.65541
4.12274
3.54137
3.1584
4.97193
3.6608
3.82998
3.5237
3.43654
7.39297
3.87529
3.64974
4.01152
3.80208
4.32108
4.32988
4.11144
4.49528
3.7062
4.44466
4.09016
4.4011
3.9196
5.58198
4.93155
6.28497
4.84233
4.81299
3.99273
4.69117
4.76648
6.54312
5.86414
8.09666
4.03961
10.4224
5.57061
4.64083
7.27191
5.44457
6.55024
4.29437
4.85881
4.70714
5.1667
5.41004
5.11798
4.20035
4.14979
4.33312
3.68255
5.70848
2.96007
4.26956
3.89074
4.35377
5.23517
3.80496
4.14449
4.35457
4.23776
3.95255
4.13389
4.85403
4.55571
3.1961
4.07929
4.59512
4.61618
4.63118
4.19278
4.29432
4.53934
5.85218
4.18051
3.74459
5.26115
4.68785
3.56786
3.95776
4.16836
3.55664
4.1397
4.45534
7.30158
3.6556
4.65137
4.45849
4.36551
3.87093
4.31754
5.10669
8.88897
5.37523
3.9572
4.885
4.52353
4.44781
3.80533
4.10013
5.12429
3.65425
3.5662
4.42747
4.22191
3.52436
4.20956
4.37094
3.36348
3.5763
4.91944
4.72905
6.32441
4.44297
4.29625
3.44041
3.99451
4.70966
4.0496
4.86855
5.99493
5.93765
4.20496
3.48251
3.51844
3.68384
4.57871
5.39629
5.53579
4.69095
4.61677
5.22752
4.55353
3.46021
3.4831
3.81095
4.08168
3.6611
7.30827
4.27772
4.45004
4.99264
4.04438
4.62112
4.11853
4.27952
3.98244
4.89777
3.56791
3.91657
4.32296
7.47498
3.58108
5.05203
4.53451
4.53947
3.75176
4.29137
3.48314
4.09866
4.21879
3.3048
3.80877
3.53103
3.80539
3.64082
4.39069
4.66808
3.40808
4.38604
5.32228
4.39649
5.32667
4.16229
4.34944
4.11753
3.38209
3.59527
3.74261
4.79694
5.31446
4.70766
4.10012
4.30634
3.66503
3.96662
3.66605
4.48621
3.60948
5.22145
3.66461
4.1285
4.08491
3.80796
4.34635
4.11389
4.19351
3.62715
4.42006
6.36847
6.12112
4.30321
4.33473
4.69772
4.31471
6.62751
6.28354
10.1043
7.86623
13.327
7.60535
7.22181
5.51239
6.0106
6.27531
6.55076
5.73487
5.71573
7.03592
4.32898
4.02076
5.93641
5.75379
10.5844
6.30121
4.93865
4.62874
4.87497
4.78024
4.39655
4.4391
4.90064
4.47156
3.71281
4.46845
4.48002
3.14201
5.72624
3.30271
4.71046
4.21878
4.38565
3.18267
5.03541
5.16716
4.72004
3.98605
4.12654
5.40073
4.72203
4.01649
3.76386
4.82048
4.30265
5.40323
4.10031
4.90813
6.40678
5.07553
4.0574
3.39155
5.3244
4.49738
6.12323
4.44393
5.24087
4.03466
4.01244
4.93945
5.8923
5.39969
4.83564
4.45114
3.69669
3.86685
3.22036
4.46175
3.60466
3.86978
3.6443
4.78024
5.46832
4.42706
4.84143
4.47149
4.78309
5.60985
4.59067
4.67321
4.20861
4.4519
3.55367
3.57248
4.37297
4.90856
4.43018
4.48284
4.304
3.91398
5.9193
4.34139
5.88453
5.05355
4.98204
6.44775
4.61773
4.71774
5.90615
3.58147
4.19459
3.64545
4.58416
3.7104
5.07504
4.09315
4.04229
4.02251
6.4112
3.84413
5.63504
4.32027
6.00309
4.93579
5.13964
4.28384
4.36391
4.0085
4.04476
4.06976
3.82911
4.60387
4.58013
4.75515
3.98492
4.03398
4.0334
3.46467
3.778
5.70193
3.59724
4.22841
4.06188
4.42323
4.77392
3.62279
4.34804
5.1173
4.86734
4.55533
4.55316
4.31381
3.11651
4.60389
4.15421
4.297
5.09287
4.41347
4.28398
3.98656
4.54968
4.70977
4.7025
4.59568
4.42145
4.61037
4.2071
6.73221
4.79927
4.44744
4.69251
5.73111
4.98628
3.78504
3.95933
4.47282
4.48638
3.75506
3.76809
5.05158
5.42269
4.05077
3.8594
4.34135
4.37496
7.56698
5.86443
6.438
6.86312
7.984
5.54885
6.28268
4.89356
4.95297
6.72694
7.76468
6.24902
6.68089
7.08392
5.07266
4.9528
5.30391
9.50119
5.5808
5.92876
5.18461
4.76063
5.53331
9.72462
5.17204
4.96378
3.53339
5.37474
4.48524
4.72128
4.53285
3.9695
6.79506
4.13891
3.68311
4.51928
5.09205
6.38334
4.58226
4.71149
6.64355
4.85203
5.03392
4.42974
4.81312
7.26838
6.07641
5.29419
5.5107
4.47384
5.65375
12.5569
4.58214
4.28357
7.0895
----------------
read (avg): 4.64421
----------------
----- update -----
39.5058
28.6166
17.4314
34.0316
9.46794
15.1194
49.223
36.7507
42.5796
27.4216
44.3431
34.1907
27.7551
19.4388
16.2826
56.6563
46.504
57.0185
59.8819
45.1159
61.4394
47.1758
35.094
29.9299
41.6316
45.1989
60.0671
17.1366
18.9533
42.8791
20.0895
59.8197
60.5987
23.3544
40.6654
41.9309
49.1111
40.531
47.6688
15.1146
20.4899
50.7864
27.827
47.2297
16.7203
39.7175
17.7225
32.3043
44.257
53.0145
39.9058
34.0548
51.6367
42.6833
55.6979
48.4985
29.4345
47.2104
23.8761
26.419
41.05
115.35
46.7351
17.364
17.0956
17.2889
26.911
46.6149
41.9066
53.9651
16.7521
34.0054
49.2602
34.1895
32.4286
20.7147
44.4175
43.7179
52.4106
52.4089
17.0117
48.5247
47.071
35.1334
60.8563
25.496
46.9409
32.1209
55.8637
41.4323
21.4955
41.1744
30.7532
16.0221
15.1339
56.4256
56.7905
15.0734
46.7216
19.9003
44.0466
14.9564
17.8541
46.9003
56.3172
58.5205
27.7543
31.4159
27.4457
43.2927
46.9376
26.2863
28.2926
39.7061
59.6636
51.3172
49.9212
60.0612
34.3186
28.5569
42.2802
58.3418
45.0913
25.6815
54.0991
25.1557
29.0747
31.4036
62.7708
38.3856
58.993
24.9591
31.5035
14.6449
37.7089
54.8083
36.0847
19.5383
45.5287
27.0963
15.6197
20.7816
38.074
48.3449
37.2249
42.7196
27.9971
37.9155
19.7748
39.2844
35.4217
61.9065
32.1533
51.1165
27.7072
32.3374
16.0372
61.9527
31.4628
33.2405
33.0171
48.0441
22.6226
59.8554
32.7661
35.0554
54.9959
39.6855
50.1275
46.2585
41.3648
29.0599
56.4553
16.8115
53.1266
16.0177
26.0541
17.8641
30.9982
59.1387
12.3848
36.488
29.2536
62.9138
39.5828
32.0751
22.432
35.7568
14.8467
21.4046
51.3786
43.4853
32.0581
26.9478
57.8766
48.629
22.771
21.1833
25.2127
61.907
19.5966
41.807
37.1533
29.3659
60.9505
52.7293
42.6826
49.076
40.4233
14.4501
39.0634
26.4459
31.7326
37.4153
27.206
34.0018
47.7263
47.2633
31.0589
37.4314
29.7983
12.4341
25.6598
58.3904
55.0906
38.5575
24.5449
52.3761
61.0231
42.7633
62.0546
56.5232
42.9051
30.2419
37.3183
29.2356
50.4875
59.4395
17.7182
26.2225
27.3083
28.9251
23.329
25.1468
24.9688
56.2315
51.4649
47.9684
57.4185
30.5841
17.0235
18.1016
53.0839
44.8448
45.2355
51.756
23.3755
31.8516
59.0665
27.2324
32.2055
51.5465
60.5893
47.7486
62.8861
24.7556
27.2406
36.8485
66.7787
27.2484
24.6185
50.3218
35.2123
50.9257
37.3248
52.8006
42.7092
35.9754
47.7634
29.5112
50.2725
51.1453
32.669
42.6866
51.4227
24.136
43.6114
25.3002
30.0671
57.6421
32.0416
20.1938
22.283
56.9749
39.9087
51.486
21.6753
22.383
21.6032
27.7168
60.9368
59.3816
54.586
37.8564
39.5992
29.2141
50.7297
40.9072
15.6593
54.4236
56.6903
56.0738
64.4407
51.3445
29.6653
52.9158
28.3905
21.6574
39.5142
18.4665
60.7233
60.4827
43.1852
18.484
30.0029
59.7062
29.536
59.1396
47.7836
55.1848
51.0514
16.5268
59.6148
46.63
39.8873
41.4607
33.3435
32.8657
14.6686
28.6046
38.3991
28.9712
19.6081
40.8452
42.3335
54.3508
46.0128
18.2597
35.2205
47.2722
19.1705
37.7499
28.2827
50.5399
42.6459
44.6698
28.7969
58.0341
57.1576
52.421
50.793
35.6789
57.1226
60.06
29.2812
49.9572
46.8556
15.4658
51.7486
30.873
17.1833
35.5591
53.3267
28.3488
23.9197
51.6731
63.5187
43.4182
39.951
48.2368
52.59
53.0744
42.8013
16.2618
57.9428
60.8414
46.4501
15.173
45.696
14.8132
21.151
54.0431
60.9743
56.2492
21.3209
49.5332
24.409
57.4926
58.4339
50.3431
15.1852
61.4623
28.5473
48.7337
16.4789
15.7324
62.7681
53.5332
63.984
64.0119
55.6892
44.3359
22.8563
67.6913
31.4232
53.1489
47.7407
43.3512
40.0366
60.4451
61.5079
20.3614
44.1831
57.6708
17.3142
21.8844
48.7285
27.8529
37.0809
71.7385
24.0681
42.7199
42.8506
20.8693
32.8698
52.9128
18.9587
45.2121
18.8318
30.699
54.8182
63.9743
16.4008
23.4295
30.8937
43.6989
53.0429
16.7386
18.4332
16.9972
60.2848
43.7702
15.4758
29.0668
58.1644
36.7394
38.4866
63.6985
22.862
44.158
25.7224
44.9075
20.4985
31.8805
15.9104
28.7625
17.8106
64.1862
40.7345
24.1689
64.4571
65.2213
50.0507
53.8115
40.9701
61.4351
28.6551
46.2327
38.1286
45.5252
----------------
update (avg): 39.1068
----------------
----- init -----
22.739
----------------
init (avg): 22.739
----------------
----- commit -----
2420.33
----------------
commit (avg): 2420.33
----------------
# Transaction throughput (KTPS)
LakeVillaMulti	/LakeVilla/src/YCSB-C/workloads/workloada.spec	1	0.0387165
