parsing config file ./lvconfig0.conf
parsing done
# Loading records:	0
<<<< begin once 
<<<<< redos: 0 >>>>>
<<<< commit once 
----- read -----
4.12818
4.39878
3.86049
4.33736
4.87504
4.05817
4.26981
5.00989
4.60562
4.51742
4.2739
4.51494
4.47929
12.0534
4.6551
3.38551
4.40088
4.25507
3.68953
3.57474
3.96387
4.07404
3.54657
4.47601
4.60376
4.35693
4.19708
4.57182
5.58555
3.19263
4.4743
4.42464
3.18799
4.37201
4.80727
5.06929
5.72297
4.37129
3.92112
4.50937
3.99438
4.61592
5.3241
4.85164
4.10845
3.76737
3.35341
3.6527
3.53402
4.45059
3.86991
4.75641
4.48216
3.57867
4.34487
4.31367
4.82549
9.15242
6.58339
3.4047
5.49115
5.38269
4.0651
4.24966
3.86805
3.75515
4.21928
3.02442
4.17275
3.25278
4.49397
4.5031
4.89271
4.39733
7.61456
3.97574
3.57234
3.48353
4.53524
3.85175
3.68253
6.55037
4.11992
4.4522
3.95737
4.45802
5.33928
3.63472
4.5136
3.06631
6.05265
3.96978
4.40343
4.11821
4.37299
3.95487
4.05147
5.29085
3.47048
4.25505
4.44768
4.04244
6.6212
3.89005
4.41564
3.48595
4.22384
3.28309
4.04028
4.0305
4.53944
4.42557
3.88837
4.79918
3.9904
5.0062
4.11118
5.15124
4.62016
4.17079
4.63845
3.97975
3.59076
4.2382
4.57961
3.92872
3.82457
4.50769
9.18405
5.5964
4.42858
5.29013
3.99762
4.98081
4.15807
4.64583
3.93399
4.07639
5.57696
5.276
3.91054
3.79141
4.98393
3.16017
4.21653
4.67739
3.78903
5.13967
3.34316
3.50438
4.91204
3.73991
4.12257
4.31996
4.55175
4.47645
5.98164
3.45638
3.77802
4.74764
5.24273
4.43667
5.01892
4.5666
4.14434
4.76299
4.03196
4.15631
4.15629
4.56893
4.68601
4.83368
4.50521
4.68333
4.45008
5.57902
4.2166
3.86005
4.77831
4.09128
4.27865
3.44206
3.78424
4.26749
3.53782
3.8292
4.40313
4.41458
4.72295
4.58028
5.71173
4.283
4.04805
4.09701
3.95077
5.22961
5.14809
3.95844
3.81771
3.74973
4.33427
4.0653
4.44523
3.87845
7.2236
7.59404
4.08626
4.40603
4.42859
5.41256
4.35893
5.62101
5.17598
4.75989
3.40128
3.59355
5.76089
7.24984
3.88223
3.77141
5.37322
4.84571
4.23486
4.62087
3.90518
4.865
3.96966
5.20904
4.89479
4.18172
4.08852
3.83295
4.26978
3.83337
4.98968
3.78825
3.95786
3.45046
4.24035
3.46283
3.51052
3.78579
4.07811
5.25615
4.15611
5.31659
5.00689
3.61304
5.63062
4.99413
4.70711
4.22144
5.09426
4.05128
4.26555
3.17409
4.04537
4.52501
5.04123
3.89028
3.66461
4.47648
4.4812
4.15447
4.32461
3.87897
5.38156
5.11883
4.03118
4.67239
7.00182
6.94597
7.05074
6.02713
8.17165
5.4651
9.47585
5.58845
6.04947
6.73981
6.84003
6.30752
5.73538
6.85097
4.56636
5.40133
5.34335
4.02445
4.62579
4.72167
3.75738
16.4712
4.2341
8.2401
4.04705
4.29744
4.77094
4.00615
4.15345
4.56244
4.34718
4.9725
4.75399
3.77186
5.02864
3.95843
3.75721
4.30753
4.28884
4.22546
5.34881
3.24806
5.37193
5.40095
5.11888
6.13561
4.09695
4.43129
4.77888
4.40182
4.36113
4.83445
3.69176
4.33371
5.51745
4.04597
2.99679
4.51591
5.00039
3.5908
5.2929
4.39651
4.94839
12.491
4.36573
4.52437
4.37419
5.15989
4.94939
3.53185
3.81379
3.54447
4.64297
5.28453
4.16301
6.16524
3.83365
5.68601
5.58488
4.33921
5.9104
3.97718
4.476
3.95906
3.6822
3.59592
3.69114
3.80463
4.9624
5.79265
4.5315
5.40802
6.16725
4.00364
3.81139
4.04229
4.33222
6.05323
4.54387
5.6723
4.1278
5.00691
4.79138
3.77144
4.9427
4.36958
4.06435
3.97094
4.44217
4.99058
4.68273
4.67646
4.84151
4.41522
5.11917
4.7036
3.95284
3.95806
4.48921
4.47022
4.78926
3.85205
4.04725
3.25232
7.90291
3.23452
4.20475
4.07024
4.46175
4.11916
4.34783
4.52787
4.76062
3.89105
4.66647
4.5609
5.6206
4.68631
4.36872
3.71037
4.33548
4.88945
4.2619
4.98306
4.90137
5.1569
4.23732
3.85416
5.73681
3.56434
5.2334
4.43576
4.84455
3.13759
7.89458
4.63861
4.80534
4.8991
5.16374
5.48633
4.42931
3.70559
4.88635
4.58506
5.38619
3.95131
4.25826
3.87935
4.59651
5.69202
4.52835
4.94211
4.57479
4.63983
3.78679
4.55246
3.16349
4.97701
4.53319
5.20444
5.02061
5.17282
4.25558
3.85326
4.01565
4.95254
6.10107
3.685
5.82625
4.40159
4.08561
5.09095
4.44922
4.64064
6.93892
19.8892
8.22099
8.14379
6.1791
5.38753
6.68283
4.48624
5.95576
5.82742
5.88092
5.10352
4.95416
5.53361
4.15974
5.62963
5.02668
5.36895
4.11901
4.59052
4.83836
4.73783
4.46885
4.95802
4.26466
4.33231
4.10263
5.02832
5.81454
3.56309
5.32473
4.66297
5.78108
4.59577
4.68986
4.32695
5.0531
5.328
4.09788
4.81419
5.60486
4.54452
5.03991
5.18758
4.98265
5.11089
6.55909
6.41382
6.18461
6.22581
4.42692
5.34084
7.58567
6.96891
6.13635
5.19366
----------------
read (avg): 4.73006
----------------
----- update -----
18.4045
57.8115
23.2911
30.2706
62.1235
26.2331
50.14
17.8095
42.9121
31.8662
51.0838
63.9263
22.6322
13.7023
44.2832
56.2334
40.0654
13.2657
48.9633
41.9581
14.575
54.5182
36.6766
41.8771
32.5937
51.4241
57.1405
29.2227
55.9826
29.3049
31.3197
52.6711
50.9853
46.4964
27.171
31.9004
28.2966
33.5146
50.0179
52.9999
35.0004
42.3945
41.0381
24.6702
32.9812
114.566
56.6899
13.9333
17.2978
47.1357
58.5574
39.9079
25.6627
52.7015
22.5863
40.8462
58.858
37.1143
47.4873
60.1458
52.1702
30.2448
43.0976
25.017
50.3309
45.4407
36.3422
34.7739
33.9259
24.4566
61.939
45.3437
31.8049
18.4332
24.1179
35.7406
22.6455
43.8747
44.5401
41.0607
55.1478
42.5351
17.8122
17.5872
25.9375
30.1805
46.5725
63.1926
45.3364
63.5895
33.7711
25.0433
29.7362
20.6557
29.0337
62.2628
49.4193
43.591
29.0097
51.7424
43.0821
29.8073
60.0131
19.9338
20.7535
58.3297
35.9466
44.4266
61.2809
53.1419
55.8731
47.1966
25.9878
47.5709
47.4584
28.2929
83.125
41.04
34.5003
17.525
19.6541
51.3044
48.6961
15.5495
40.2567
32.9312
14.913
49.8884
49.677
38.1848
34.3463
27.23
44.5511
47.2561
21.1867
40.446
33.5436
21.676
35.3132
42.7641
29.4583
45.556
26.2075
23.0913
55.6608
57.0835
24.1124
16.58
35.0491
34.4521
32.4898
41.5363
15.6583
23.8776
56.0345
37.5474
28.5243
47.482
28.3954
17.0586
43.6005
33.7744
40.9804
15.2725
29.786
53.4131
57.0628
14.9489
23.3487
47.7974
51.3587
27.1785
46.7572
60.4711
33.5917
46.957
18.3182
30.5723
55.1961
19.2576
19.2727
31.2135
32.6087
34.1922
52.0181
46.6577
42.1959
49.4692
56.2899
30.8472
39.4491
15.4601
14.0469
37.2033
50.6889
24.4988
62.0794
53.1991
25.9922
56.6734
56.3802
20.0478
28.6254
17.4988
13.3024
52.8165
57.7406
28.5478
42.7059
35.9041
41.6243
29.3961
39.9315
58.6688
42.0762
62.9133
25.2813
49.4736
24.8035
55.0808
51.2241
50.4127
34.4102
46.6787
29.2751
34.5057
20.3406
27.5776
16.6362
43.242
36.0505
15.2268
12.4772
20.7034
56.5736
22.4655
14.1067
42.9038
34.1365
18.5496
62.5812
57.4278
14.9674
23.6899
54.957
43.7394
52.7066
35.525
61.7588
44.9922
25.4749
40.693
52.277
43.5309
36.065
44.0397
39.0824
22.0083
45.331
23.5249
60.9476
49.9384
42.5296
39.1436
34.9258
57.3685
20.6794
51.805
23.2823
22.4388
42.5982
54.7343
16.079
61.3209
34.2091
37.8418
54.5501
20.7091
15.7381
54.4514
19.091
44.4862
33.563
46.0408
35.4296
57.9901
18.8042
61.9415
26.0728
17.3383
43.952
37.7058
29.4535
19.5395
37.2745
51.5016
30.0657
35.1756
47.2726
32.9161
44.1395
19.8156
49.6915
54.386
36.865
24.3349
20.2553
39.609
35.0908
23.8911
15.3632
25.9243
52.4002
61.1577
42.0922
26.5454
13.1195
47.8672
55.1002
58.1211
14.5596
16.2785
16.4628
38.3162
25.1274
35.9233
42.6388
35.2479
33.1327
38.6165
39.2162
33.867
46.6297
29.7954
57.7093
39.5609
28.8146
44.2647
49.3014
20.0031
51.1956
37.1908
43.7594
47.9884
36.3689
23.3661
18.3029
51.2878
48.6954
59.9807
57.1206
18.7074
35.4151
36.5522
56.575
30.2567
29.7787
29.6158
41.4525
33.1858
62.1411
60.3703
44.0874
52.2407
28.9305
55.8492
36.7597
48.7341
32.6577
54.501
40.1516
33.9671
43.1688
41.1938
32.2756
22.0532
21.7691
42.0651
54.1788
16.5411
23.281
16.6324
47.6456
26.4979
16.3608
55.9568
23.2964
41.6388
57.5327
22.3062
40.2473
25.3173
26.0286
15.3153
26.3517
48.9585
16.056
42.388
31.978
45.6233
35.3188
50.7542
16.3449
15.245
37.5732
42.8444
49.1536
32.3858
45.1651
64.1553
73.1819
24.8402
64.3374
56.4516
50.4145
24.2061
48.0625
33.9
44.8883
35.8099
56.2363
37.9672
25.117
16.7198
60.0839
28.2485
75.587
51.3618
57.431
22.6553
22.0978
58.8132
15.3672
63.3656
29.3426
40.5076
24.1916
46.9102
35.0123
51.779
50.5064
19.3605
42.1504
27.2744
26.5358
17.5676
58.6622
47.7041
35.3235
15.7204
35.915
63.1371
46.4001
39.9575
58.1148
56.8225
40.1356
30.307
64.9218
43.8001
55.5474
36.1412
61.3522
43.9956
49.6954
49.5432
18.0537
32.2537
61.4653
65.4833
56.0902
52.4537
38.5293
38.9048
28.7459
37.6824
50.8482
65.4495
30.5461
59.2805
----------------
update (avg): 38.7287
----------------
----- init -----
25.2267
----------------
init (avg): 25.2267
----------------
----- commit -----
2446.37
----------------
commit (avg): 2446.37
----------------
# Transaction throughput (KTPS)
LakeVillaMulti	/LakeVilla/src/YCSB-C/workloads/workloada.spec	1	0.0380105
