parsing config file ./lvconfig25.conf
parsing done
# Loading records:	0
<<<< begin once 
<<<<< redos: 0 >>>>>
<<<< commit once 
----- read -----
4.11134
2.50073
2.08456
2.41058
2.30151
2.39132
2.06194
2.06934
2.1693
2.52575
2.6951
2.48555
2.11243
3.28595
2.57215
2.39768
2.87198
2.40013
2.66048
3.17495
2.37357
2.84992
2.46897
2.90663
2.41493
2.90659
3.17386
2.89865
2.43441
2.48339
3.27548
3.67174
3.59227
4.0296
2.61785
2.78518
2.993
3.45588
2.95259
3.33237
2.52924
2.32063
4.22207
3.65168
4.16775
4.47977
5.31348
3.64486
6.68856
5.72141
4.15991
4.75544
4.8268
4.34784
4.38942
4.2726
4.89745
4.87792
4.59016
4.25669
4.02789
3.38899
4.20607
4.44511
4.16814
4.10096
3.54637
3.43085
4.46934
3.59339
3.43202
3.90353
4.24081
3.36237
3.54931
4.66649
4.30984
3.17518
4.82111
3.89748
4.85377
4.43504
7.0177
4.10033
4.21734
5.42549
5.261
4.43502
3.46089
4.22201
3.36069
3.86395
4.42359
4.3697
5.20486
4.3219
3.62132
3.69293
4.09666
3.57384
4.46024
3.67212
3.7836
3.71247
5.39895
3.56428
3.9974
4.18667
3.75296
3.87347
4.22049
4.85901
3.96622
3.43594
3.39816
4.1183
4.01954
3.54808
3.39014
3.87199
4.1059
3.56151
3.03703
3.82144
4.72646
4.30815
3.61485
3.92205
3.92925
4.35525
3.35133
3.53042
4.40829
4.77187
4.69635
3.82204
4.07012
3.2554
4.03785
4.82906
3.58056
3.62655
5.21203
3.61267
4.92252
5.05258
5.00579
3.98363
3.60738
5.12066
4.57508
4.73718
6.18989
5.23508
8.32491
4.92299
13.5312
5.52254
5.14759
6.97605
5.23678
4.97257
4.75536
5.44342
4.74607
3.22812
3.39166
3.86754
4.39207
3.34789
4.43293
3.98647
5.18602
5.68741
3.56328
5.30012
3.39226
3.64534
3.48366
3.31093
4.47362
5.32368
4.31838
4.34377
4.73183
4.14152
3.52065
3.75943
4.35225
4.21468
4.81451
5.15176
6.85736
3.98768
3.5857
4.92343
4.18224
5.62109
5.22625
4.38487
3.80054
3.9032
4.1428
3.98026
3.24108
4.88882
5.1018
4.45858
4.77893
4.20724
4.3389
4.32183
4.4127
4.25153
4.77515
4.02469
4.04059
4.53021
4.69691
4.7086
4.45303
3.64293
4.33879
2.98637
4.26236
3.8611
3.60515
3.75843
4.5593
4.21478
4.04908
4.17011
4.18389
4.47741
3.39723
3.46465
5.05515
4.61243
4.91572
3.30371
5.43139
5.29214
5.2908
4.53476
3.8271
4.41881
3.66485
7.88484
4.41794
4.07424
3.61277
3.85232
5.15562
4.73973
5.99153
5.3943
3.63233
4.18719
3.39397
4.81643
4.06118
4.48525
3.60071
4.8156
3.122
3.88469
4.17233
4.3303
4.79263
3.45673
4.88445
5.11278
5.05608
4.36
4.36534
3.96141
4.74181
4.64478
4.54983
4.80945
3.84744
4.35396
6.04175
6.15374
4.48755
4.98319
4.09989
3.44348
4.36756
4.41372
4.70581
4.09396
4.47773
5.06891
4.31311
3.36076
4.4893
5.32313
3.62517
4.76265
4.00864
4.42189
3.26609
4.51015
4.53824
3.92209
4.81804
3.40044
5.61533
4.4581
5.19178
4.92134
3.2875
4.33854
4.08927
4.20513
4.38701
3.99756
3.39444
4.79872
3.93508
3.68479
5.36723
5.69721
10.8539
4.07487
4.98912
3.74932
4.23139
5.27482
4.06294
4.59537
4.00381
5.05725
4.65293
4.74048
4.19279
8.3349
6.70219
6.58882
5.0393
6.90552
6.1718
5.5351
5.27703
4.45518
5.57768
7.39818
9.49067
5.87848
7.11264
6.42141
5.3282
5.13023
4.19691
6.08545
5.64928
4.60975
11.0926
5.25464
3.73834
4.33504
3.9316
3.06752
3.2175
3.64766
4.28246
5.25224
2.91555
4.7551
4.47518
4.15313
5.26532
4.58194
5.24508
3.97237
4.04491
3.98208
3.86687
4.07712
3.62109
3.54806
4.6365
3.49435
4.56679
4.54792
3.9554
3.90692
5.68119
4.63872
4.87242
4.62603
4.69868
4.69312
4.13819
5.34092
3.5907
3.77095
3.7782
4.53938
4.84524
5.89303
4.92736
4.41149
5.03424
5.20418
4.95685
4.39227
5.31189
4.46194
4.40641
4.46515
6.47513
5.54412
6.55164
7.47621
4.26583
3.66192
4.27421
4.14668
4.24956
4.0815
5.26691
4.42701
4.75131
5.39417
3.9516
3.53508
9.09066
4.45534
3.90657
5.01191
5.21339
6.26442
4.69236
5.18556
4.74198
3.90719
4.21274
5.40052
4.57193
7.21618
3.94992
4.87767
4.98484
5.17942
3.99528
3.46828
4.47984
3.53642
4.68268
3.87952
4.95265
3.36976
3.68969
4.41415
3.79691
4.88471
3.65055
4.2223
4.14828
3.55904
4.79054
4.63794
4.25976
5.22904
4.05412
4.03097
4.98624
5.909
3.30851
4.77504
4.01067
3.78588
4.14529
4.34929
4.42691
5.2729
4.9239
4.13149
3.91118
3.59567
4.06536
4.90816
3.68908
4.06122
6.146
5.23099
5.95997
3.99052
4.58994
4.15792
4.18482
3.88254
4.97935
4.74959
4.44158
4.15937
4.24533
3.73977
3.92275
3.77929
5.32267
4.75266
3.04652
6.4929
5.90003
7.30723
9.38242
10.3579
5.93584
5.87162
7.21535
7.27396
5.52236
5.95937
5.8897
4.79749
6.4613
5.35542
----------------
read (avg): 4.45587
----------------
----- update -----
17.7012
9.97498
7.96589
50.2054
29.6659
7.43657
7.50509
42.8929
7.03068
15.0703
22.3972
19.7157
52.1683
25.4008
20.7693
42.0219
7.56215
7.85652
7.45582
32.3989
14.4059
7.68799
8.20565
7.32099
51.2325
7.25882
34.3009
47.5757
11.7994
15.8487
8.12334
27.2433
50.7426
23.9446
35.5234
46.1149
12.7294
20.8764
36.6949
9.48099
9.965
9.04781
27.8059
21.1225
10.1186
50.3295
18.2364
32.6221
57.1769
38.7853
24.3802
31.9819
51.9459
17.9524
45.5853
29.0772
45.4469
58.5743
40.4534
18.0533
43.4227
55.8415
42.4446
32.4486
19.1778
50.1155
24.8883
28.5301
44.7242
23.3861
43.718
46.7898
56.3149
57.7934
13.5587
42.2941
47.4259
58.876
12.9339
16.7115
29.5105
61.5195
52.3972
43.4755
53.6109
51.3015
36.7319
31.5915
42.6621
35.5071
42.6227
23.8627
39.6405
26.7853
112.294
35.0593
16.9764
56.6903
14.8395
28.4419
49.3558
33.861
31.4684
36.1867
30.4483
52.344
52.1255
21.9888
20.8102
17.8992
57.432
23.823
65.576
39.4408
35.8966
57.1853
14.7813
50.2887
19.4045
41.272
61.386
15.7789
44.1521
53.2964
54.4264
24.821
24.473
22.6631
62.171
14.784
34.3267
50.4262
46.6358
46.5104
21.3503
32.3502
20.2474
32.5857
19.2143
56.8609
33.6654
40.9245
50.4322
27.4128
24.2678
58.4052
18.3705
43.5441
31.0472
53.7871
13.0044
18.7109
37.5765
16.4589
46.1407
61.1086
14.4667
54.4583
23.3193
61.9692
21.6432
60.7948
52.6658
25.2539
62.296
48.8905
19.5945
13.2268
16.4012
19.5033
27.5596
48.4285
41.7529
29.7287
26.3723
54.5286
51.4159
47.314
44.4447
40.8993
26.6724
16.9272
46.7287
38.0807
33.4515
44.0157
42.0733
59.9292
57.0955
24.8538
32.4456
24.3227
45.5548
57.3557
34.3041
13.9317
23.2545
22.594
46.2365
12.9817
21.0571
15.6993
25.7103
51.3448
32.4707
61.3071
64.9046
17.4345
32.8916
40.7852
39.4144
29.8442
35.1406
36.7454
16.3115
33.3269
29.8921
43.811
42.1393
55.4452
60.3168
59.5331
52.6309
27.6969
34.3891
19.9066
14.3019
29.3712
34.8423
37.9941
23.3826
46.6291
50.4038
60.1986
40.1662
46.258
58.6021
27.5947
46.3228
60.4428
30.6199
25.5062
43.4161
32.9681
34.5375
41.0668
50.3959
59.9639
22.0749
18.3922
40.1617
55.9205
48.0114
18.673
31.8766
17.7008
12.9939
15.3679
34.4904
15.5697
45.2792
15.4531
50.0688
29.7477
64.1516
17.2209
42.2616
37.1079
50.7168
28.2202
17.6182
18.197
54.7452
28.8201
29.6238
44.3408
37.2627
29.9903
24.1057
45.7094
45.1772
16.9164
54.115
27.6626
30.3103
31.1911
37.7658
26.3535
61.1777
21.8902
23.3614
31.2054
29.2496
59.6667
36.2166
33.5682
30.8384
23.1528
60.7171
54.8805
56.9941
44.6258
30.4948
39.3104
28.8058
29.6081
68.282
65.2998
24.6676
27.45
64.3111
36.5373
16.1048
15.6047
59.0851
55.8926
31.8539
61.2825
50.929
31.1924
56.6528
34.5167
16.2629
55.6087
30.4105
29.1076
40.5467
34.367
42.1173
15.6025
25.5276
29.7068
59.5384
38.762
31.5215
58.0443
46.2445
28.7692
47.6648
27.911
15.4965
51.7226
26.18
21.5356
36.8521
31.5206
29.7075
51.5937
14.6046
43.3894
16.3274
33.0739
53.6599
48.7841
33.6951
13.0433
30.2825
26.002
16.7136
25.4791
31.5842
54.381
38.1793
28.2086
41.1705
30.8696
55.9824
31.7868
49.7893
53.4419
31.5801
28.5097
23.2054
25.0731
16.8756
31.5097
37.2306
41.3606
25.5154
63.407
23.0302
40.3428
23.5336
53.0199
50.6738
57.8732
55.5487
33.738
44.9723
59.6686
38.9108
61.3382
21.5795
45.865
34.7577
59.9082
41.6507
54.1569
27.7287
10.5002
39.5543
63.0465
18.1175
19.8065
51.2054
56.4853
33.7375
42.1726
18.3844
42.7713
22.261
25.8973
58.0546
57.4868
38.6526
36.692
38.178
30.958
25.0825
61.5703
32.4271
20.635
21.9715
15.9244
47.6834
26.6926
46.9195
22.2773
61.3347
41.8274
14.7305
21.4261
51.1983
29.0278
53.8168
44.0422
60.7621
27.8509
51.2134
45.6717
19.2507
27.1936
62.108
23.1519
18.9517
40.325
54.6466
26.5985
42.3937
24.0322
58.6971
42.1472
56.9189
23.4885
25.1141
51.7291
49.9893
40.0104
22.801
59.5339
44.1816
42.2231
36.0834
24.6199
42.6813
71.5454
57.4544
54.5138
67.2967
32.5707
21.8756
65.9007
60.3404
38.0748
40.0241
21.5419
37.9028
53.9187
48.7624
56.5181
----------------
update (avg): 36.3811
----------------
----- init -----
41.2121
----------------
init (avg): 41.2121
----------------
----- commit -----
2349.1
----------------
commit (avg): 2349.1
----------------
# Transaction throughput (KTPS)
LakeVillaMulti	/LakeVilla/src/YCSB-C/workloads/workloada.spec	1	0.0422902
