parsing config file ./lvconfig2.conf
parsing done
# Loading records:	0
<<<< begin once 
<<<<< redos: 0 >>>>>
<<<< commit once 
----- read -----
4.29257
2.35223
2.64856
3.15804
2.83465
2.37641
2.47672
2.32912
2.48081
2.69877
2.47212
2.26042
2.23183
2.05131
2.28567
2.56045
3.06052
2.58205
2.3738
2.75408
2.33679
2.73833
3.36771
2.74093
2.44758
3.86456
2.79365
3.37465
2.42093
3.29142
2.55168
2.92574
3.02712
3.09009
3.81748
15.0335
3.03962
3.10542
2.75823
2.35513
3.51396
2.57401
3.64995
4.09268
3.58367
4.02388
3.73357
4.70467
3.89394
4.35679
4.64887
4.72782
3.67707
4.90866
7.61973
3.90679
3.62684
3.56333
3.511
4.35363
3.71295
3.98382
3.80877
6.70286
4.56021
4.73371
3.59014
5.35254
4.0228
5.02678
2.96495
3.84712
4.18807
3.17017
3.90591
3.19229
3.75284
4.44959
4.24312
4.22821
4.47534
4.09588
3.78854
4.42971
5.0636
4.50238
4.52982
4.09031
4.41252
3.85534
5.3472
4.94567
3.57863
4.23109
4.23734
3.27431
4.42771
3.8413
3.38954
3.19591
3.93444
3.42166
4.30273
4.95577
5.29319
3.70977
3.66513
3.88638
3.89028
4.24681
3.82095
4.59137
3.48581
3.70455
5.23559
4.70401
4.65397
4.10458
3.52244
4.61403
4.23855
5.16568
4.34265
4.91001
3.65482
4.41674
3.36396
3.96448
3.55864
3.4912
4.16163
4.66612
4.49059
4.4614
3.94843
4.08565
4.22482
4.22651
6.13755
5.57303
8.92815
13.8272
7.14389
5.5857
5.09231
5.21938
6.69043
5.26343
5.50874
4.0855
4.28744
5.22218
4.58052
4.40918
3.61939
4.2904
4.25789
5.05631
4.55113
3.49201
3.69821
3.65245
4.18647
4.19474
4.37361
4.71235
4.36756
4.52283
3.80143
4.37555
3.8529
4.14982
4.03909
4.02928
4.19259
4.48371
4.44142
5.19244
4.15758
4.03364
3.5139
3.24748
4.55378
4.59357
5.57204
4.65808
3.66802
4.30664
3.68824
3.90853
6.39614
5.21159
4.83064
4.3986
4.89843
3.66311
4.08341
4.64918
3.75501
4.21713
4.81571
4.48183
3.74256
4.46672
4.21841
4.16824
4.02909
4.23326
4.20693
4.59496
3.97851
4.20935
4.14828
3.3643
5.38604
4.06912
4.58843
4.82686
5.45629
4.72874
4.43267
4.20489
3.18956
3.97308
4.21625
4.19791
4.28012
5.0858
4.29034
3.85987
3.93629
3.90974
3.66095
7.69155
5.67345
4.54309
4.18476
3.21402
4.96635
4.40153
4.33897
4.99399
4.95293
4.2352
3.62881
3.33379
4.66592
4.01828
4.99892
3.70978
3.70198
3.11904
4.31354
4.30928
3.77468
4.22506
3.87263
4.25876
4.42724
4.89768
3.99892
3.67409
4.1141
4.59165
3.6753
4.93121
4.58586
4.93902
3.32167
3.80428
5.13526
4.18729
3.83252
4.19083
4.00395
3.4146
4.13155
2.59044
3.69027
3.51253
4.09284
4.02777
5.12216
4.0834
5.48482
7.22896
3.84339
4.42485
4.74678
4.74108
4.73191
4.7201
4.61908
5.66508
4.16609
3.75623
3.62764
3.6356
5.31096
4.60642
4.25334
3.76107
4.34397
4.47607
5.49477
7.80537
5.83809
6.57579
6.6459
6.05771
5.01165
4.97971
4.39215
5.41951
6.39245
7.15197
10.4575
5.50038
4.77673
5.81911
5.53371
5.31348
6.05242
5.10803
5.26063
7.71737
8.3472
7.33746
4.60379
7.53229
5.25488
5.72431
5.17001
4.64117
4.00283
3.96597
4.37035
3.30904
4.05091
4.0197
4.17062
5.60464
3.63885
4.19291
4.12928
4.28754
4.36169
7.51041
4.59431
4.44709
4.95584
5.35009
3.87465
3.90786
3.56111
4.8845
3.96837
4.04955
3.18662
3.67726
4.78041
3.7006
4.9852
3.61423
3.72245
4.84896
4.13712
3.63438
4.7573
4.04347
5.36347
4.6698
3.49689
5.55952
3.79525
4.26408
3.7151
4.95915
4.55901
4.31669
5.60422
3.95464
4.52754
4.01685
5.12918
5.49978
6.16732
5.4258
3.6434
4.96809
3.59072
4.19075
3.73532
4.9593
6.39396
4.01559
5.7297
3.28971
4.98956
4.23894
4.43786
4.53318
4.1131
5.07813
5.1581
6.09417
5.14368
4.82228
6.16459
4.38528
4.05414
4.71711
3.41698
4.34882
4.78413
4.25721
4.43916
6.15171
3.72987
6.99717
4.43445
4.3961
4.96491
3.90347
4.23968
4.46614
3.95315
5.33233
3.57395
4.04648
3.97471
5.01765
4.81355
4.10802
4.49838
3.98959
4.74364
4.74399
5.76091
4.35862
4.74741
4.64333
5.19243
3.52756
3.85617
4.73949
4.16314
3.84051
3.60025
3.55641
4.61947
3.83465
4.09912
3.83231
5.77465
4.60686
5.36536
5.02814
4.86347
4.90411
3.96724
4.40154
5.22753
4.14513
4.12727
7.86417
4.06649
4.63598
4.17532
4.85006
4.6462
4.66866
3.64502
5.29895
4.05002
4.6883
4.24405
4.68778
4.23888
10.3781
4.51999
7.21593
6.48073
8.02881
8.27677
4.40102
4.07053
6.09887
6.56357
6.23358
5.30762
6.07218
5.92
6.11629
4.55879
3.67331
4.42612
5.31231
5.62574
5.15168
5.42174
4.92115
4.8575
4.20618
3.92037
6.48052
3.65301
4.69582
4.58441
7.14969
4.09166
4.87283
4.56649
5.16109
4.24204
4.94401
3.9492
4.84959
6.04931
4.64091
----------------
read (avg): 4.49197
----------------
----- update -----
8.7327
30.7483
7.283
36.9168
29.1958
49.9921
8.17381
7.1384
13.9795
8.74649
7.80915
56.0682
8.49329
31.311
8.2552
14.9165
7.62252
55.1091
26.786
8.47273
7.46662
41.5616
8.19336
7.64071
35.8488
8.00149
9.18859
46.7392
30.9823
53.8487
44.02
21.5916
52.7842
11.9384
17.934
46.0976
14.8691
58.2143
47.0419
39.3687
48.5767
32.3065
23.9694
28.3641
20.9192
43.5518
22.9832
48.021
44.2706
26.8066
24.2061
18.9044
35.7846
61.8741
28.7781
57.3631
24.7452
34.0716
24.0859
26.5467
60.7108
32.4496
46.4756
41.2094
56.1177
37.8245
37.0329
60.455
42.5211
48.6828
50.6939
42.5793
33.0064
60.5417
57.5368
53.3191
53.9291
22.5027
45.7285
59.5243
45.4926
28.3933
35.6271
60.3772
23.0462
47.0226
115.488
54.3967
29.4104
35.0174
16.4086
51.7908
26.2961
52.6033
60.304
19.3975
35.1914
53.3004
48.4515
47.9594
56.6266
45.462
47.0501
48.3448
48.9238
33.2076
28.5229
50.6963
35.0171
28.9687
29.4725
41.7927
31.0412
57.1164
27.8537
41.8818
31.5469
59.4389
44.3118
51.0286
61.9804
28.1304
55.2466
37.927
28.858
19.6385
50.8592
65.7881
40.5431
48.1574
22.9613
30.6322
40.1251
32.0121
52.9312
54.2769
23.1702
12.8874
35.4184
19.5182
34.9305
34.1911
45.5357
47.4732
41.4323
48.3628
19.1259
30.8654
40.9324
48.1757
31.475
22.2145
60.4005
17.6607
14.6595
31.3653
23.497
33.2538
41.8983
70.5473
43.8281
48.5387
28.9818
55.9246
51.498
37.7207
50.0977
16.4724
65.1123
24.7204
29.5109
41.162
51.1273
46.5021
35.9114
24.6363
49.1573
50.0134
14.3575
31.3529
15.7075
50.2024
25.3595
17.6971
47.0236
31.9831
27.4214
58.7305
19.2961
56.7743
17.2506
18.1221
54.6244
59.9304
40.1349
34.136
56.1455
39.7045
19.6706
27.8673
33.6621
43.0017
43.3838
36.884
34.204
14.2539
59.4553
55.1167
31.5317
33.8797
30.3028
50.2382
36.3049
36.14
40.7657
57.6145
61.976
59.8218
39.788
32.8653
34.277
60.3843
32.5278
55.7306
40.8408
32.7471
20.2481
44.2217
62.6485
34.8349
45.6879
17.6125
58.6595
18.7741
18.7079
52.8467
18.0381
51.64
46.9115
23.445
29.916
29.3395
24.1206
41.35
49.1996
39.1941
39.9893
55.1348
26.1216
38.1126
29.7454
52.1923
56.7701
19.6754
17.839
59.1561
56.4015
26.487
50.7083
13.7309
41.4625
62.1815
47.4828
19.0989
35.7579
47.2838
32.295
39.6264
46.9372
58.1392
40.4055
65.5796
30.8951
50.9249
41.5132
50.4662
17.1595
61.1868
43.6613
48.9674
29.7606
23.3462
21.5041
54.6501
28.8395
59.6364
64.7748
23.8128
23.4914
60.8825
19.815
33.8693
44.8871
31.2579
61.4931
43.8673
51.901
46.4624
18.5552
19.4512
14.4699
40.65
20.7205
30.8868
35.0236
38.3842
16.1147
54.8145
18.5081
39.384
15.716
51.0918
44.4421
31.0433
34.4677
60.7521
21.5826
44.8028
37.6095
30.3302
63.2462
28.8866
38.0255
24.926
50.0832
35.4399
53.2933
54.4331
50.4762
16.0048
34.8964
60.8717
42.0816
23.0242
56.9459
61.4145
55.1596
51.8316
42.0091
31.4784
21.8635
57.3483
44.5126
42.2366
57.2806
54.3631
12.9694
46.7215
33.1519
31.9679
18.4186
63.9116
49.1233
55.7954
31.5503
56.349
38.8997
51.7807
56.1834
18.8774
51.5492
42.5015
47.608
29.362
54.9667
36.2136
42.4842
46.5046
12.7443
18.0717
45.6628
47.9607
44.4156
61.209
35.5142
15.1017
23.0751
27.5578
53.2682
60.4526
59.8238
50.3982
56.0007
41.7045
26.0288
59.9149
62.06
39.8808
48.217
34.1232
60.7118
42.7103
29.371
36.2148
57.875
61.2171
54.2055
42.1486
56.7568
59.8622
56.5007
49.9201
42.3924
17.6458
51.9071
36.1748
29.7669
65.1913
34.5202
51.3417
53.398
36.5288
15.5744
42.0579
39.5202
59.8999
61.0095
58.5068
40.076
17.9412
36.7459
28.892
16.983
19.958
46.6388
58.2745
70.237
66.2657
47.7328
74.4169
68.7173
52.4385
53.3861
62.6614
19.9069
47.6034
42.1997
43.8858
54.7813
44.0015
29.3512
36.5442
33.0765
27.7046
24.1838
27.1863
53.4407
33.1868
46.3459
42.4904
61.6342
43.6806
42.3865
54.4086
56.6715
29.9024
31.3799
58.0336
21.6681
29.5967
52.8787
36.5785
52.1109
50.741
52.9507
52.8429
52.7082
33.2544
34.7405
41.8129
38.1446
41.2009
40.9775
37.4346
40.6506
42.3857
41.9722
46.8995
28.6648
28.3132
----------------
update (avg): 39.5959
----------------
----- init -----
94.2973
----------------
init (avg): 94.2973
----------------
----- commit -----
2431.66
----------------
commit (avg): 2431.66
----------------
# Transaction throughput (KTPS)
LakeVillaMulti	/LakeVilla/src/YCSB-C/workloads/workloada.spec	1	0.0395329
