parsing config file ./lvconfig24.conf
parsing done
# Loading records:	0
<<<< begin once 
<<<<< redos: 0 >>>>>
<<<< commit once 
----- read -----
4.77725
3.98158
3.40965
4.21568
5.51216
4.14488
4.925
4.20775
4.40719
5.13628
5.08739
4.90092
4.94857
4.9928
6.75109
4.17752
3.64837
4.30977
3.66631
3.921
3.40576
4.64706
3.13347
4.26234
2.62342
4.1923
3.65823
3.43396
3.45628
4.94377
5.00936
3.84859
4.1864
3.92887
4.96295
3.94817
3.35275
4.99677
3.52726
4.73715
3.76794
4.84905
4.36956
4.56823
3.05382
4.09905
4.18439
3.71661
3.80053
3.63595
5.53599
4.98881
4.31439
3.82338
3.77969
4.72848
4.28221
3.98953
4.81114
4.10933
4.93018
4.25235
5.77608
4.77212
3.86104
4.99007
3.61171
4.13915
4.41973
4.0582
3.69198
3.86003
4.40158
3.73868
4.04955
5.01549
4.18162
4.31398
3.71985
3.83293
4.01617
4.56209
4.99283
7.60107
4.14118
4.01442
4.22577
4.20775
3.32628
4.01863
4.82497
4.11297
6.99334
5.55959
5.81839
3.94033
4.25619
4.66787
3.76303
4.12177
4.33657
5.22727
4.58021
4.41877
3.70501
3.91702
4.06014
3.65811
4.2252
4.26757
4.45447
3.91361
4.03124
3.76382
3.89439
5.60929
4.96277
3.98199
5.20579
4.24473
4.05332
3.95422
5.03102
3.93999
5.15167
5.37792
4.25039
3.80602
4.27307
3.43044
9.45842
5.22513
4.10319
3.62849
4.87109
5.86918
4.16694
4.5212
5.72016
4.00488
5.24332
4.51091
4.56947
4.27438
4.75527
5.13008
4.85231
5.06352
4.57847
4.06203
3.68839
4.12046
6.3845
3.64451
3.22594
4.32033
4.31266
3.91649
3.63378
4.2348
4.40676
4.36364
5.12351
3.28689
4.63843
3.81374
4.65826
3.60996
4.23527
3.17593
4.71256
4.41769
3.91159
3.84152
4.32743
3.57832
4.69401
3.62944
4.11846
4.08662
5.05818
3.61582
5.07634
4.12582
4.17382
6.19721
3.4374
4.34829
4.65524
3.48217
3.68783
4.85473
3.94388
3.81941
3.87383
3.05905
4.69169
3.7445
5.24984
3.82954
4.37768
3.67848
4.3653
4.12962
4.03759
4.55662
4.38421
3.80538
3.87756
4.14858
4.12504
4.97939
4.28552
4.21861
3.56973
5.43701
3.57086
4.65779
4.64916
4.09709
4.54063
4.08057
4.16797
3.82483
3.74481
4.24905
3.74813
3.84292
4.38106
4.78479
4.72686
5.36486
4.91194
5.24363
4.4667
3.65941
3.59508
5.2084
4.01786
3.69948
3.71623
3.21788
4.27322
3.82268
4.14755
3.72704
5.5633
3.56671
4.31724
4.69602
3.37358
4.03156
3.76534
3.92644
4.36741
4.37032
5.28879
3.96687
4.02199
3.54977
4.63066
3.91287
4.52894
3.83647
5.90467
3.52826
4.02506
5.42024
5.71606
4.34324
7.19408
3.97345
4.78266
6.10158
4.40285
6.1931
5.0509
6.18214
8.01655
8.65118
7.01902
6.2383
5.92105
6.14976
5.30523
3.90357
4.80841
6.52649
7.24881
4.01987
4.95786
4.39142
4.15608
3.99799
4.40129
4.20075
4.46757
5.80744
5.41986
4.04739
4.07819
4.65104
3.59594
3.49153
4.54939
4.64117
4.39528
4.06721
4.7224
4.73481
5.22496
5.30523
4.20935
4.16236
3.52331
4.61484
5.32048
5.35774
4.66369
6.58091
6.1223
5.68054
5.4347
6.35822
4.23783
4.29487
4.24005
3.67092
3.48577
4.07138
4.71425
4.99336
5.82316
4.36797
5.25456
4.136
6.03825
4.37137
4.94456
4.99291
4.45324
4.5761
3.60387
3.8244
4.00132
4.33752
4.52826
4.37752
3.61903
4.76012
5.18585
6.09578
6.10433
4.09802
4.89491
4.39802
3.6569
4.58652
5.08952
3.87409
4.19707
5.12028
3.72808
5.56318
5.48069
6.00084
6.55251
4.63647
4.05598
5.39248
4.06696
5.00495
5.37725
4.08918
3.66899
4.30465
4.29887
5.28801
4.07832
3.76677
4.43302
3.97
3.63041
3.8936
4.9177
6.99648
3.44868
5.15298
3.46457
5.54122
3.65304
4.32067
4.95662
3.76901
5.23719
4.61475
3.46229
3.9122
4.78481
4.98909
5.49383
3.95225
3.18893
4.24134
4.88628
5.39195
5.92378
3.66126
5.29195
4.46517
4.4555
4.15869
4.74121
3.18567
5.87746
3.51309
5.3357
7.3752
4.35013
3.5069
5.34831
4.55947
4.13991
4.49001
4.69721
6.42969
4.06789
4.40711
5.18646
4.99422
4.31892
5.48551
3.84309
4.56258
4.28168
5.41013
6.01277
4.38793
3.83075
4.32346
4.87825
4.40957
4.65191
4.78953
6.85946
4.81038
4.20524
4.45472
4.47716
3.8557
3.5829
4.10589
5.26273
4.48728
4.47509
3.45138
4.0315
3.75197
7.3987
5.33906
3.76055
4.2376
8.40096
4.63706
8.38916
5.79157
6.18763
5.45983
8.03471
6.80313
5.49195
6.33006
5.67709
5.7271
4.06811
5.61282
4.27327
6.10378
6.50137
4.42954
4.88177
4.56564
3.93273
6.05392
4.48982
4.50063
4.1848
3.62435
4.25993
4.92469
4.25163
4.35728
4.55283
5.6378
3.86801
5.17664
4.96044
6.04523
4.58602
3.66489
5.36704
5.55438
5.447
5.78994
4.93492
5.37916
5.12757
4.84516
4.76051
5.67719
4.77489
4.72577
4.37421
7.53919
7.31128
5.76227
7.2
5.16099
7.14591
15.5792
----------------
read (avg): 4.63306
----------------
----- update -----
13.7561
40.6432
61.6722
22.8786
16.2965
52.1975
43.9732
52.3676
26.5162
17.8524
53.4153
37.0809
25.1224
48.8979
30.3204
20.016
36.2902
34.0277
14.7846
21.7986
22.1144
41.9777
56.6372
26.4122
18.2022
56.7067
29.0393
44.3566
48.2636
49.1786
60.1425
18.8162
53.3229
35.9472
61.4326
52.4661
13.814
61.2483
60.7393
30.3099
53.4001
40.7242
16.2359
56.5895
18.1687
25.4601
105.966
28.407
61.0986
14.8342
34.2288
61.2409
31.0207
17.0274
58.5229
44.7099
34.9439
29.2754
15.7638
31.9058
16.1824
19.4571
47.291
52.022
40.4081
58.1978
49.3725
25.7466
27.5049
49.9061
41.7926
46.8742
24.3442
62.887
49.6531
60.7779
42.2721
55.8675
33.8896
32.1906
52.2031
14.5495
29.3483
31.9641
31.8982
34.5075
60.3766
34.5911
26.0747
57.749
39.0048
42.2703
42.7609
64.6429
17.9608
32.9537
43.4652
52.0629
52.8093
36.834
50.8379
25.2372
27.3102
20.7697
32.081
45.5828
54.9467
28.4173
29.7171
60.9436
22.3119
45.6906
60.2514
39.4745
58.7754
17.0459
26.5306
43.5717
78.4187
41.5788
30.9773
55.534
23.3665
33.3193
51.3348
28.3631
29.4835
18.63
53.5532
39.1024
19.8615
13.1688
48.7399
38.7686
25.4902
15.3924
20.644
35.8893
27.6572
26.1915
16.9087
28.8251
41.5215
58.9387
22.8966
21.3458
51.0517
23.1252
29.788
18.1922
21.855
27.9179
61.2587
61.6918
27.4081
22.5108
63.1627
22.045
47.1011
42.6531
60.198
38.3725
45.2462
15.7174
17.2211
23.1139
47.6829
62.1223
38.005
49.243
53.598
48.4815
51.869
29.2972
27.966
13.4449
24.6581
14.4015
47.4932
16.0178
39.1864
30.6588
43.7566
43.3099
43.6955
18.2614
19.9995
15.2012
60.4756
12.034
17.3893
35.1341
42.3759
47.8709
25.1136
54.367
55.755
19.1948
41.8839
28.6327
48.7447
35.69
14.7181
41.6672
56.8566
42.3792
49.1762
55.0749
54.0023
23.8743
37.5397
26.202
48.5565
50.1265
12.442
17.0152
17.2012
40.5829
59.9628
31.9123
51.3612
20.0676
41.7731
54.1682
27.3006
16.6337
18.0003
40.3189
34.0106
51.3151
38.7622
25.8358
26.3936
51.4714
21.5385
30.0577
35.3167
55.2341
26.0945
35.4036
38.9316
42.4093
57.4583
55.5812
33.1919
33.3379
57.5244
54.4351
45.7767
58.9973
45.6315
32.3723
61.0927
42.8358
21.4774
31.7188
47.6381
21.9788
29.5384
56.8276
27.4854
30.2672
42.5798
32.4162
47.5931
18.7774
23.3366
52.5367
51.1191
15.4288
49.7977
29.77
19.4854
35.9924
36.4843
47.9203
16.6735
48.5086
57.817
35.3259
55.1975
45.1549
43.9007
33.5522
62.0983
51.1264
52.7566
45.1732
42.4743
51.9511
57.9994
36.7759
20.5457
36.0694
17.2627
52.7591
40.1147
65.9534
64.671
32.503
31.2788
39.8108
25.1232
13.7064
53.3516
35.1155
20.6245
57.3937
61.4591
62.0219
50.831
38.8809
30.614
58.7002
58.7917
29.5011
17.1538
64.0288
33.1456
29.3524
52.7155
50.8153
30.41
14.4586
30.0209
27.0603
56.0844
28.804
23.9386
58.8141
17.5769
22.6152
42.9034
34.9262
33.7284
31.0285
24.5638
35.1089
48.658
55.7248
30.4454
55.3765
45.8189
67.7
49.0015
32.711
11.8123
34.569
20.9325
57.0921
47.5707
18.4255
15.0974
17.1182
28.2682
15.3596
31.4712
56.473
16.7421
62.7474
24.2949
40.8232
29.48
44.4075
29.3106
40.5199
17.2148
33.4892
28.844
26.6353
27.3943
60.8531
58.8212
34.8671
51.2354
34.6682
37.6759
48.1013
36.2072
32.3204
20.2766
21.225
58.4906
41.9408
60.7757
54.9134
22.0563
17.1545
19.692
62.0476
14.9914
43.1895
58.7791
21.9402
32.5561
54.1348
28.9386
38.0372
51.1875
44.7853
45.4312
43.264
29.384
57.6596
29.0078
61.0033
64.4823
56.7578
48.609
47.5927
33.8141
53.3977
50.0215
34.3132
63.2866
51.8478
40.123
48.4241
62.405
62.9543
53.8869
55.7752
25.4342
45.8124
40.2308
60.3394
27.4716
61.2254
61.2941
43.7097
37.8067
33.7774
24.0184
17.6376
33.2198
37.2831
59.8277
37.4641
62.0513
55.7251
58.7538
33.1789
38.5957
58.0682
29.5579
22.8871
49.4802
31.4102
31.9989
54.3272
59.6458
32.2737
23.3854
44.9386
32.9123
35.8766
34.1828
30.4613
27.8009
30.6529
52.4753
51.3627
39.1245
48.7146
61.6476
22.3854
46.5802
27.7606
66.7237
69.0528
68.7737
42.9478
46.9657
52.0669
59.3543
19.8782
32.9519
23.5309
22.791
60.7888
----------------
update (avg): 39.0492
----------------
----- init -----
29.5698
----------------
init (avg): 29.5698
----------------
----- commit -----
2419.47
----------------
commit (avg): 2419.47
----------------
# Transaction throughput (KTPS)
LakeVillaMulti	/LakeVilla/src/YCSB-C/workloads/workloada.spec	1	0.0378612
