parsing config file ./lvconfig22.conf
parsing done
# Loading records:	0
<<<< begin once 
<<<<< redos: 0 >>>>>
<<<< commit once 
----- read -----
3.79148
4.97299
6.09767
3.62905
3.67105
4.26651
4.06412
3.84701
3.63425
4.99929
4.85954
3.54585
3.89123
3.8429
4.98807
4.19912
4.91112
4.32125
4.41375
3.9594
4.24697
4.38073
4.01881
4.59463
2.84061
3.79569
3.74482
4.0496
4.38269
4.09699
4.17877
4.05715
3.75264
3.80305
5.10254
3.62648
5.00459
3.64232
4.17552
4.04498
3.91386
4.40048
3.75009
5.81897
4.12141
4.15881
3.51524
4.38667
3.66837
4.07757
4.18357
3.83636
3.64942
4.72879
4.9198
3.88851
4.66627
4.12631
3.51601
4.22137
3.6645
3.97879
4.43077
8.26445
4.5508
4.84444
4.44144
4.08756
4.24141
3.60521
3.90096
3.09003
3.73781
4.42128
4.05634
4.13345
4.88447
3.81085
4.51918
4.53479
3.50957
3.98078
4.79898
3.37436
4.22218
5.31731
4.77532
4.08545
4.17716
4.37871
3.89446
4.39648
7.28231
5.51412
4.17461
4.04239
4.28664
4.24936
5.23847
4.0288
4.54528
4.75877
3.25937
4.46159
4.82402
3.91543
4.83599
3.60156
5.83675
4.31202
4.29544
3.54044
4.54056
4.49054
5.12957
4.32261
4.21387
4.50353
4.35085
6.77827
3.80186
4.05553
3.70629
4.27062
3.90989
4.35173
4.09912
3.95333
4.42651
4.73661
8.78417
5.83475
3.93756
4.10627
2.94838
3.66726
3.47734
3.94466
3.21005
4.3279
4.44448
4.62782
4.12712
5.34277
4.58213
3.67189
4.87027
3.55717
3.83319
3.76867
5.18788
3.7804
3.55262
4.2896
5.06205
4.05527
3.93934
4.80105
5.67652
4.83732
4.15653
4.91917
4.55065
4.98172
4.015
4.64371
4.19721
4.43235
3.93729
4.46831
6.13208
4.84745
5.36997
4.97884
5.14629
4.93079
3.63515
3.55256
4.62471
4.20415
4.85367
3.82255
4.82415
4.53876
3.82528
8.12185
4.16521
3.37025
4.82503
4.63554
4.45465
3.86238
5.33635
6.07722
3.8007
4.64025
3.72338
3.76403
4.58966
3.9619
3.68416
3.52251
4.2436
5.61093
4.03305
4.66404
5.05801
5.02588
3.97579
4.82455
4.3457
3.76916
3.97122
4.62238
3.25258
4.10502
4.83716
4.22739
4.43222
4.22269
4.70168
4.65044
4.44517
4.36598
3.57029
4.32695
4.31087
4.15804
3.97015
4.31849
4.61072
4.02299
5.23776
3.94898
3.85489
4.40428
4.33217
4.13058
4.89593
3.09179
5.51448
4.15533
4.96939
5.88362
5.26444
3.6956
4.85154
4.55949
3.84939
3.77985
4.53634
5.02814
5.89579
3.81025
3.87035
3.55069
3.55471
5.07637
5.3304
4.10919
3.76318
4.5118
4.06389
4.4214
4.52617
5.51649
3.7032
5.21954
4.98428
6.66267
6.56604
5.75862
5.68044
5.28129
6.02463
6.96611
4.47033
5.2955
5.68879
4.36421
5.83597
5.36001
5.17724
5.99623
5.5969
3.5304
4.75162
4.20627
5.1671
4.91307
4.54922
3.48502
4.33849
4.43365
3.44427
4.63126
4.24595
4.11692
4.26005
3.94305
3.47875
4.34228
3.97531
4.29102
5.0896
4.32743
4.74233
5.81983
4.74799
4.24082
3.49675
5.00712
3.908
3.94904
4.21792
4.92676
4.49751
4.84748
5.52976
5.5445
5.4519
4.29901
4.84423
4.83856
4.59101
4.0708
5.6556
4.83162
4.45746
4.51118
4.52591
4.40438
4.85312
3.19704
7.9346
3.96312
3.79897
5.5039
4.35834
3.96836
4.87694
4.34113
3.68504
4.10257
4.8309
4.77713
3.95603
4.55141
4.68262
3.68823
5.51397
3.71857
5.32867
5.22581
4.35782
4.37104
3.70259
4.6653
4.50827
7.55851
4.31418
5.02043
3.89397
4.25243
3.83675
3.49007
4.85698
4.85572
5.19687
3.14408
3.75896
5.85812
5.19928
4.12246
6.02386
4.90213
4.28027
4.7893
4.25987
4.78496
3.72412
3.34533
4.69935
4.89148
5.44904
4.32145
4.11963
9.30367
3.91947
5.19555
5.25842
3.59183
4.14009
4.63234
3.18252
3.76567
4.41096
5.70002
4.40536
4.75123
4.08419
4.59654
3.45719
4.52383
4.43719
3.28845
4.03949
3.84769
4.64511
3.10773
4.65001
4.2282
4.53517
4.28062
4.02888
3.68235
3.38742
3.97694
4.76918
3.85825
5.12785
3.69605
4.49924
6.76111
4.58808
5.22909
4.13359
4.99293
4.77557
5.3581
5.62257
4.3598
4.31672
4.09462
5.45979
4.84451
4.80457
3.56444
3.92131
5.2308
5.53733
3.8936
3.99339
4.35266
5.01807
5.06754
4.24041
5.28109
5.11963
3.99009
4.00533
3.89303
4.2212
4.93145
4.06
14.1822
4.83688
5.07094
5.02516
8.43833
7.25005
6.81147
4.83038
4.80771
5.64069
7.30517
4.5936
4.39742
7.18466
5.36064
4.30114
5.02082
4.12716
4.40968
5.77596
3.85476
4.76265
4.65002
4.4442
4.83866
5.50938
5.00675
6.04258
5.03756
4.67714
4.60974
4.11821
3.432
4.87293
5.03856
4.07388
5.70625
4.2418
4.48432
5.60037
5.28463
4.9982
5.04873
5.14435
4.39526
5.23906
6.97779
5.07132
4.7694
4.2372
5.07136
5.8143
4.5707
7.20233
6.06242
6.50138
8.0659
5.80297
5.7686
5.83507
5.48512
5.73016
5.70008
4.88164
5.77744
----------------
read (avg): 4.60148
----------------
----- update -----
34.1977
32.307
55.5552
30.9141
20.4861
58.3164
60.746
18.2058
27.542
18.467
25.7789
47.4373
43.1056
53.1534
25.1284
19.7706
55.1749
32.4751
35.94
15.7259
47.9289
60.7101
22.9803
11.2733
33.4487
17.984
27.8804
47.4909
30.5827
16.5202
37.1578
34.3234
54.9177
22.8265
56.1423
29.2669
61.5657
28.8971
54.6716
23.8511
35.2634
58.3927
58.9931
40.021
50.4224
36.1129
40.2816
114.957
60.1568
45.5561
47.8021
50.2135
30.6775
36.5038
35.5088
57.5761
53.2712
31.0578
37.6739
45.1732
36.3465
37.9775
53.549
30.5866
23.9852
56.9136
18.5649
32.8809
51.1732
17.0589
20.3877
50.0724
19.8101
58.8635
57.1184
25.2369
57.4927
49.6121
51.9704
45.2864
47.3085
44.202
31.2546
57.9236
55.5632
17.723
50.7458
55.9578
66.8142
52.761
61.59
36.8174
23.0834
43.2579
39.6542
40.2756
14.5768
21.5359
13.2866
53.9818
34.8484
49.806
26.096
21.9378
41.8807
34.5133
30.5595
44.6624
45.0232
57.1812
36.6708
31.4818
39.009
57.7876
27.3375
52.3493
17.5095
71.6924
24.1644
48.2183
18.213
49.4002
21.0352
41.4283
39.8845
20.6792
32.7616
27.3312
54.4959
33.0036
48.5469
42.053
58.7329
17.4855
50.511
43.0431
28.1025
11.1049
50.0469
24.8201
44.3724
62.6915
14.3215
16.182
56.8896
61.5958
36.9648
31.6856
17.0884
45.4249
15.9291
56.7996
26.952
29.9203
41.5027
56.7037
44.3675
21.3169
13.2304
44.7545
30.6298
42.2513
63.532
28.4876
13.3788
19.558
16.2008
63.3108
44.0972
42.3666
19.5089
25.0034
59.3472
26.9852
53.1589
24.1092
59.4181
17.0849
33.2011
35.3352
53.1821
43.7599
48.3771
21.6567
23.0663
30.6871
51.7609
43.8554
33.6735
37.5512
28.6597
15.5662
43.1612
47.7894
62.6312
52.1896
15.3195
33.9976
24.8294
32.5519
52.0296
59.6378
59.1286
16.8906
46.8896
18.0232
48.2565
35.237
54.7544
43.776
56.0866
36.3279
30.4579
33.0137
20.6345
24.6265
47.512
62.7227
16.4031
29.7078
18.8768
37.0228
52.9939
51.6559
33.8411
57.4335
18.0376
38.358
54.4988
36.2834
18.1141
56.6205
60.2653
54.1314
61.7178
59.7158
47.1133
37.134
37.9989
39.325
23.7055
27.8482
51.9728
54.9187
60.3445
23.0586
31.3994
56.2269
40.5818
50.1262
44.472
19.172
43.2706
22.4577
22.5498
31.2595
47.7086
56.4372
31.9625
57.3336
61.5823
61.6885
28.2466
21.7159
51.4451
36.6828
37.4062
26.7572
17.8758
57.1782
57.2818
43.0079
56.3301
44.6512
18.4742
50.7175
50.4585
52.085
18.469
12.6465
24.4256
18.6296
39.9266
56.8693
22.5703
30.2071
25.4657
55.9761
31.8451
21.4901
40.6192
48.7332
30.7542
18.6096
17.4959
25.4433
48.7368
20.8337
54.3755
30.8662
61.0441
47.4217
55.8351
43.0384
45.6065
32.072
40.0641
33.9113
49.5196
29.0869
59.8617
31.1152
43.9445
57.3304
34.1151
45.6369
20.2171
20.5204
42.592
56.8541
63.9594
47.7213
45.1581
54.3723
19.2225
58.063
24.9316
17.9511
15.0377
17.02
57.6494
41.0385
36.9068
45.9228
40.7676
53.5901
30.6908
34.6534
24.3431
47.0149
16.8999
31.7109
17.8232
23.4726
37.6844
17.5677
55.8665
62.0934
38.1204
30.9951
32.2275
27.4085
47.2133
32.8726
39.1476
14.3134
28.928
39.9388
40.0856
32.4995
34.4451
57.969
45.763
34.5358
42.0059
30.3012
53.6416
20.8789
40.6734
24.736
42.4036
22.5722
28.7471
25.3818
16.4056
46.9616
40.617
57.2816
27.073
64.4432
16.5009
56.7463
47.4048
59.4025
43.3613
32.4195
18.7512
33.7352
44.6752
34.2372
14.907
54.3111
50.3976
21.8055
50.6601
46.6657
19.5191
30.5619
42.189
59.3624
73.3473
47.7551
87.0606
60.2038
22.7306
65.3043
26.4994
32.9639
55.8455
42.7922
52.7124
32.6995
18.1726
60.0105
43.6764
51.5374
18.5498
58.7717
39.5461
33.5809
24.4021
64.041
25.4339
45.7557
20.9811
62.1105
60.5824
61.884
31.5959
46.8776
39.1653
29.29
31.7631
54.181
51.0907
16.9744
17.8906
43.9994
16.7943
58.886
54.9701
34.7674
18.2535
59.6211
52.921
23.3412
37.569
19.61
52.017
30.8916
40.1382
30.9961
50.4638
38.3989
49.726
52.9338
59.5376
26.6495
43.2634
28.3685
26.9821
29.432
44.7478
67.1834
51.1492
40.3077
39.5482
56.3772
42.3632
39.1396
29.0496
35.4
20.5796
69.4979
29.7182
47.9373
21.9907
40.959
70.7427
25.3249
----------------
update (avg): 39.2522
----------------
----- init -----
23.1423
----------------
init (avg): 23.1423
----------------
----- commit -----
2641.19
----------------
commit (avg): 2641.19
----------------
# Transaction throughput (KTPS)
LakeVillaMulti	/LakeVilla/src/YCSB-C/workloads/workloada.spec	1	0.0374795
