parsing config file ./lvconfig33.conf
parsing done
<<<<< redos: 0 >>>>>
----- insert -----
4.28196
122.185
1601.7
365.742
979.978
989.168
967.457
985.962
972.941
981.303
985.117
1019.02
929.571
978.316
987.044
951.096
977.562
975.593
1145.65
810.292
975.308
978.218
964.911
977.269
973.691
1261.65
674.953
960.791
971.351
963.057
967.707
969.003
971.81
969.471
969.716
970.343
967.355
969.055
966.991
967.892
965.205
965.631
964.413
967.616
960.958
964.681
965.748
962.411
1279.4
637.512
1527.04
390.577
960.118
965.732
950.484
961.48
953.185
1124.21
787.811
1126.74
781.862
949.547
952.314
949.211
954.296
951.854
943.461
956.125
950.312
947.864
946.564
952.819
945.475
941.185
954.28
940.031
945.569
950.772
929.489
940.85
945.463
1110.76
764.936
940.316
943.895
942.783
939.077
942.992
939.919
936.854
945.146
939.876
938.963
938.62
936.543
941.537
938.742
934.701
938.569
935.447
----------------
insert (avg): 940.805
----------------
----- init -----
6.77471
5.72716
6.46118
10.6523
9.09227
9.76914
12.0872
10.8468
12.6672
12.1427
11.6922
12.9516
16.4311
14.0781
14.6151
23.5761
15.7253
16.1887
15.8662
16.4106
17.2262
17.4086
20.4837
17.5543
20.5174
23.6924
19.8744
27.2371
20.1508
25.5966
22.1665
21.4543
22.5002
23.5299
24.9774
22.5244
25.9531
23.5892
25.4838
26.0021
28.2244
27.2121
29.2695
26.8994
30.0777
28.6133
27.7275
31.9647
32.466
30.3404
34.5126
32.7899
33.6823
33.6122
34.1458
33.4176
37.4499
34.8686
37.1347
37.9941
36.4591
42.4703
40.628
42.3891
39.6002
40.652
45.4602
37.7355
44.0249
45.6922
44.4945
44.0133
44.8465
49.0724
43.7238
47.0944
40.7449
45.0632
52.7462
47.4708
47.0689
48.343
48.9318
49.3394
49.6081
50.4653
54.3249
50.8238
53.9139
56.0572
49.7111
51.8174
51.8028
54.1299
57.4559
51.8697
57.1316
55.9895
56.0196
58.6216
----------------
init (avg): 32.7189
----------------
----- commit -----
6.83824
6.1325
11.8372
9.07301
6.80209
15.3242
6.51756
10.0711
5.96682
5.51577
6.55549
13.951
6.46233
6.7858
17.4355
6.98502
7.52737
6.0714
6.49419
6.83901
6.52625
12.117
5.95342
8.44643
8.35465
12.9288
10.7403
6.48577
11.1559
8.88667
9.48373
6.49425
6.38984
5.83474
6.65026
6.96762
6.93176
7.20015
5.4958
6.85162
6.93252
6.40945
6.61368
8.6074
6.33349
5.92997
6.6843
6.55742
12.747
6.27608
9.19412
5.9063
6.17253
9.75076
6.42873
8.66677
6.05044
9.42145
6.97217
10.1073
7.29331
7.18943
8.27497
6.9618
7.32533
9.9823
6.21013
6.01144
6.15454
8.60761
6.42141
8.83632
7.25053
6.31716
8.29739
13.9453
6.21562
15.6973
11.8291
7.02319
12.0455
14.99
10.624
6.80227
6.73358
6.72079
5.92285
6.53278
6.62653
5.90666
7.92879
8.61204
7.22609
6.23443
6.39222
6.24999
7.24177
5.24879
5.92415
6.52383
----------------
commit (avg): 7.97174
----------------
# Loading records:	100
skipping run
