parsing config file ./lvconfig2.conf
parsing done
<<<<< redos: 0 >>>>>
----- insert -----
4.1692
512.131
969.487
977.844
972.355
967.368
967.525
962.553
959.681
960.695
976.317
956.99
967.726
968.051
960.681
969.351
956.986
969.634
960.652
947.3
949.413
957.314
961.795
942.83
945.234
961.25
947.663
944.658
944.875
935.695
936.743
948.528
957.214
965.166
949.4
955.246
941.957
926.735
920.104
923.604
921.383
927.079
932.936
928.08
934.107
918.547
938.192
943.479
916.237
920.083
916.453
908.717
909.239
913.624
921.554
907.139
903.849
948.176
924.338
892.219
909.652
906.458
925.798
896.868
895.065
895.346
904.109
894.184
900.448
909.329
898.12
896.572
881.865
914.259
903.038
878.111
871.728
907.512
882.622
896.398
880.914
881.075
899.238
892.028
900.667
895.041
885.782
877.81
895.409
867.835
880.26
896.774
861.816
858.959
843.014
839.563
866.007
839.957
882.803
899.228
----------------
insert (avg): 907.4
----------------
----- init -----
10.1825
6.90584
16.4878
12.1858
20.0207
20.579
26.8192
25.1852
27.1279
29.6955
17.0205
30.4569
23.4143
21.4152
25.3105
28.59
25.3989
18.8729
28.6207
36.3239
41.9864
33.7828
21.6477
50.3593
40.8592
30.2274
45.1089
42.4504
44.3699
54.1388
49.0004
41.2623
33.7976
32.5322
32.2897
34.6227
45.9035
60.2285
68.3082
69.3118
69.0256
61.0875
57.7456
58.0605
55.9045
72.8737
52.9432
42.675
65.0994
72.2634
73.6412
81.2477
77.7992
82.2202
59.7812
85.7186
84.59
46.1304
67.5957
87.8709
81.4213
82.0938
66.5509
95.0479
94.3388
91.3244
80.6927
100.755
89.7614
78.0283
90.8391
87.2788
106.886
71.0969
81.0436
110.581
119.161
76.3694
108.154
91.5787
123.016
93.1927
89.7724
98.8852
89.8789
95.0327
102.182
111.971
95.7316
118.826
110.604
97.5965
129.819
125.409
145.128
147.804
125.521
145.056
108.13
89.0421
----------------
init (avg): 67.2267
----------------
----- commit -----
5.62084
8.54196
9.10669
12.3303
9.59477
9.16534
9.73752
11.2463
11.6304
8.68694
9.52103
9.51418
12.0686
11.571
9.73349
10.939
10.691
12.6212
15.9942
9.82399
11.0216
10.8265
10.7622
9.66862
8.6567
11.4132
10.6638
8.87488
10.641
13.4898
9.37755
9.25297
12.0197
8.6763
11.091
12.775
12.5361
9.76444
8.79318
12.6498
8.84271
9.70211
9.34953
14.6076
9.98205
9.50414
14.7856
12.3055
9.43823
10.7317
9.84909
10.7744
8.40391
11.8698
10.5452
9.35141
10.2684
10.0873
14.3373
10.3248
11.8995
8.44522
9.30969
11.0475
9.58654
12.3147
9.45088
9.61754
11.8061
17.1062
12.7367
12.851
10.7875
17.0381
11.9307
10.6423
10.8732
11.0794
12.2402
12.2297
10.3599
8.66797
9.8102
9.64285
10.2879
10.6162
10.0431
11.2849
10.8621
9.89452
8.84258
10.6676
9.09316
12.1251
12.6096
8.96515
14.5232
8.9624
10.9097
10.1033
----------------
commit (avg): 10.7742
----------------
# Loading records:	100
skipping run
