parsing config file ./lvconfig24.conf
parsing done
<<<<< redos: 0 >>>>>
----- insert -----
4.18743
201.592
975.472
971.12
970.637
966.661
967.209
964.096
961.054
958.39
958.763
966.389
970.946
960.759
968.531
955.773
956.3
968.429
975.833
952.253
943.883
970.082
946.371
945.944
941.621
949.701
965.475
945.981
937.214
947.671
962.778
949.533
956.884
951.771
934.397
938.024
952.941
944.482
942.266
939.545
921.781
939.166
925.111
926.628
916.295
945.945
923.189
925.552
927.776
942.097
935.854
907.494
911.232
931.99
932.554
904.36
917.15
926.851
940.867
939.191
899.838
904.571
905.928
894.927
881.862
902.994
893.189
915.272
885.315
878.396
901.016
881.464
884.263
880.769
873.968
903.204
931.705
912.922
894.18
871.098
905.444
878.891
867.712
864.214
886.081
872.39
867.404
861.893
869.474
886.894
860.75
880.386
865.332
889.258
890.862
893.425
874.165
878.846
841.409
848.745
----------------
insert (avg): 904.625
----------------
----- init -----
8.60547
7.19436
14.4186
16.3126
12.8304
22.9906
24.3406
26.3138
27.0256
30.5162
31.183
20.2042
19.8166
27.631
19.4475
35.644
29.569
18.514
19.3941
29.468
46.9341
21.4284
37.264
47.0702
49.3503
34.8521
31.7508
39.9882
51.9569
41.1038
25.1797
42.5165
32.6559
53.4227
39.9097
49.9185
41.3064
43.1093
45.7973
53.3846
66.7769
51.7631
66.43
60.6447
73.7788
43.2248
65.4421
63.5555
51.4539
47.4983
52.8071
83.2389
76.703
61.7319
52.6106
87.6302
72.3589
65.9685
51.356
44.0984
92.6744
82.6549
86.329
95.3702
103.86
89.2588
92.7211
75.3684
103.569
111.65
88.3069
99.0557
108.242
100.264
114.007
88.7575
58.7672
70.9546
97.5841
116.392
98.4506
100.986
122.109
125.737
105.336
116.978
122.14
125.618
121.135
101.421
129.932
109.798
127.582
96.2929
96.8684
95.3832
112.487
105.665
148.512
142.883
----------------
init (avg): 66.9049
----------------
----- commit -----
6.03918
9.29793
11.4277
11.215
13.3628
10.4468
9.36439
11.2576
11.9155
10.6032
10.8522
10.1479
11.8767
11.7211
10.0319
12.8076
9.26655
8.88783
17.4699
11.0182
10.6516
12.0078
10.4868
9.02409
9.44825
9.09049
10.7489
10.1563
11.3218
11.0062
9.02137
9.20042
11.3125
8.99572
11.6114
7.97877
11.9312
9.9458
8.95306
12.4957
8.46052
8.0517
11.5638
13.8507
8.84836
11.2747
14.9736
14.4934
10.5815
10.6112
10.8632
10.1264
8.12145
14.0853
7.963
10.0814
9.63971
9.45804
11.6697
8.86304
12.2957
8.90486
9.88181
11.9748
10.8857
11.5883
10.6956
9.73095
11.0327
15.9981
13.4035
13.0156
12.8181
10.1309
12.6714
11.4204
10.0649
10.7527
12.4667
9.21923
7.8397
8.58822
9.35091
9.87023
11.0442
11.2601
9.69839
10.7892
10.395
10.387
10.7806
9.64128
9.13067
12.7972
12.0871
10.2299
17.1446
9.67438
10.83
8.93461
----------------
commit (avg): 10.774
----------------
# Loading records:	100
skipping run
