parsing config file ./lvconfig32.conf
parsing done
<<<<< redos: 0 >>>>>
----- insert -----
5.20206
140.832
1600.67
365.839
979.72
989.662
966.14
987.098
975.445
980.442
982.436
1015.9
928.286
978.121
984.65
956.999
979.32
975.468
1145.07
809.016
975.367
979.264
960.842
977.262
972.669
1261.03
676.063
957.029
974.341
963.709
966.422
969.248
971.671
968.586
967.33
967.349
967.622
965.7
968.577
966.463
968.341
965.149
965.009
966.772
964.555
962.684
963.686
962.158
1279.39
638.452
1526.3
389.892
959.891
961.908
955.532
962.221
955.376
1125.09
786.172
1126.37
781.89
950.585
956.155
949.012
953.315
952.75
944.28
954.335
952.933
949.906
947.417
956.771
946.317
942.114
956.981
940.904
941.607
951.199
928.102
941.514
942.287
1111.57
765.124
940.413
943.945
941.735
939.101
940.971
940.843
941.939
939.78
943.301
941.96
944.175
935.703
941.491
938.273
930.898
937.697
937.096
----------------
insert (avg): 941.042
----------------
----- init -----
8.46875
5.7452
7.43746
10.6069
8.4729
9.5073
13.9598
10.1742
11.404
12.7255
13.4521
14.7224
17.7394
14.3846
14.706
22.3454
14.7861
16.656
16.2723
17.207
17.925
17.8232
22.009
17.4521
21.8013
24.3639
20.2879
26.9496
20.6594
26.4196
21.4808
20.4911
23.1658
23.9178
26.4907
26.1109
25.9135
26.7222
25.1019
27.1189
25.1937
27.2878
28.8271
27.912
28.8003
30.2206
28.8695
32.4272
32.932
29.8789
33.6443
33.3682
33.8585
33.6661
33.4408
33.0427
34.6717
34.3031
38.7338
38.2987
36.2195
40.5648
36.9503
42.6809
40.5058
38.6218
44.4405
39.3642
40.6833
43.2343
44.0476
40.3006
44.2493
48.1275
40.8272
46.3946
43.7366
44.5782
54.1478
46.4055
49.6902
47.3417
48.0911
49.4017
49.5956
51.4991
54.648
50.8289
52.6938
51.2898
52.6117
50.4982
50.8455
49.912
59.1029
51.5127
57.153
59.2993
55.6858
57.0065
----------------
init (avg): 32.6714
----------------
----- commit -----
5.75303
6.40736
11.6124
10.3082
6.28751
14.6359
6.05361
8.88531
6.52127
6.15077
6.87156
15.0959
6.61083
6.24064
15.1845
6.02254
7.37366
6.11645
6.58377
6.45168
6.78465
13.0141
6.01692
8.21516
8.52277
12.2621
10.3636
6.50986
11.314
9.13891
10.0319
6.23719
6.54022
5.93924
6.7845
6.89564
7.02798
5.94247
5.9381
6.82159
7.24003
6.60085
6.38046
6.25529
6.12959
7.21665
6.55244
6.30031
11.963
6.3911
10.7555
5.72287
6.54245
9.04408
6.16194
9.21802
5.80286
9.53734
6.98304
10.3664
8.03441
7.048
8.11091
7.03097
8.57957
10.4295
6.3153
7.02332
6.10398
8.28904
6.16495
8.51929
7.59451
6.27932
8.14071
14.8139
6.32266
15.7095
12.1071
7.83354
12.1097
15.6423
10.4081
6.81151
6.68714
6.74253
7.65721
6.77504
6.67203
7.93271
5.79073
6.70117
5.86939
5.58423
6.50668
6.21407
8.69052
6.09978
6.03979
6.52726
----------------
commit (avg): 7.98544
----------------
# Loading records:	100
skipping run
