parsing config file ./lvconfig18.conf
parsing done
<<<<< redos: 0 >>>>>
----- insert -----
4.73564
716.416
970.616
969.789
971.559
968.472
964.735
964.179
963.103
963.883
960.819
952.19
963.566
975.087
957.752
961.038
957.707
957.445
959.267
946.712
954.864
956.815
957.099
944.061
943.195
947.404
941.609
935.228
935.422
947.159
932.802
947.175
954.282
951.811
961.663
942.881
931.977
930.607
942.887
931.345
917.256
939.554
913.157
919.411
911.854
909.971
946.989
937.126
912.321
941.195
937.829
921.179
918.584
921.005
909.141
912.861
919.617
947.361
906.809
904.619
900.934
902.378
900.625
900.23
885.366
893.198
920.221
898.535
890.898
879.915
888.446
873.206
889.549
876.709
909.12
887.206
880.515
878.465
893.519
875.237
889.533
899.742
894.553
879.214
869.974
892.097
905.082
882.975
876.2
867.46
879.298
877.084
859.337
854.606
847.917
861.12
861.879
837.102
845.294
857.405
----------------
insert (avg): 906.493
----------------
----- init -----
7.92099
6.08664
15.1576
20.1628
19.2213
17.5477
29.5005
24.5233
26.5377
21.9564
31.3345
34.697
24.9711
19.4924
27.0414
35.9932
24.5829
33.3579
29.8222
37.1408
36.5711
35.2518
25.4767
48.8883
45.5865
41.6341
48.5616
52.2838
53.6171
43.2151
51.387
43.0416
39.4583
41.1703
30.9596
43.3773
52.7728
58.6437
42.3739
61.7111
69.3363
51.6643
76.9397
67.8752
77.6098
75.9106
46.9371
49.2754
67.548
47.5914
54.2941
67.9918
70.5654
72.6684
74.8439
78.9369
70.9179
45.2997
86.7462
75.6404
92.1226
85.2693
87.4114
90.911
99.7634
95.3542
66.6232
92.2283
97.1758
108.425
99.68
107.357
106.796
105.109
77.6639
101.858
111.674
105.925
98.25
113.323
103.752
87.8391
99.0188
108.375
122.447
95.7847
81.7642
106.787
113.772
120.141
109.877
113.914
133.717
131.142
140.857
127.718
127.262
147.656
145.031
130.532
----------------
init (avg): 70.0193
----------------
----- commit -----
6.68747
8.89516
10.3763
10.992
11.2015
9.9744
10.3761
10.8619
13.4548
9.76133
9.21329
9.95537
12.5392
10.4158
9.52103
9.11168
11.5043
10.8234
15.1039
11.5486
10.6586
11.6471
11.1806
9.43131
9.63159
11.8127
9.3397
11.4281
11.3051
13.4956
8.90631
9.92257
9.72737
7.96996
8.41503
13.3236
13.5452
10.4526
10.1263
13.2932
9.45386
9.24373
11.4579
13.5713
10.0274
11.453
14.5643
14.1492
11.0547
9.77799
9.65993
9.53029
8.91089
13.1792
9.44282
9.24307
9.06696
10.4258
13.1628
8.54766
12.5819
12.4233
11.6844
11.114
12.09
11.3169
11.1103
10.7678
12.9219
16.4064
13.4302
12.7028
9.5704
14.7598
11.7243
9.82761
9.3991
10.5051
11.2927
10.3982
8.1991
8.61584
9.02875
9.21958
12.0659
10.8219
11.4455
11.8122
11.3792
10.7363
10.0082
10.4709
7.83046
12.2993
11.2518
10.9515
14.7845
8.83649
11.6244
11.0298
----------------
commit (avg): 10.9229
----------------
# Loading records:	100
skipping run
