parsing config file ./lvconfig34.conf
parsing done
<<<<< redos: 0 >>>>>
----- insert -----
4.4315
135.944
1600.77
366.033
977.595
989.478
966.905
986.646
972.44
983.076
984.958
1020.67
930.652
978.897
987.748
951.504
994.773
960.118
1146.15
811.012
975.855
979.432
958.069
975.385
974.564
1261.99
676.881
957.041
972.31
962.202
967.769
968.987
973.168
968.569
970.032
969.811
967.761
965.778
963.934
966.514
964.871
964.16
965.897
965.415
960.663
963.4
964.576
963.569
1281.52
636.574
1526.56
391.927
959.209
962.704
953.093
960.909
956.121
1122.66
787.114
1126.41
780.153
950.034
956.076
951.344
957.309
951.372
946.968
953.746
953.245
949.871
947.94
952.825
945.249
940.387
953.032
939.882
941.907
951
923.281
940.958
949.672
1114.47
764.994
940.994
940.19
947.09
946.543
943.497
938.876
938.203
940.17
941.267
936.351
937.666
937.003
937.883
939.558
933.649
940.272
934.888
----------------
insert (avg): 940.93
----------------
----- init -----
8.54728
5.6428
6.93498
10.4981
9.14797
9.77787
13.2347
10.2475
13.114
10.5328
11.2964
12.6834
15.7105
14.0973
13.858
24.1937
16.6008
14.2513
15.3551
15.6149
17.3385
18.1591
23.8862
18.6881
19.8772
23.3779
19.7829
27.4739
22.362
26.4291
22.2257
21.0562
21.4729
23.8664
23.4748
23.8757
25.3046
26.9439
27.5776
27.0923
28.4415
27.9992
28.5092
28.92
31.0305
29.8917
29.1459
30.5454
30.6322
31.5909
35.3055
32.0675
34.4121
32.8429
35.2102
33.703
34.5724
36.4625
37.3508
38.3563
37.7662
41.5964
37.4234
40.1296
36.5975
40.4882
41.6614
39.8227
41.2219
43.0295
43.8694
44.139
45.3664
50.4325
44.621
47.2613
43.7187
45.7356
58.5889
46.9995
44.2816
44.5394
48.5184
49.3882
51.7997
46.7526
47.271
50.3018
54.5973
54.6374
53.4988
51.872
55.6281
55.6646
55.1205
55.1932
55.8138
56.2861
53.475
59.3808
----------------
init (avg): 32.7308
----------------
----- commit -----
5.25856
6.62542
11.7761
11.5518
6.24817
14.6283
6.47873
10.1456
6.03272
5.63806
6.9931
12.0297
6.25894
6.40123
16.3506
6.28018
7.27073
6.1498
6.46302
6.42873
6.26813
13.9588
6.59458
8.24961
8.30535
12.57
9.45045
6.70312
11.1145
8.89598
9.66198
6.29454
6.77114
6.24882
6.43151
7.316
7.08698
7.56084
6.10796
7.16421
7.59147
6.52622
6.39471
7.59658
6.33319
5.6999
6.89776
6.54454
12.2203
6.02004
8.52972
5.8946
6.49372
9.87574
6.62287
8.59742
6.20393
9.77973
6.93641
10.6003
7.66472
7.10307
7.8205
6.91469
8.12427
10.5625
6.46995
6.44332
5.96793
8.09496
6.1072
8.41011
6.86889
6.53512
8.34288
14.5172
5.36435
16.0584
12.1423
5.86414
11.8809
15.3802
10.8249
7.27741
6.2165
6.31714
5.91732
6.86188
6.7378
7.08905
6.32623
7.74736
6.52477
8.14905
6.62535
6.04134
9.01666
5.78394
5.83942
6.42141
----------------
commit (avg): 7.97478
----------------
# Loading records:	100
skipping run
