parsing config file ./lvconfig21.conf
parsing done
<<<<< redos: 0 >>>>>
----- insert -----
4.53161
721.856
973.17
968.108
972.973
967.532
974.714
958.739
977.58
964.78
961.23
952.364
972.72
966.401
960.597
956.978
954.838
972.241
958.552
946.709
965.079
966.203
960.12
940.219
944.252
963.027
955.557
935.838
951.222
934.4
937.406
955.214
948.573
944.58
956.506
936.462
941.305
924.122
927.68
931.842
931.856
926.189
918.07
922.838
919.265
959.203
923.186
929.955
920.64
918.775
932.934
914.594
917.816
925.16
901.791
904.547
915.461
956.114
933.179
941.869
926.031
921.701
902.945
904.105
906.029
918.957
904.339
898.724
935.841
871.91
899.619
876.176
908.414
877.994
883.553
880.201
889.227
909.028
902.681
876.827
890.061
871.808
909.684
883.698
868.96
880.356
876.643
873.021
867.56
867.875
855.221
865.892
880.768
907.411
840.884
840.102
892.544
868.069
840.562
850.91
----------------
insert (avg): 909.46
----------------
----- init -----
8.6876
7.7944
15.1863
21.1463
16.945
17.0404
18.9921
26.3899
13.1368
24.6578
30.1962
35.6568
19.5504
22.2813
27.6563
35.0939
33.2843
20.2193
28.2127
39.7172
25.8388
26.7992
20.983
51.1562
44.5264
29.2682
35.1946
53.9131
37.5619
55.4047
48.6511
35.677
40.648
53.0219
31.4703
47.926
46.7525
62.7112
59.2412
60.2672
56.5577
62.5992
71.7794
66.977
69.5168
33.7325
68.3455
55.8743
60.7763
74.2096
57.3115
72.5197
75.6527
64.2658
82.2056
88.1385
71.4051
39.9315
51.8074
43.9782
67.9469
66.048
87.9278
89.6994
81.0556
70.8897
80.6497
90.7477
99.8891
70.2678
90.3709
108.663
85.0072
101.435
108.383
110.227
103.246
77.4011
87.303
110.002
113.873
102.621
82.8637
102.789
123.814
108.766
110.804
116.498
124.294
118.713
134.487
125.515
113.454
76.689
144.61
149.385
97.2174
115.567
149.718
138.586
----------------
init (avg): 67.3387
----------------
----- commit -----
6.67087
10.491
10.6827
11.8876
11.2163
9.93031
11.4967
10.4413
11.9848
9.82955
8.98217
8.90574
11.9122
10.9509
8.86412
10.4813
9.23958
11.1258
12.5286
11.232
11.1064
12.2486
11.133
9.24173
8.07534
10.43
10.0077
9.82828
11.341
13.6829
9.25393
9.14053
11.0067
9.38697
9.9467
12.7408
12.7174
11.1648
9.99145
12.304
10.2991
9.52149
9.19953
13.15
8.1885
9.40373
14.9966
12.7976
9.43294
10.8108
10.3215
8.58898
8.90284
13.536
9.13512
9.96786
9.35565
9.8366
14.8751
8.95583
11.5047
9.3466
10.1058
12.1419
9.22167
11.4412
10.7691
13.3938
7.27819
17.9461
12.0238
12.32
10.4862
8.22
12.9606
8.90102
10.6174
10.4279
14.8263
10.0052
9.81359
8.8764
9.54808
8.56728
11.9078
11.7355
9.68851
11.4111
10.4688
9.62981
10.0032
10.3466
9.50541
12.1415
14.5271
9.59639
15.0215
9.22514
11.252
10.1696
----------------
commit (avg): 10.7225
----------------
# Loading records:	100
skipping run
