parsing config file ./lvconfig3.conf
parsing done
<<<<< redos: 0 >>>>>
----- insert -----
4.76159
723.818
970.617
966.862
971.64
969.314
968.06
959.222
974.164
956.737
962.298
956.618
970.274
968.042
961.38
963.515
952.862
962.024
966.744
945.788
941.925
961.829
951.47
959.05
947.744
948.215
953.922
933.54
944.455
932.416
921.777
961.13
958.839
947.613
961.648
945.31
940.149
924.467
926.322
933.374
935.683
928.566
914.003
941.373
927.418
916.467
918.815
921.928
928.619
920.273
947.456
910.381
919.612
921.829
922.799
912.142
902.186
905.547
909.589
923.046
908.602
896.109
902.852
910.232
890.352
925.996
884.952
917.433
888.192
906.235
889.028
903.62
911.559
897.942
928.406
899.885
900.467
868.327
901.182
895.895
920.883
886.441
864.615
863.568
885.545
867.366
894.455
871.589
882.81
861.144
857.354
912.393
874.204
852.79
849.321
845.922
877.642
862.452
896.073
840.682
----------------
insert (avg): 908.922
----------------
----- init -----
7.46788
7.25838
16.7975
20.9567
18.6102
20.4043
25.2222
27.6451
12.7914
33.8171
28.3208
32.3458
21.4908
22.4082
24.8669
35.6633
29.4942
20.5851
26.0346
35.8522
47.6385
30.6558
32.6078
34.5995
42.6815
39.2963
37.1113
50.5273
46.5571
58.738
64.6254
30.1419
30.0264
47.5041
28.8828
37.5209
53.5291
62.5981
64.1694
57.7195
52.9359
62.2126
76.0533
52.6027
61.7092
71.3431
74.6229
65.3445
50.9925
67.9324
49.1597
76.5032
67.043
72.0985
60.0461
78.1869
88.5494
86.6879
82.6218
55.2248
84.7106
91.3254
88.2661
83.6917
96.0027
63.6457
101.358
71.2094
101.557
84.0773
96.2892
81.4803
83.4639
83.6232
56.7007
89.0449
89.0853
116.391
90.4028
90.892
79.6838
94.5128
124.32
124.243
105.876
121.442
92.3962
116.633
108.414
125.09
131.643
83.5319
117.253
129.828
140.393
143.094
110.358
123.303
92.4692
148.479
----------------
init (avg): 67.7321
----------------
----- commit -----
6.69955
8.35804
11.1108
11.5067
9.01523
10.978
10.4432
11.3415
10.8848
9.72332
9.13158
9.68052
12.5755
10.0507
9.69827
9.69536
13.9558
10.4334
17.4051
12.0823
11.2725
10.9827
8.94951
9.11296
10.0792
12.4498
10.6097
9.9676
10.5576
12.7838
10.0051
9.55669
11.6341
8.2294
9.63465
8.75463
12.4142
9.95398
8.42356
12.307
8.34338
9.28627
7.61898
10.6429
11.7445
9.35291
14.2182
12.6424
10.5136
7.78399
12.4806
10.9302
8.02888
15.4236
10.0866
9.57617
10.1182
10.418
13.9113
9.92034
11.9171
8.33674
8.77291
12.5445
11.6656
11.0056
11.4808
10.6322
10.9789
16.0751
12.4812
14.1345
9.42812
17.279
11.1058
11.3205
10.3404
10.4547
12.6138
10.3439
9.6714
11.6921
9.35934
9.15095
11.7698
11.6235
11.9951
10.4958
11.6644
10.7488
8.60806
9.7958
10.8822
11.2683
11.5452
10.2388
16.5105
9.13583
11.2078
10.1221
----------------
commit (avg): 10.8589
----------------
# Loading records:	100
skipping run
