parsing config file ./lvconfig8.conf
parsing done
<<<<< redos: 0 >>>>>
----- insert -----
5.01073
714.371
974.391
972.426
971.663
967.692
976.518
959.784
976.53
958.84
964.809
955.741
972.318
960.858
957.568
962.679
961.723
965.159
968.448
944.094
948.568
961.79
965.542
952.773
957.389
950.999
947.824
947.298
938.591
933.381
937.703
944.01
963.594
970.418
936.732
935.93
933.84
934.545
925.145
925.71
943.652
937.989
921.389
933.247
939.79
948.921
914.774
936.769
921.344
918.373
904.927
907.896
917.022
908.814
910.161
911.743
938.207
936.05
910.554
921.088
926.542
900.08
914.923
914.738
890.147
893.717
890.136
894.983
890.965
906.182
886.612
872
887.267
877.262
875.119
890.677
882.277
869.628
869.693
885.457
879.855
915.202
900.152
888.773
889.323
894.958
878.443
881.396
887.918
860.195
893.559
865.559
859.148
861.129
867.804
847.755
871.467
842.689
877.292
867.343
----------------
insert (avg): 908.335
----------------
----- init -----
7.76829
5.78918
15.3145
17.0669
17.8507
20.7701
19.1403
27.3661
13.487
25.8325
27.2196
31.3456
19.5737
26.846
28.6253
28.6655
25.319
21.9319
27.465
40.8637
42.0663
25.82
21.2113
40.2404
33.3919
35.6083
43.365
41.1239
50.5613
56.5261
45.8599
44.3163
27.6692
29.4088
50.6419
47.9448
50.6836
51.7268
63.4196
66.0691
45.8901
50.347
68.4526
54.1188
49.4403
39.2157
76.1971
50.562
59.697
72.3525
81.4382
80.2966
72.3535
79.5907
75.7966
80.9672
50.5747
57.4778
82.4044
59.6042
64.8217
87.157
75.9839
77.8564
97.7203
96.7706
96.0443
93.2273
97.0053
81.5926
103.308
110.8
103.44
109.434
116.927
97.8035
108.147
116.823
113.581
101.154
121.652
63.102
94.8651
96.2824
102.808
98.205
109.366
106.383
102.256
128.53
98.6406
125.436
132.344
124.293
117.183
138.796
129.859
136.334
114.698
122.653
----------------
init (avg): 68.1595
----------------
----- commit -----
5.79438
8.65762
9.30523
10.809
8.73715
8.87803
10.0542
10.6153
14.9773
8.96244
10.3539
9.24533
12.2098
13.4324
10.6147
11.1612
10.0817
8.28405
13.7738
11.0953
11.6328
11.162
10.7415
8.8625
10.937
11.5533
8.56912
10.8023
10.9338
14.0913
9.69856
11.1604
11.1225
8.11798
10.135
13.39
14.7337
11.1767
10.0792
12.9973
9.65731
9.07013
11.5031
13.6764
10.2725
11.6251
14.6102
12.5305
9.72456
13.0985
12.816
11.8629
8.67142
13.5338
9.25833
9.11795
9.43219
11.4438
13.0591
9.54335
12.37
9.15084
8.55443
12.3264
10.038
11.3956
11.1739
12.7984
12.3076
15.499
11.1039
14.0881
8.22971
11.0516
11.5652
11.4644
9.87687
17.026
13.5614
10.6108
8.43059
7.21312
9.97474
9.03805
11.5643
11.1382
8.87085
11.8822
9.40658
9.38753
11.3107
9.49525
9.1362
14.4619
12.4252
11.1707
9.64378
9.61346
9.93406
9.40428
----------------
commit (avg): 10.9114
----------------
# Loading records:	100
skipping run
