parsing config file ./lvconfig22.conf
parsing done
<<<<< redos: 0 >>>>>
----- insert -----
4.34118
938.246
971.54
968.805
970.011
966.454
959.598
962.234
960.277
974.729
952.345
978.618
969.226
959.375
952.368
956.153
952.851
960.402
943.618
941.043
971.706
960.649
939.805
948.477
948.873
943.748
932.702
952.784
933.853
937.705
959.544
953.272
980.663
930.602
947.653
931.639
945.264
940.001
940.167
933.494
935.678
914.997
939.033
928.335
918.678
918.936
916.304
950.385
942.359
904.362
949.235
911.432
912.767
917.38
902.692
902.707
931.566
909.908
927.718
912.251
898.212
899.931
940.782
888.647
941.054
904.828
915.819
918.609
894.865
894.13
874.829
913.549
878.668
927.973
884.368
877.635
872
907.749
874.453
889.78
876.025
858.609
862.593
890.965
872.745
896.01
895.191
868.177
879.559
865.679
864.332
853.699
856.241
888.386
842.077
871.198
866.676
878.073
867.584
906.611
----------------
insert (avg): 910.799
----------------
----- init -----
8.56941
6.83709
17.0987
17.4127
20.2642
25.9247
29.0647
26.6212
25.2815
17.7289
32.0235
15.2826
21.3888
28.0392
36.842
30.6705
38.1895
29.6017
38.0459
47.0136
21.4463
25.9047
52.6411
40.4731
42.5371
45.2535
56.6488
36.7197
56.5624
47.8445
30.7121
33.4163
29.7298
40.1823
42.1263
52.3552
43.5894
48.3217
51.7839
55.0257
55.3646
72.4979
48.5443
61.3331
68.4181
72.5479
67.0851
36.9903
47.6078
79.4716
45.7653
78.4872
75.3858
67.7574
87.6278
87.3766
64.7303
82.613
55.1421
78.0248
89.8114
89.3915
52.4642
95.7372
52.7727
81.0614
73.5031
69.7193
96.5283
94.5651
106.513
77.7144
105.576
65.3301
104.375
111.13
114.239
85.3888
113.342
114.556
99.6803
130.686
126.008
101.232
117.913
91.2001
97.3271
121.168
109.387
122.628
129.135
136.923
128.564
100.024
142.03
132.446
114.289
110.553
122.102
79.3396
----------------
init (avg): 68.043
----------------
----- commit -----
5.13133
12.5441
11.2502
11.4144
10.2558
10.0518
10.9576
14.8462
9.0858
9.44539
9.58422
12.6046
9.1664
10.5984
13.394
9.08664
11.3068
16.3838
11.4682
10.8504
9.14179
9.9458
9.85751
8.42319
12.1195
8.20329
11.1053
11.0798
13.845
10.6282
9.9335
10.876
8.43885
11.5397
13.446
13.6914
9.98419
9.45208
12.7305
10.3123
10.3032
10.9881
12.1373
11.4832
12.0232
14.9361
12.2906
8.87344
11.2506
9.78627
11.3508
10.8348
14.1215
8.77227
9.4702
9.8171
7.29363
12.2991
9.27727
12.3826
9.11489
8.98351
13.5541
9.26639
10.9192
11.261
10.635
9.84136
17.5173
12.0806
13.9813
10.134
10.3275
10.6805
11.4827
10.0041
9.83849
11.0405
11.5408
9.33122
8.93261
10.3625
9.09331
11.2733
10.447
9.76487
9.89587
10.8684
10.2083
10.1449
9.78869
10.1017
11.8445
12.7119
9.53144
10.1894
9.694
10.6796
10.4348
7.47491
----------------
commit (avg): 10.7885
----------------
# Loading records:	100
skipping run
