parsing config file ./lvconfig1.conf
parsing done
<<<<< redos: 0 >>>>>
----- insert -----
4.24528
507.482
979.041
969.426
973.289
969.506
964.846
961.214
958.838
959.408
964.489
959.199
973.721
969.353
968.072
966.338
953.945
969.958
961.003
949.751
944.567
972.796
952.981
958.669
959.645
949.973
952.354
937.799
951.905
939.869
928.443
940.936
953.565
952.375
956.801
950.205
958.806
944.169
941.025
938.904
922.017
939.61
925.283
921.669
932.546
948.073
917.9
927.84
916.893
921.746
927.949
910.387
907.582
931.491
949.292
929.092
914.086
934.859
908.429
887.814
895.559
902.144
905.897
921.171
890.788
892.364
899.373
888.995
945.496
879.017
887.316
881.109
877.161
873.72
902.66
911.635
927.196
870.712
878.438
885.632
898.881
871.917
893.827
890.945
866.509
886.435
876.698
886.979
870.93
857.953
870.766
886.374
875.869
868.814
849.84
844.724
869.979
893.943
849.914
850.303
----------------
insert (avg): 907.215
----------------
----- init -----
11.522
6.58045
10.5388
19.747
18.6536
16.4853
25.8048
27.5578
30.8306
25.9026
27.2747
29.8394
19.1592
21.4793
19.6901
27.8461
30.5964
19.5224
27.4541
35.8723
46.5269
22.7258
27.5303
32.8077
30.1189
38.8102
40.5447
49.7105
37.6005
51.5278
57.1438
46.5848
37.3077
49.1298
28.0333
32.6279
36.7466
43.4133
45.3637
49.1621
68.7032
50.4971
64.1694
66.0966
57.7171
40.8127
73.7649
61.7485
63.1572
69.9647
61.6123
79.4245
79.8803
58.2412
44.4475
61.6615
77.5657
56.5805
84.1619
92.39
96.5675
86.823
79.9079
74.4954
96.4852
96.2215
87.5779
98.4409
47.8985
112.459
99.9402
104.445
113.498
110.969
88.9082
76.6539
62.7065
112.686
113.676
105.241
102.451
106.729
95.0972
98.1688
125.349
102.741
110.996
101.352
120.01
130.202
120.521
105.56
116.83
114.14
139.05
143.283
130.142
84.8084
139.338
140.466
----------------
init (avg): 67.6121
----------------
----- commit -----
5.63742
10.7939
11.7787
10.3818
11.0733
11.6377
10.2202
10.875
13.5197
9.30458
9.04693
7.71026
12.1899
10.7688
10.3512
9.90927
9.75364
11.5485
13.1422
10.061
9.83528
12.1531
11.5893
9.96166
9.18207
9.71416
9.71293
10.9177
10.6707
13.6573
9.66598
9.83177
12.5236
7.82529
8.07426
8.05766
13.1086
11.1506
10.5387
14.8384
8.70075
9.49325
10.3766
13.1158
8.97865
10.9894
13.9778
11.4213
10.6712
10.8224
9.59988
11.3106
8.72818
8.22105
8.64047
9.58215
9.02131
10.7752
13.0097
9.76403
11.7151
12.0178
10.0935
11.4759
10.1639
10.4343
10.9725
8.04745
9.87753
15.7318
11.3434
11.799
11.4801
10.7056
11.9347
12.6857
9.19178
11.4854
11.6199
9.91753
8.15926
9.17901
10.4004
9.45964
11.2365
10.3878
11.3744
10.6545
10.3633
11.082
9.70991
9.83223
10.0098
11.5696
12.842
9.21194
9.44415
9.63528
10.7475
10.5271
----------------
commit (avg): 10.5843
----------------
# Loading records:	100
skipping run
