parsing config file ./lvconfig17.conf
parsing done
<<<<< redos: 0 >>>>>
----- insert -----
4.65358
500.136
972.813
967.423
973.52
966.639
967.132
961.263
959.373
959.952
969.838
953.417
966.501
966.278
962.964
957.758
961.011
960.378
960.629
952.38
944.695
967.77
959.46
960.317
938.31
946.106
964.234
949.581
946.892
937.204
929.17
946.368
948.985
943.544
960.73
939.326
945.598
931.1
925.583
944.218
956.337
921.491
922.337
945.88
924.706
946.7
958.038
928.679
944.385
913.526
905.968
923.363
916.216
910.507
902.446
903.627
904.252
913.362
906.169
906.136
910.362
932.474
909.908
906.26
892.871
909.763
913.022
914.343
887.457
893.884
887.237
902.283
923.716
933.21
891.02
900.824
899.739
908.167
898.655
889.254
900.526
869.914
858.337
871.447
906.604
875.213
889.657
905.612
869.463
881.169
915.737
936.536
874.976
846.127
854.418
848.208
858.809
859.952
899.558
883.861
----------------
insert (avg): 909.379
----------------
----- init -----
7.65274
6.51299
15.7392
18.0113
17.0841
21.8286
27.3722
26.9811
26.9817
31.8065
21.3356
34.016
24.6505
29.2669
21.8104
38.4928
23.8529
25.4525
28.4037
29.4398
46.1205
27.8917
23.3878
32.2845
51.464
41.5818
31.7026
35.6713
43.5462
52.804
54.3341
46.6224
41.963
47.9943
26.4635
50.4441
38.2494
58.7193
59.6842
48.9155
33.4519
67.3034
64.885
46.3963
65.9408
40.09
37.4559
60.0529
39.6173
72.9088
81.9184
65.0933
72.6794
79.4031
82.6732
88.2379
85.2783
80.0775
85.1146
74.3034
79.0793
57.2395
78.2184
84.7261
91.1549
84.1587
73.4488
76.3764
103.176
94.6622
98.3374
79.6525
69.9728
53.6253
100.376
87.7956
94.1512
76.7828
93.5059
101.623
90.8393
113.724
131.772
117.21
84.0373
113.985
97.5272
86.8605
121.607
106.55
72.967
61.0755
116.365
140.001
134.831
136.625
132.054
125.92
90.1028
107.384
----------------
init (avg): 65.1892
----------------
----- commit -----
5.57623
8.74749
10.5183
13.0119
9.85816
8.68041
10.8523
11.0828
11.138
8.76822
9.9865
10.135
11.4357
8.581
9.51655
9.19288
13.7055
11.6064
17.4804
11.1794
11.6333
9.64388
8.63618
9.15803
8.13484
9.56208
10.4409
9.59807
11.0945
14.2299
9.37584
9.91605
10.2625
8.15212
11.4872
13.6632
13.6782
11.5004
9.6218
12.4789
8.39652
9.38354
8.93046
11.8695
10.2429
10.4398
12.5572
11.9334
11.4814
12.7978
11.2823
9.99243
10.6352
12.3369
10.5234
9.94171
8.98504
10.9343
14.4558
9.12799
13.0785
12.3919
9.36976
13.2307
9.63255
10.8978
10.6189
9.15199
11.4162
19.2867
12.0242
10.9791
8.00313
10.7513
11.7801
8.90227
9.29258
9.76503
11.7683
11.9721
9.51003
9.54202
10.2368
10.8347
11.9001
10.5819
9.82174
9.05741
10.3867
10.4463
7.14698
9.33639
8.46315
11.5441
12.8835
10.6846
15.158
8.74451
11.1172
8.79106
----------------
commit (avg): 10.7007
----------------
# Loading records:	100
skipping run
