parsing config file ./lvconfig20.conf
parsing done
<<<<< redos: 0 >>>>>
----- insert -----
4.68231
722.834
971.353
966.594
974.687
966.707
974.581
959.41
960.265
961.943
963.916
954.177
966.402
972.725
964.823
965.251
958.451
969.012
960.089
954.027
974.792
957.174
949.295
941.549
941.072
947.248
964.898
934.031
935.785
944.415
932.906
947.071
941.685
961.443
933.33
935.42
936.115
946.493
920.664
929.594
941.846
943.11
929.794
928.323
921.92
910.689
915.127
926.755
934.553
915.544
931.595
915.504
936.905
914.856
921.939
902.402
933.638
906.408
910.515
894.061
910.153
917.771
902.472
934.864
882.743
903.128
909.889
897.896
913.259
878.279
903.602
914.454
915.781
922.262
871.365
877.529
879.359
868.506
916.623
880.762
886.688
901.821
861.92
911.574
879.688
914.971
880.211
893.746
875.429
855.577
861.78
916.107
862.489
887.316
857.828
843.417
871.875
893.636
868.907
854.837
----------------
insert (avg): 909.829
----------------
----- init -----
7.09909
5.42805
15.557
21.1682
18.6765
20.1526
21.1607
28.422
27.9471
22.631
25.3102
33.6369
24.6424
19.3742
19.4786
28.2167
29.1764
21.5333
28.6021
28.4459
19.7411
34.7988
33.6849
51.3636
49.0868
39.7831
32.5109
49.5129
53.6408
47.2202
50.5341
45.0848
46.2466
40.7577
44.2761
52.6156
54.8222
40.7326
67.3341
62.5033
47.6151
45.1805
62.6725
60.7903
66.7244
79.0373
76.1235
55.338
50.4732
73.6227
53.3394
74.3834
53.1298
73.2981
62.187
85.7043
59.9284
89.2727
80.6608
83.3358
82.785
71.1915
88.4198
56.729
103.942
86.5956
76.3161
90.0926
77.1649
113.592
82.5423
73.3854
77.3439
58.956
111.555
114.018
111.635
119.622
66.9833
109.365
116.457
73.3258
130.238
75.6766
112.323
76.0095
108.773
94.6252
114.265
131.025
128.23
79.8132
130.258
95.4763
132.218
144.604
127.582
83.7221
122.551
136.102
----------------
init (avg): 66.8124
----------------
----- commit -----
6.2801
9.13061
9.59803
10.8201
9.95394
9.74452
9.42937
11.2747
15.341
12.2395
10.4219
9.70988
11.9987
10.7021
8.91089
10.7001
9.1922
12.1241
14.1345
9.66702
11.7177
10.3532
10.8621
9.40835
7.48001
9.10447
11.7618
10.8661
10.0368
14.0015
10.0527
10.4025
12.1176
7.40893
11.4454
9.03045
14.1077
10.5259
10.2199
13.1176
8.80898
8.03894
10.5123
11.9963
9.91075
10.8642
15.0137
13.5054
11.3036
13.9459
12.2348
10.9062
10.4891
15.3801
10.5623
8.02086
9.38401
7.47315
15.4626
9.8389
11.5372
9.36579
8.78353
12.3033
11.7105
11.5466
10.5412
10.0049
9.79789
17.361
11.4286
12.1966
10.1676
14.7779
12.8551
10.4753
9.7157
16.3834
11.9727
9.96557
9.89006
8.41818
9.50012
9.13796
9.72951
11.8412
8.95507
12.1859
11.6885
9.51445
8.59406
9.40633
9.76825
11.1066
12.4392
9.91699
10.9263
10.1162
10.1948
8.52626
----------------
commit (avg): 10.8379
----------------
# Loading records:	100
skipping run
