parsing config file ./lvconfig30.conf
parsing done
<<<<< redos: 0 >>>>>
----- insert -----
4.82438
194.623
978.161
966.504
969.795
978.414
968.548
960.453
962.924
956.164
969.315
958.5
967.075
973.188
958.114
961.971
958.859
964.614
967.004
952.202
955.933
969.937
950.1
961.645
955.838
954.376
953.002
950.743
933.909
937.771
937.966
967.972
940.78
971.659
934.423
937.621
945.634
947.885
940.722
936.212
929.573
931.057
937.154
926.204
932.949
912.666
923.85
931.329
919.208
916.788
914.411
925.251
913.132
928.457
911.793
931.184
932.619
934.412
906.393
898.594
926.531
904.311
901.673
897.488
887.346
891.987
899.184
921.171
899.671
881.785
946.907
932.706
909.816
884.691
915.031
900.273
898.892
930.264
883.709
905.511
879.162
878.861
915.441
863.82
909.673
913.36
866.521
870.367
866.717
857.446
878.619
869.144
892.383
869.55
884.104
869.124
908.222
840.618
843.147
843.284
----------------
insert (avg): 906.509
----------------
----- init -----
7.35159
7.07052
10.1804
20.5097
16.8119
11.1334
24.3751
26.9119
26.0963
28.7725
21.6206
29.4586
24.3398
18.156
27.517
36.255
22.009
25.8907
21.7162
34.6249
30.0629
25.7404
31.6366
29.8303
35.1062
35.2312
36.2582
39.1757
55.3278
51.7775
46.7147
26.5872
43.8978
29.2156
45.9264
52.5331
41.6738
39.8838
49.5993
55.441
59.7184
57.5531
53.8619
63.2252
56.1872
75.3702
67.5705
55.7816
63.5365
74.0909
77.1973
65.2084
76.0858
60.5798
73.5277
58.4817
56.6069
56.9979
86.5742
80.0427
64.4475
83.4999
88.0759
97.49
97.2741
99.3851
86.4769
70.534
89.4319
106.465
49.7886
52.3059
85.6076
96.5719
74.0856
86.0715
96.8808
58.4594
99.3345
87.5116
123.863
96.3462
68.6076
127.298
80.3983
78.0091
121.51
121.74
121.278
128.845
112.889
121.606
100.735
111.725
109.079
119.768
91.7925
137.268
148.324
144.73
----------------
init (avg): 64.9613
----------------
----- commit -----
7.04655
11.8491
11.3214
11.6939
13.3566
11.3913
10.0999
11.8941
13.7513
10.1636
9.69051
9.28383
9.54931
13.2824
9.69614
10.8443
9.73621
12.8786
13.3364
11.5045
10.7897
10.7146
11.6464
9.3728
8.49607
12.1379
7.44643
11.6733
10.7112
13.526
8.6849
9.99551
11.2185
9.74922
11.4859
12.8953
12.9692
8.9823
8.1542
13.2826
8.85977
8.41239
11.7923
10.7521
11.4637
10.8637
14.7576
11.2233
9.38351
8.93348
9.91344
11.3815
10.3874
14.1603
10.2136
9.99122
10.4294
10.4297
14.9954
10.5734
12.3611
9.44959
10.1693
10.7133
10.0464
11.2282
9.17972
9.70256
10.0173
8.7851
11.6699
11.9749
11.9229
12.8722
11.567
8.84545
8.82927
15.8372
9.93455
10.0251
9.8667
14.1234
8.96032
9.53187
9.57663
10.5738
10.8207
11.3306
11.6493
10.1059
9.50666
10.2702
9.59908
9.81985
12.1974
9.62925
10.5473
9.20049
11.4866
10.5973
----------------
commit (avg): 10.7974
----------------
# Loading records:	100
skipping run
