parsing config file ./lvconfig12.conf
parsing done
<<<<< redos: 0 >>>>>
----- insert -----
4.81599
511.455
972.111
971.778
969.037
970.329
972.584
961.95
967.608
957.737
960.985
960.717
959.462
971.794
960.047
966.896
953.335
967.463
962.867
947.246
946.991
970.072
946.241
947.254
933.661
953.743
943.54
934.379
947.752
940.345
931.325
940.521
962.943
962.753
941.161
939.543
946.073
934.088
927.516
925.96
924.851
939.689
939.983
926.646
913.891
910.07
937.776
925.735
917.437
929.521
909.052
919.563
917.859
912.056
909.448
919.282
902.501
911.413
899.594
942.666
901.73
900.201
897.251
909.155
882.308
899.161
905.931
894.153
903.292
890.755
915.768
875.069
906.866
891.747
871.638
920.873
899.859
865.047
905.1
879.14
901.442
874.958
896.564
871.147
865.702
885.676
884.463
921.188
905.045
855.595
869.16
903.931
889.968
851.684
854.149
885.597
892.912
839.902
872.696
862.837
----------------
insert (avg): 906.548
----------------
----- init -----
12.1327
7.54746
14.7087
19.9695
17.6884
19.2819
20.2491
27.4192
20.5498
26.0135
29.8337
27.1727
30.6185
22.334
27.245
32.1343
28.377
23.0082
25.5683
37.2134
43.7611
21.0541
35.8394
45.9477
53.6232
37.7226
48.2708
53.0474
43.0385
49.2681
56.2547
47.2395
28.3345
42.3996
40.5671
44.3313
38.3604
54.0848
60.8563
61.9922
62.9408
51.2168
51.6953
62.2441
73.7993
76.0882
55.2509
58.3369
64.6557
60.9433
80.3976
70.2082
71.3447
82.0322
73.1036
74.13
89.5145
79.8639
86.5935
45.2331
88.6542
89.9591
91.0377
79.1555
102.852
93.7881
77.6926
100.254
85.9371
98.6163
71.1568
108.458
84.7612
90.7401
113.395
71.306
91.6338
119.361
87.8395
109.311
105.698
87.4727
90.2421
117.497
125.659
103.508
102.372
73.6669
82.7304
132.338
122.16
88.8953
102.192
133.333
134.237
102.847
96.2541
145.936
116.161
125.299
----------------
init (avg): 67.8906
----------------
----- commit -----
6.41811
8.88439
9.69173
12.1499
10.5835
9.28857
9.51056
11.5732
16.2378
10.4822
10.008
9.76631
9.72694
9.53595
9.64592
9.16451
9.51871
12.1853
14.7082
12.2457
10.9535
12.3312
10.6868
9.85871
8.37314
10.9457
8.572
9.63213
12.0171
11.3762
8.62843
11.12
12.2614
7.427
10.1758
13.8937
14.8131
11.3174
11.4841
12.6968
8.2823
8.5678
11.1627
12.3334
11.0341
11.9842
14.8836
14.7147
9.66627
12.1102
8.60873
8.44673
9.38772
14.6233
8.10491
9.42675
8.99616
10.1374
13.9641
9.76074
10.8936
11.6796
10.9269
12.998
10.3869
11.8525
9.25616
9.61235
11.7892
15.4856
12.2612
14.4261
12.1137
13.5593
11.4159
10.4067
10.1718
9.95837
10.7471
11.0579
20.0957
13.7547
9.07482
8.77396
11.6033
11.2769
8.06502
11.4329
9.73972
10.1024
10.1993
9.17162
9.18608
11.9981
11.9565
9.80408
15.6066
9.408
11.4141
11.1203
----------------
commit (avg): 11.0087
----------------
# Loading records:	100
skipping run
