parsing config file ./lvconfig19.conf
parsing done
<<<<< redos: 0 >>>>>
----- insert -----
4.08784
723.487
972.396
968.42
973.241
967.623
966.083
958.946
964.277
964.064
961.829
946.307
975.899
961.16
957.903
962.386
951.237
971.993
958.619
956.332
957.895
956.876
953.446
953.334
946.372
951.439
955.432
933.392
966.717
934.358
931.174
943.591
953.886
941.462
964.713
950.258
959.173
937.653
923.49
931.077
934.142
926.334
928.534
919.414
912.457
927.336
926.398
929.611
919.999
922.821
925.282
915.35
910.222
909.071
909.784
906.515
906.08
906.957
915.395
925.184
910.175
904.008
904.59
918.367
890.47
898.064
883.404
934.133
900.721
915.251
892.308
879.454
876.485
914.393
898.79
901.472
877.211
886.456
915.571
881.07
903.347
905.604
873.881
866.187
878.277
894.383
905.957
899.216
865.305
860.612
863.642
890.582
858.704
874.206
859.066
857.478
863.15
886.586
852.553
854.181
----------------
insert (avg): 908.842
----------------
----- init -----
7.23597
6.73684
15.5318
18.6086
18.8426
19.9651
25.4415
29.0505
20.8729
29.3465
27.5369
40.8405
16.1138
27.8135
26.5512
35.5127
29.7274
22.4033
31.2061
25.5602
33.701
33.4128
29.4266
35.424
44.8092
38.2859
34.7832
52.947
26.7046
56.9014
55.7603
48.1995
33.9745
52.4416
28.0515
33.9058
34.1941
49.8969
66.1906
59.3921
53.9124
64.6972
62.4264
66.7532
78.3161
62.0094
65.7085
55.9611
63.9529
67.1892
66.5149
73.2352
79.0499
79.9359
72.4305
87.3832
83.6978
84.7527
78.4922
54.4103
81.3005
83.0233
82.12
76.3292
92.7843
94.6951
103.287
57.3368
84.6826
76.9678
97.4319
102.956
113.316
67.7825
92.8937
86.9702
112.866
101.056
68.4038
108.17
97.422
70.3594
109.989
123.846
113.059
97.9043
80.3014
90.5333
124.487
127.493
128.068
98.566
134.832
108.473
129.931
130.533
126.076
97.2366
137.735
133.776
----------------
init (avg): 67.6912
----------------
----- commit -----
6.08501
10.2641
10.6865
11.7408
8.71649
11.3187
11.3043
11.1666
10.6572
10.322
10.5249
8.7521
12.7305
13.9647
9.48068
10.0068
8.35722
10.4584
16.496
10.577
11.5782
15.1504
10.5999
8.93352
8.66191
11.1983
10.4832
8.55003
10.0061
10.8277
9.91424
9.92146
12.0835
7.57423
7.95539
6.7468
13.6019
9.96434
10.7905
12.8017
8.75783
8.78025
11.5717
11.8745
9.87417
10.7719
13.2264
14.259
8.77336
10.8635
9.98131
11.2471
10.4057
14.5435
8.27667
9.63183
9.86967
9.2783
14.444
10.2793
12.689
13.1311
10.3782
10.9704
9.42613
10.9211
11.032
10.2412
11.0492
15.5866
13.8692
13.7847
11.0585
10.7775
12.1494
11.5063
9.96579
16.4499
12.4676
12.4219
9.09747
14.2752
8.90455
9.35225
10.3965
10.7921
9.86701
11.6037
10.089
9.86863
11.8645
10.4156
10.8565
11.6747
12.0328
10.6981
15.0229
9.63422
12.4234
10.1021
----------------
commit (avg): 10.9651
----------------
# Loading records:	100
skipping run
