parsing config file ./lvconfig7.conf
parsing done
<<<<< redos: 0 >>>>>
----- insert -----
5.41119
509.802
977.825
969.417
968.102
970.087
969.354
963.76
968.779
959.291
960.758
952.403
977.42
959.675
960.891
958.118
952.975
959.705
962.165
951.398
945.797
967.789
952.864
963.547
951.743
945.781
946.241
937.733
948.285
941.021
942.822
950.229
950.266
973.885
934.164
939.872
931.728
924.669
920.278
962.959
925.219
919.928
927.531
935.985
919.293
912.932
939.155
926.955
947.508
921.245
904.104
912.446
933.311
920.186
928.415
911.386
919.137
936.049
950.702
917.076
917.937
926.296
901.608
897.958
886.747
921.519
911.073
930.967
905.363
883.09
928.187
884.471
892.496
879.094
892.613
879.359
886.453
876.281
874.482
872.548
887.692
928.603
870.894
882.251
863.009
904.755
866.54
871.11
876.21
880.804
880.311
874.632
858.062
884.076
887.801
840.754
871.668
837.456
882.309
847.396
----------------
insert (avg): 907.424
----------------
----- init -----
13.7832
8.5053
11.404
16.1314
20.593
20.5668
26.0488
23.5965
20.6369
26.2454
29.9355
34.3307
14.7051
29.2526
23.2008
37.8339
31.9921
27.2309
28.6503
29.8404
46.9067
22.114
30.2575
31.6594
35.5986
43.1729
46.1486
50.5034
40.582
50.0603
43.1484
43.8321
38.0411
35.3264
40.8643
48.6164
55.7899
62.8305
67.993
29.9236
64.1514
71.0063
62.1686
53.7009
70.2196
77.2914
51.4445
55.7396
38.0899
69.5939
81.8506
77.3101
54.0845
72.2442
54.3478
79.3225
73.9052
52.9039
45.115
63.4335
73.2832
62.0079
87.2766
92.745
102.452
68.0976
71.5705
65.1777
86.8553
106.004
60.0572
100.332
96.1481
102.745
99.5215
108.735
103.993
112.84
109.145
115.556
98.2918
59.669
119.101
107.452
127.786
84.2164
120.169
118.366
114.191
108.136
109.857
114.357
136.939
101.177
100.272
147.889
118.083
146.402
108.865
141.375
----------------
init (avg): 67.1291
----------------
----- commit -----
6.8072
10.0132
9.51975
12.0728
11.2883
8.97461
8.94388
10.5054
15.4241
10.6248
9.35375
8.67339
12.8182
14.389
10.8178
9.09493
12.0343
11.5729
16.1939
9.0435
12.3003
12.3072
9.8485
8.62273
8.73025
11.045
10.2498
10.81
10.4149
11.4567
8.67564
9.65445
10.7858
8.21931
8.74033
12.9697
11.9711
9.81477
9.11546
11.288
8.61783
9.53317
9.52896
12.4107
11.021
9.57769
15.1355
12.1888
10.0049
12.9626
11.6687
12.0206
8.87879
14.5769
9.73758
8.20145
9.63685
10.3191
13.7624
9.56898
12.3124
12.0651
8.8775
12.0911
9.40525
11.7611
7.5112
9.00601
10.2847
17.0225
12.3406
12.2472
13.5501
11.3601
11.1494
10.8379
9.12502
15.9508
11.2889
11.5271
12.0523
11.2781
9.46665
10.2613
11.5677
11.7219
10.3954
11.2692
11.0569
10.2116
10.8997
7.69241
9.37392
12.533
12.0623
10.0742
14.3494
9.62361
11.9986
9.79334
----------------
commit (avg): 10.9193
----------------
# Loading records:	100
skipping run
