parsing config file ./lvconfig38.conf
parsing done
<<<<< redos: 0 >>>>>
----- insert -----
4.55092
954.51
987.401
1030.86
942.687
984.775
972.459
985.792
984.15
983.743
984.071
983.411
982.276
982.813
982.911
984.041
977.01
979.952
978.529
978.246
980.615
974.164
977.102
978.282
973.389
973.745
975.16
975.111
973.687
977.758
970.951
973.08
969.188
966.251
968.81
971.757
968.431
970.278
967.202
967.591
970.812
968.914
964.737
975.483
956.53
966.033
968.652
962.511
964.855
969.454
958.569
965.293
960.147
963.555
964.639
960.173
960.91
961.227
956.362
953.538
955.106
953.504
957.654
957.675
957.17
957.714
950.753
954.984
947.012
954.326
954.614
956.236
949.278
946.217
946.332
950.715
948.857
950.834
951.405
950.232
949.786
949.68
947.802
948.915
950.243
948.82
949.658
948.782
947.021
947.7
945.794
943.73
942.912
941.849
941.533
937.071
935.608
931.033
934.958
930.538
----------------
insert (avg): 952.932
----------------
----- init -----
9.00181
6.13753
7.0656
7.72748
7.85746
8.88618
20.9505
9.5458
10.5106
10.3882
11.1244
11.1441
12.0124
12.3484
12.2835
14.3213
14.21
14.3359
16.6192
15.3257
16.2672
17.2955
17.2596
17.9872
19.7655
19.3409
19.0175
19.207
21.0121
20.2261
20.158
21.6807
24.7764
27.5879
24.4388
24.1373
24.1837
24.7802
27.2989
25.4273
24.5258
26.7322
28.0513
28.4404
28.1223
28.1847
28.5542
29.6631
29.8634
30.2416
31.0887
31.8026
31.3355
31.367
32.8166
31.8418
33.8425
33.0919
38.3311
39.9336
41.2764
38.2038
38.0785
35.9118
37.0341
37.3053
43.2755
41.4921
43.4107
39.9566
40.6584
38.6245
45.07
48.4655
47.6133
42.6707
45.6884
43.7796
44.1859
43.6826
45.0756
44.43
47.3107
45.3864
45.3871
44.7752
45.8205
45.7479
47.7184
47.3429
49.5966
51.3192
50.9841
52.0598
52.8523
57.9467
59.5857
61.8454
59.2182
62.5133
----------------
init (avg): 31.3477
----------------
----- commit -----
5.29361
5.16444
5.69021
4.99987
6.48629
5.91771
5.14883
5.81681
5.11203
5.2697
5.06726
5.24329
5.4104
5.02117
5.50007
5.1604
5.3918
5.55573
5.71692
5.86504
5.30758
5.75595
5.40202
6.08002
6.30044
5.78613
5.33814
5.20234
5.67713
5.9309
5.23161
5.57724
5.78143
6.62303
5.76611
5.62084
5.19575
6.14601
5.7166
5.0307
6.3343
5.41951
6.02728
5.10473
6.00374
5.45146
4.99455
5.51718
5.41705
5.04424
5.19698
6.10603
5.17659
5.17798
5.51025
5.26614
5.56661
5.52004
5.92761
5.62703
7.89689
7.71193
5.52214
5.48189
5.73973
6.02785
5.27736
6.72569
6.16016
4.93219
5.15476
5.22193
5.24769
6.29354
5.94605
5.62049
5.04873
5.00752
5.30914
5.48737
5.73182
4.99359
5.37853
4.94373
5.7127
4.67091
5.65432
5.39299
4.93995
4.97979
5.23213
5.40326
5.78039
5.5015
4.88034
6.03796
6.37494
5.6034
6.81409
5.29304
----------------
commit (avg): 5.57823
----------------
# Loading records:	100
skipping run
