parsing config file ./lvconfig26.conf
parsing done
<<<<< redos: 0 >>>>>
----- insert -----
4.48226
631.148
971.198
967.443
972.884
969.097
973.737
964.46
961.869
962.852
960.812
954.147
969.355
964.461
958.575
976.203
954.307
966.182
959.035
953.413
946.179
962.875
948.54
956.042
942.348
954.412
946.087
949.571
948.3
946.755
921.494
949.641
952.097
954.119
938.4
939.836
932.778
928.261
932.648
926.383
951.527
945.214
917.916
923.78
916.963
916.654
938.17
917.512
919.228
914.989
910.563
918.075
909.165
932.396
899.594
908.116
938.302
937.909
936.532
903.367
916.63
935.02
911.652
899.649
920.276
913.176
898.621
922.752
892.326
887.474
905.51
884.021
908.326
876.708
878.763
884.38
881.688
885.491
873.072
929.993
872.885
915.595
859.318
878.992
888.569
888.011
919.195
863.527
873.404
858.519
882.765
885.717
890.08
855.968
845.514
849.01
893.224
897.635
880.063
895.334
----------------
insert (avg): 909.273
----------------
----- init -----
7.00493
6.65797
15.1421
20.5335
19.2831
15.8421
20.9694
24.8272
25.9954
25.9491
30.2545
33.35
22.8534
24.4524
28.7837
23.7737
27.5128
25.0432
29.9115
33.5489
44.6296
30.4022
37.2591
34.6389
47.9676
32.9643
46.4425
38.5928
40.1553
43.4563
64.2109
42.7782
38.3216
41.8845
43.0973
49.8279
50.9296
60.5433
55.6586
65.2773
35.6032
47.1699
72.6856
66.066
71.5715
72.6455
52.7693
70.4523
65.223
71.9591
76.0569
71.9764
80.1677
55.6685
83.947
83.873
49.1389
55.8664
55.2355
75.8483
76.6213
52.0386
79.159
97.0764
67.7675
76.8238
86.013
70.4266
98.0741
100.267
83.3797
97.6876
85.0774
105.262
109.167
104.252
107.832
102.556
104.858
61.1535
121.639
72.4324
124.481
110.541
102.378
100.773
72.9315
124.17
117.501
130.763
105.987
105.666
103.833
127.219
142.567
140.146
105.782
82.1274
111.295
93.1259
----------------
init (avg): 66.455
----------------
----- commit -----
6.26305
9.09074
11.4822
11.8504
11.3411
8.23279
9.92581
11.5069
11.5288
9.84589
9.74333
8.56199
12.7005
10.9226
9.22033
9.36802
9.47223
10.4914
12.6253
10.6574
9.99578
11.1924
10.2936
9.46578
9.8163
11.0036
8.45035
10.9807
11.1599
12.483
9.36617
10.5582
9.3072
9.81023
11.4257
14.3414
13.5537
9.72462
9.98017
12.7304
8.30239
8.75266
11.0939
11.1531
11.412
9.97589
14.4144
11.6427
11.5745
12.2843
10.9947
11.8019
10.5658
14.8376
9.06658
10.7221
9.81563
10.5182
14.3121
9.01377
10.4408
10.5317
9.34409
9.79573
9.26723
10.9717
9.98968
8.99807
11.7664
17.0837
12.4287
12.9008
11.5298
16.6251
9.51501
11.2083
10.2387
18.6406
10.8193
10.5998
8.22621
14.3344
9.34242
10.2696
11.2005
9.67572
9.72149
10.735
10.4998
10.7735
9.69109
10.299
9.81927
12.3862
11.6062
10.4381
9.48215
9.14592
10.6013
11.0193
----------------
commit (avg): 10.8469
----------------
# Loading records:	100
skipping run
