parsing config file ./lvconfig28.conf
parsing done
<<<<< redos: 0 >>>>>
----- insert -----
3.95179
628.504
972.556
980.056
971.518
966.271
968.156
960.644
960.353
964.589
962.528
943.956
977.093
971.285
963.062
963.811
959.189
973.449
968.456
955.003
975.137
954.292
950.326
957.259
948.839
947.373
957.916
947.379
944.688
951.83
931.04
953.286
943.722
947.14
947.204
936.52
951.994
923.814
955.776
929.35
930.71
928.031
922.898
924.701
911.964
919.082
916.467
926.602
932.353
929.504
931.241
911.072
916.36
920.617
914.563
943.575
899.716
905.903
941.726
934.342
901.75
932.761
924.53
912.716
890.564
897.86
894.24
905.515
908.888
897.557
890.516
874.148
882.346
875.161
917.381
882.299
886.766
864.628
870.624
872.558
905.71
880.532
873.534
868.732
916.64
888.726
900.644
876.779
898.383
864.921
855.615
866.717
875.087
917.117
857.931
907.223
854.65
855.569
856.113
884.897
----------------
insert (avg): 909.191
----------------
----- init -----
7.65451
6.69133
14.6571
10.6822
17.0075
21.5941
25.9018
27.4789
28.5909
24.4625
27.537
40.6698
16.3746
20.0124
24.6439
27.0871
26.0068
20.0531
21.3841
31.4052
19.4247
37.0215
32.4699
35.0629
42.3575
39.5569
33.2205
41.2845
44.1037
40.3309
54.0592
39.2294
42.8051
51.614
33.0942
54.2479
35.1356
60.4877
36.1774
60.8273
58.5794
60.451
68.2872
65.2813
77.5481
70.6528
72.4525
59.6305
48.4914
62.406
60.0003
77.3486
71.0179
73.0965
68.0421
50.4321
90.0454
85.0032
52.1855
46.2933
90.627
53.8126
68.1362
78.2378
95.35
94.917
91.9391
84.1041
80.1155
90.0649
98.7466
110.717
112.108
105.755
73.9701
107.322
104.429
123.061
113.593
114.833
100.093
90.4246
119.778
119.682
72.608
101.409
86.808
113.39
93.9155
121.045
137.011
124.505
111.503
70.8499
127.819
82.6015
135.58
126.833
134.266
103.882
----------------
init (avg): 66.5549
----------------
----- commit -----
5.72128
8.54605
10.9255
10.9886
11.0946
9.07069
10.2007
10.8828
11.5083
9.85548
10.6431
9.76742
12.9973
8.46677
10.9146
10.0473
9.11717
10.6255
11.907
7.93569
10.7753
12.5251
11.4217
9.33798
9.03752
10.7823
9.96982
10.4115
9.65781
13.8533
8.79281
11.0234
12.3277
7.87732
10.5791
13.537
12.8797
10.8165
9.1906
13.7066
9.11422
8.6414
10.733
11.1678
10.1105
10.2018
16.6362
13.2845
8.93353
11.4353
9.89222
10.8851
8.35101
13.6938
8.62929
10.311
10.06
9.13932
13.4102
9.15374
11.9204
9.86558
9.45286
11.6248
9.88005
11.6535
10.5871
10.9553
12.5357
16.5022
11.7215
11.5848
10.1503
10.6348
11.5791
10.7426
9.14073
14.7702
12.7562
10.1562
11.1177
10.1624
9.43514
10.3724
10.9749
10.8261
9.74753
10.824
10.8646
9.32336
10.602
9.17236
12.8941
12.6491
12.0524
9.47604
14.8697
10.3176
11.9608
10.048
----------------
commit (avg): 10.7941
----------------
# Loading records:	100
skipping run
