parsing config file ./lvconfig4.conf
parsing done
<<<<< redos: 0 >>>>>
----- insert -----
5.41837
198.482
977.982
971.194
968.151
970.469
966.556
964.484
961.004
957.437
976.042
957.657
974.835
971.607
964.726
958.982
960.439
974.104
961.824
960.76
949.52
955.494
968.327
941.353
948.758
948.135
948.078
947.741
967.331
944.2
939.266
952.347
942.124
967.332
934.622
937.037
930.505
922.485
938.608
936.791
924.529
937.098
932.841
920.425
914.7
916.917
917.776
916.701
915.114
923.777
943.791
931.849
912.709
925.408
906.831
906.771
897.762
913.491
919.558
900.664
905.452
896.106
899.582
924.49
895.633
903.335
887.739
919.555
894.006
901.271
891.107
905.975
912.157
915.317
911.756
890.857
878.965
868.63
866.019
880.509
883.366
886.938
861.327
891.447
884.528
871.332
867.04
872.018
880.864
872.159
931.779
890.195
890.519
909.607
870.393
845.089
913.145
842.453
839.415
843.134
----------------
insert (avg): 903.961
----------------
----- init -----
7.41632
6.88003
11.1605
18.1762
19.2598
18.2445
27.6545
24.8592
26.7062
31.6954
17.6697
30.7434
17.893
18.6762
24.7472
30.8786
24.4769
20.2245
27.6354
26.1545
41.0845
34.9786
21.059
50.6874
42.4033
39.4604
44.5885
35.2156
26.5371
46.6232
46.1384
37.3167
45.6859
37.8433
43.7971
51.1499
54.601
64.7847
52.7024
53.7653
65.4529
53.2903
55.0396
68.8646
73.5565
73.5329
72.4762
67.6502
67.4283
66.8312
47.0432
58.3271
72.378
68.2737
76.4136
85.5682
93.3584
81.1089
71.0666
79.0788
85.971
93.1053
86.0678
71.8099
88.6509
89.4442
95.8942
75.5506
94.7778
88.092
94.7117
77.8481
76.5501
71.7006
80.7093
97.7333
113.626
115.943
127.019
107.41
123.563
88.4381
123.715
99.264
105.65
118.809
118.594
118.9
109.103
116.788
61.6057
100.529
102.545
75.055
120.056
143.505
84.8644
140.684
148.817
148.055
----------------
init (avg): 67.7947
----------------
----- commit -----
7.01365
9.34695
9.57917
11.5072
9.85762
8.66085
10.0174
11.3903
10.7608
7.7187
8.89272
8.34306
11.8612
10.8094
9.00041
11.5035
9.05599
10.1071
11.8183
12.7591
10.378
8.72755
9.2424
9.11587
8.06489
11.5568
10.9958
8.29757
11.119
13.9502
9.98919
10.799
12.5693
7.16811
9.23153
12.4282
13.6872
10.3202
9.57659
12.2461
9.19114
10.2928
10.12
12.5999
10.4647
10.029
15.1221
13.7734
10.2978
9.57212
9.95382
11.1971
10.4727
14.2707
8.53191
9.50461
10.3205
9.01916
13.8337
10.483
11.2095
11.6778
9.4921
12.0857
9.1132
10.9625
8.8884
10.9041
10.2575
16.069
13.0707
14.2229
10.1759
10.9881
10.2002
9.13967
10.6946
9.76657
11.1417
9.10106
9.57195
12.8113
9.5435
10.1137
10.3983
11.6937
10.314
10.6159
9.59668
8.73787
9.97891
9.89592
8.68079
11.2768
12.2027
9.66376
8.86099
10.272
10.4593
9.53901
----------------
commit (avg): 10.5191
----------------
# Loading records:	100
skipping run
