parsing config file ./lvconfig35.conf
parsing done
<<<<< redos: 0 >>>>>
----- insert -----
4.49492
1121.06
366.414
978.688
990.376
967.377
985.858
974.531
981.136
983.05
1018.51
930.114
978.095
988.423
950.706
979.688
977.326
1145.35
810.352
976.919
980.126
958.136
978.701
975.662
1262.96
676.758
958.015
975.911
964.016
967.997
967.298
974.248
969.386
968.477
969.183
967.955
965.403
966.796
966.227
966.591
966.667
967.271
964.891
962.18
963.651
962.983
963.915
1281.33
638.55
1527.05
393.258
959.441
958.945
954.663
962.387
954.892
1122.88
784.93
1130.77
780.893
950.075
956.885
953.055
956.056
952.858
946.36
953.618
955.347
950.59
947.526
953.294
944.004
940.101
953.063
940.845
943.168
950.668
928.351
941.08
942.879
1112.22
767.58
940.854
943.208
943.506
942.993
942.398
939.294
938.427
938.868
941.14
938.394
938.863
943.949
943.963
939.418
932.731
939.473
937.432
937.185
----------------
insert (avg): 944.516
----------------
----- init -----
7.46323
9.53207
10.0701
8.13775
8.77869
12.1017
10.9959
11.9125
12.3262
12.7152
12.4907
15.9684
14.4446
13.467
23.4146
14.1683
15.0061
16.3496
16.1921
16.1751
17.117
23.2992
16.3891
18.8364
22.217
19.5168
26.2098
19.5896
26.0073
20.3693
22.3167
20.9137
22.5996
24.4888
24.4601
25.7844
26.8239
25.9113
27.9723
25.5352
26.2017
27.6811
29.455
29.7485
29.0237
28.9478
30.7605
30.7481
30.7471
33.3188
30.842
34.1801
36.7608
34.1023
32.7592
35.6969
36.4289
38.6858
34.3972
36.7101
41.5166
36.2315
37.8623
37.3291
39.0169
42.2369
39.7802
39.0225
42.5802
44.0244
43.5747
46.5439
49.6746
45.1496
46.5454
42.1742
45.5058
54.1476
46.8001
49.2817
46.7726
47.0658
48.6548
50.3953
49.818
50.1927
51.3578
54.4174
54.3224
55.344
52.2582
53.7864
54.0126
50.1026
50.5156
56.9971
58.1645
54.2788
56.8361
55.8769
----------------
init (avg): 32.8543
----------------
----- commit -----
6.4346
11.7436
11.6357
6.14952
15.469
6.42922
9.34221
6.19646
6.16681
6.65437
14.9087
6.57956
6.57381
17.6432
6.25704
7.30886
5.70621
6.26232
6.56168
6.65252
14.1277
5.93712
8.14949
8.46598
12.7181
10.0202
6.09544
11.3484
8.59339
10.1833
5.87106
7.18395
6.71096
6.44708
6.99709
7.20843
7.17509
5.31242
7.67792
6.69846
5.74667
6.52531
7.71429
9.32738
5.03506
6.71234
6.20005
11.1951
5.97105
9.9031
5.77289
6.51396
9.29061
6.13543
8.66047
6.01458
10.6715
6.44657
10.9444
7.63865
7.09648
8.93512
7.28864
8.14119
10.5035
6.39183
6.62605
5.92792
8.16764
6.3252
8.56827
7.54917
6.29202
8.02414
14.9465
5.82053
15.4566
11.9834
7.7668
11.9762
13.8522
10.9787
6.68729
6.80031
7.08692
5.94027
6.69222
6.74268
6.376
6.27717
7.37321
6.96608
5.99743
5.47645
6.22899
6.80623
5.74909
5.79721
6.5782
5.11145
----------------
commit (avg): 7.99322
----------------
# Loading records:	100
skipping run
