parsing config file ./lvconfig39.conf
parsing done
<<<<< redos: 0 >>>>>
----- insert -----
4.76802
412.404
985.29
988.821
981.905
984.978
985.364
985.215
981.78
983.841
982.806
983.669
981.34
982.094
982.131
980.369
978.282
978.746
979.738
979.502
977.255
980.15
975.408
975.77
971.39
977.39
974.256
975.76
975.442
970.804
973.163
974.336
972.67
973.431
972.403
972.637
970.79
972.28
970.28
969.724
968.907
969.567
970.176
962.326
963.589
963.777
967.594
962.783
964.598
963.773
964.49
964.393
963.279
962.453
964.655
961.759
961.187
961.958
958.165
954.001
957.731
959.422
960.401
957.417
958.088
956.351
959.032
955.325
956.833
955.328
955.324
953.246
952.366
954.161
947.208
955.686
948.135
950.098
954.131
948.566
949.246
946.957
951.831
943.156
948.312
944.582
945.215
946.424
943.642
946.649
940.471
944.722
939.515
940.77
940.901
940.167
940.391
941.436
939.97
942.246
----------------
insert (avg): 948.233
----------------
----- init -----
16.3541
6.02621
7.30797
9.00504
10.0689
8.4582
9.93258
9.41931
11.6042
11.3231
10.9131
11.6272
12.7213
12.7188
12.7778
14.2046
14.8851
14.4443
15.5766
16.567
16.7001
16.6184
17.1642
18.4956
22.7663
18.2345
19.3472
19.1479
20.2791
21.8096
20.5645
20.2587
21.5048
21.6751
21.9178
22.2343
23.5729
23.0386
23.9033
25.073
26.0711
24.6525
25.6277
31.4598
32.4926
29.1368
28.0935
30.2808
29.814
29.9708
30.0516
29.8293
30.9925
31.1783
31.0927
32.2244
33.8255
33.2309
35.8377
37.1681
36.5148
34.6162
35.1318
36.5509
36.4604
36.7632
36.8996
38.1879
37.8943
39.3088
39.0084
41.2678
42.7007
40.9685
45.321
42.0139
44.4047
44.2817
42.3072
44.4243
44.2961
46.4502
44.507
49.7741
46.4573
49.4384
49.1899
48.8373
48.5484
48.5758
53.0939
50.576
54.661
52.9244
53.786
54.6884
53.7607
54.3743
53.0419
52.9569
----------------
init (avg): 30.6824
----------------
----- commit -----
5.15383
5.05928
5.49528
5.38079
5.98887
5.29713
5.0281
5.97034
5.19966
5.82182
5.65606
4.98508
5.20246
5.5391
5.75877
6.10625
6.1729
4.99562
4.81262
5.48137
4.98685
5.95726
5.41648
5.40995
5.38464
5.51698
5.34096
5.27487
6.4124
6.40762
5.10627
5.4776
5.40712
5.05915
5.35036
5.64638
4.90099
5.03352
5.27116
5.64202
5.60282
4.91621
5.24227
5.26588
5.78077
5.05419
5.70599
6.18093
6.29703
5.51647
5.71037
5.47241
5.53255
5.13518
5.62373
5.23583
5.60789
5.48894
9.10857
5.02107
5.94211
5.11337
5.44158
5.13322
6.06742
5.07121
6.0317
5.4081
5.10564
6.01968
5.23188
5.01394
5.37664
6.40805
5.1945
5.31302
5.42816
5.41713
5.33063
6.84372
5.75634
5.17715
5.88769
4.98749
5.90056
5.50376
5.47976
7.76288
4.71459
5.36986
5.27143
5.56734
5.76087
5.64949
5.4069
5.41843
4.98041
6.0096
4.89923
5.28991
----------------
commit (avg): 5.53292
----------------
# Loading records:	100
skipping run
