parsing config file ./lvconfig0.conf
parsing done
<<<<< redos: 0 >>>>>
----- insert -----
3.98074
633.194
972.428
973.323
969.873
966.094
973.047
961.505
975.334
957.556
974.768
955.675
975.075
963.226
961.237
962.924
961.57
965.879
968.139
961.135
948.141
959.239
959.776
942.235
956.82
955.048
951.556
946.874
951.058
937.293
932.219
946.908
957.552
956.062
944.127
935.755
934.756
937.736
921.385
927.388
941.624
932.377
931.71
928.288
913.391
914.638
920.742
931.671
921.238
927.793
909.17
913.147
910.773
932.332
925.051
929.85
924.758
916.013
908.367
892.272
906.216
904.186
917.018
913.272
908.042
895.263
886.566
893.498
906.186
893.897
886.264
888.414
893.995
885.847
905.794
883.796
893.077
869.854
910.006
892.548
907.85
876.649
919.96
891.951
899.033
871.324
872.983
891.107
936.128
867.477
918.469
863.885
855.936
875.833
848.198
874.832
853.441
864.507
867.391
878.403
----------------
insert (avg): 909.322
----------------
----- init -----
6.82812
5.55337
14.518
18.0547
20.6271
18.8292
20.3741
26.6851
14.8293
30.8583
19.8187
31.6871
17.5567
27.8643
24.4995
29.6935
25.0704
19.1557
20.4903
28.0476
42.7763
31.3405
23.639
48.8981
33.7386
35.7607
41.2947
42.2069
38.2714
53
54.2702
42.1013
33.356
52.674
34.7224
48.5025
52.5082
50.1647
67.249
64.5657
49.2921
56.4493
54.0932
62.2472
76.9047
74.563
71.465
54.5713
62.2724
62.4819
80.6813
75.3953
76.1878
61.1188
60.6176
58.3284
63.7726
75.8161
80.5065
92.069
86.5355
84.4515
71.2402
79.2173
80.0812
93.9384
100.15
94.1177
86.9137
95.4166
101.81
91.4471
101.989
95.7576
82.0458
106.127
97.7934
114.64
83.9637
95.5049
87.8253
108.519
73.4887
99.3349
90.6588
118.106
116.545
95.4028
58.1927
119.899
73.4762
124.565
140.315
108.823
138.607
114.719
135.189
119.455
123.843
110.814
----------------
init (avg): 66.6183
----------------
----- commit -----
5.32327
8.60557
10.8175
10.7827
11.1848
8.51683
9.79841
10.3657
12.0574
8.37591
8.76841
8.62372
12.0518
10.7239
9.88545
11.5009
14.187
11.2655
10.7322
11.5361
10.6914
12.2376
10.7966
9.14119
8.32905
10.3289
8.53051
9.88467
11.3821
11.9442
8.84466
9.79444
11.3664
7.61748
10.2528
13.0364
11.4982
10.1037
9.62259
11.8003
9.81205
9.22936
11.4924
13.0704
9.82873
9.46304
14.5751
12.6582
8.63839
11.7978
10.5538
11.1178
8.48109
13.8504
11.9889
9.98906
10.624
10.5764
12.189
9.99457
11.8604
11.7401
10.9947
10.4192
9.35555
11.0676
11.1024
9.40028
10.5503
16.2074
14.8634
12.6507
10.3845
14.5382
10.335
10.6599
9.11481
9.17575
11.4677
9.60743
7.21102
7.75419
8.92847
10.0551
11.3311
11.5915
9.64193
9.50231
10.253
9.69198
10.8578
8.28209
9.22969
12.3569
12.0206
11.0882
14.6315
8.70601
11.3229
10.2278
----------------
commit (avg): 10.6242
----------------
# Loading records:	100
skipping run
