parsing config file ./lvconfig31.conf
parsing done
<<<<< redos: 0 >>>>>
----- insert -----
4.24373
622.592
971.005
973.122
976.158
967.869
962.748
961.493
976.054
961.633
965.148
955.511
976.821
965.267
969.223
957.399
962.379
962.909
965.487
950.765
972.15
964.409
963.925
944.354
939.031
956.788
949.125
949.289
942.138
937.913
928.748
943.266
945.444
959
940.46
938.652
953.365
927.085
943.642
934.693
954.123
929.065
959.339
923.976
938.681
953.118
925.605
922.847
914.156
915.944
901.13
912.918
942.981
935.056
904.68
903.16
920.619
912.747
936.336
917.311
924.514
899.487
897.71
898.252
898.401
897.902
884.981
896.236
894.294
889.842
917.01
903.984
880.701
924.3
874.65
910.657
881.006
902.946
906.524
924.992
866.821
916.254
895.872
883.272
878.066
868.571
888.343
863.147
869.582
856.901
881.188
876.436
880.802
855.379
860.963
864.686
913.249
838.869
879.894
851.692
----------------
insert (avg): 909.635
----------------
----- init -----
7.31846
6.5092
14.9118
15.8237
17.7265
17.2904
28.3624
25.6597
14.046
29.1197
25.5259
32.2441
16.4469
23.9502
19.5697
34.1886
25.4813
24.6337
22.1492
30.9477
20.1629
26.3579
25.5705
46.1363
48.4831
34.984
40.5355
38.2486
49.0803
51.8885
58.5985
47.6125
43.4227
49.9614
30.7516
51.4382
35.9877
62.0784
45.56
53.3653
36.7279
58.3896
33.9716
67.3403
49.7069
35.724
65.6241
64.3936
67.6776
74.6451
84.4369
72.2711
49.4822
58.138
79.6019
88.708
68.3678
83.3516
55.467
62.6234
67.3624
87.6641
88.5502
96.7664
85.1875
95.0863
101.096
92.7508
95.5864
98.9069
68.7261
80.0407
109.07
58.8582
107.234
81.5485
109.566
82.1674
81.047
71.7661
118.994
72.9845
93.2529
106.662
114.248
121.858
101.163
124.527
121.4
129.547
109.869
112.483
113.847
129.021
127.686
120.225
80.8558
144.801
111.39
135.012
----------------
init (avg): 65.9759
----------------
----- commit -----
5.85072
9.35491
10.1825
11.3236
11.253
11.0659
10.3624
10.2648
11.4025
10.657
8.42158
8.71548
11.3371
9.2503
9.71134
11.8092
13.51
11.0694
15.345
11.2752
11.4045
8.87972
10.8243
8.99623
8.79084
11.4649
9.60515
10.1371
11.3109
12.3413
9.18446
10.0173
10.668
7.93237
10.7736
8.94876
13.9252
10.0648
8.64313
14.8922
9.66486
6.92967
9.42242
11.1544
10.2308
11.7244
14.7062
11.9438
10.1871
12.7101
12.9113
9.77172
8.03908
13.5472
10.0064
10.4669
10.0481
7.65713
13.2783
10.1376
12.1646
12.9621
10.6637
9.92504
10.2973
11.3188
10.0066
10.0106
14.4562
16.4368
11.8624
16.0332
11.6073
16.5011
11.3826
11.149
9.75798
9.69683
10.3292
12.8146
10.4841
8.70886
9.3626
8.91761
11.5055
10.2692
9.62418
10.8428
12.0161
9.89832
11.0468
9.89218
9.31309
12.1789
11.544
9.46659
14.854
9.68671
12.0692
11.0231
----------------
commit (avg): 10.8758
----------------
# Loading records:	100
skipping run
