parsing config file ./lvconfig11.conf
parsing done
<<<<< redos: 0 >>>>>
----- insert -----
5.1338
426.835
978.97
970.727
965.927
978.391
964.505
963.906
958.684
964.741
961.758
952.125
972.948
961.954
971.788
957.587
958.994
952.344
969.118
956.04
956.185
958.502
948.553
949.518
942.108
952.615
941.75
952.419
954.529
942.826
940.362
955.786
951.053
960.777
943.637
942.935
959.611
924.614
932.752
939.728
926.735
932.725
919.972
924.919
940.815
932.85
909.866
933.957
929.468
917.253
933.526
928.033
909.802
909.632
918.61
914.52
906.762
933.649
918.84
894.182
901.736
896.007
919.579
909.887
890.954
906.08
894.972
920.79
897.359
916.577
909.233
917.479
906.454
887.829
878.866
915.672
944.709
870.106
875.835
903.77
878.486
937.535
890.566
896.638
925.446
906.284
904.908
911.209
873.522
870.012
928.645
873.702
882.229
872.967
855.766
844.302
868.893
859.15
875.039
878.874
----------------
insert (avg): 909.769
----------------
----- init -----
8.09299
6.64487
11.5074
18.463
19.0778
11.6921
27.8556
24.7214
27.5311
26.3812
29.4811
34.2611
20.0017
27.5543
17.7243
38.9753
23.4173
32.9148
21.656
26.4812
32.8945
33.6595
35.913
39.5673
45.7451
38.7214
45.6289
38.1576
36.9071
47.2931
45.6057
35.0937
39.9099
41.6874
40.1083
38.7996
34.4343
62.8678
55.2976
53.5774
61.1373
59.4577
75.4775
59.9725
50.6596
57.7697
82.0487
53.7523
53.9743
71.7031
55.7139
62.037
78.3591
81.4912
65.1545
77.5376
84.6601
57.0353
74.7413
88.0261
88.6611
91.9589
72.6735
82.1814
95.2237
80.3408
91.7504
70.3022
92.1994
74.0128
79.079
61.5262
84.291
100.432
105.919
70.0551
52.5354
117.268
107.001
83.5108
107.926
54.0956
99.3852
91.6242
69.2549
83.5554
81.1208
82.3658
114.595
118.764
63.1942
115.437
111.653
109.727
132.539
143.498
120.103
124.341
115.87
110.794
----------------
init (avg): 63.9778
----------------
----- commit -----
6.02599
10.6003
12.4348
10.8843
11.5651
11.859
9.20413
11.625
11.6034
10.3223
9.57814
8.71178
11.3838
9.00125
10.3924
11.4738
13.4681
10.8803
16.4461
11.8633
10.3636
13.5625
12.3303
9.22049
8.33404
12.0404
9.24339
8.45373
12.1442
13.3946
9.08447
9.95509
9.58657
7.72966
10.587
8.37714
12.1232
9.90427
8.92056
11.8252
8.36627
8.84542
8.60599
10.6289
9.9207
9.9553
13.5202
12.8306
10.3516
10.4166
9.26502
11.6991
10.1069
13.3955
9.31049
10.0078
9.23979
10.5522
12.0832
9.59377
12.1431
9.6695
10.4014
12.7434
9.53414
13.3534
10.4049
9.39325
11.4777
15.6352
15.0047
13.4073
8.09188
16.7391
11.9921
7.94185
9.44583
16.0042
12.9009
11.7009
9.89491
9.27552
9.29902
8.09796
12.2392
10.7467
9.58424
11.0267
10.1934
8.52497
11.5252
10.2563
10.2448
12.681
12.6461
10.6768
14.8413
8.99478
11.5574
10.1465
----------------
commit (avg): 10.8564
----------------
# Loading records:	100
skipping run
