parsing config file ./lvconfig14.conf
parsing done
<<<<< redos: 0 >>>>>
----- insert -----
4.4727
210.171
978.001
969.262
972.412
966.195
981.628
960.801
961.984
957.141
974.103
953.785
965.795
966.921
958.233
957.93
951.843
952.969
959.579
956.811
942.743
955.505
950.697
945.43
948.843
959.948
948.375
939.177
939.435
938.902
919.826
952.38
943.943
968.147
937.849
944.068
931.696
927.4
927.304
932.316
950.903
932.505
919.998
925.226
945.741
911.289
947.41
948.001
920.261
937.709
934.708
926.858
947.305
918.114
899.507
929.914
903.357
915.787
922.336
942.953
901.964
917.143
935.683
910.445
893.382
903.358
900.22
894.726
913.659
897.665
883.729
872.935
888.563
930.213
924.241
912.663
873.061
902.653
878.408
877.956
907.35
870.053
859.223
893.827
910.806
898.429
862.416
875.19
885.273
900.572
857.924
878.793
898.773
864.248
895.923
883.333
882.983
869.463
856.566
875.861
----------------
insert (avg): 906.336
----------------
----- init -----
10.984
7.0172
9.76757
21.6247
18.9904
17.96
15.5208
27.0155
25.9015
30.9432
19.123
34.3953
22.0996
27.4686
26.6493
34.1402
34.901
37.7602
29.5509
32.2836
47.6483
36.4901
30.2851
47.0797
41.9232
27.6203
43.1778
47.2876
50.1506
50.7731
64.8167
40.8941
44.1473
40.6479
33.3925
45.7256
53.8878
58.7959
61.6718
59.7696
36.3639
58.664
71.4344
64.5587
46.1855
78.0714
44.7497
40.7702
61.0312
53.6966
55.027
61.5021
41.8304
72.2611
87.0314
57.0856
87.7588
78.7606
65.9892
43.6153
89.6113
71.6419
55.6784
78.8604
93.9517
86.0943
83.9361
97.9939
77.9082
90.5954
106.196
109.163
102.565
53.604
69.0532
75.1668
117.852
82.2415
114.562
107.244
98.1473
105.396
132.241
93.5009
82.5752
91.5651
123.886
114.592
107.443
84.7323
134.505
113.314
94.3782
119.393
92.1054
102.015
110.039
113.633
134.408
113.653
----------------
init (avg): 65.4211
----------------
----- commit -----
6.45824
9.54024
11.1185
9.92919
11.1421
8.27433
9.53312
11.5075
11.9821
8.40151
9.77557
9.83085
12.944
10.5854
9.46153
11.4334
9.2726
11.3057
10.3404
10.9931
11.5646
13.487
11.0432
8.67211
9.88818
11.9
8.86636
11.1935
11.419
13.2412
8.60756
10.2272
11.1716
8.06553
11.4205
14.9139
13.3949
9.65193
9.67693
12.4056
9.27801
7.67563
9.26664
10.3564
10.8526
9.64822
13.0272
11.7088
9.56406
12.7086
9.54534
10.4463
9.81753
13.4777
12.5512
8.61415
10.1634
8.39265
11.6854
9.42396
11.3737
9.49071
10.692
11.5947
11.8369
11.1393
8.2882
10.1461
12.3047
15.5056
13.2972
12.8369
10.1769
8.92436
12.2842
10.6133
9.75173
9.6378
14.974
10.1202
9.62443
9.04617
9.04111
8.88603
11.4378
10.3823
10.03
9.80823
11.8098
9.34404
10.6442
9.35989
9.3252
12.4943
12.9751
8.64423
15.074
10.2945
11.0562
9.82612
----------------
commit (avg): 10.6694
----------------
# Loading records:	100
skipping run
