parsing config file ./lvconfig25.conf
parsing done
<<<<< redos: 0 >>>>>
----- insert -----
4.04743
442.519
972.101
966.287
976.698
963.919
968.019
964.156
968.198
958.091
960.43
953.143
966.691
965.739
973.861
959.039
952.552
969.688
966.014
954.143
943.43
961.388
961.64
963.614
939.985
947.067
959.079
944.629
937.888
939.404
932.131
945.785
941.03
954.305
929.187
940.334
934.57
936.519
934.464
927.743
939.77
958.19
920.452
931.589
944.172
932.718
931.298
920.979
920.785
936.266
904.468
937.51
909.769
916.249
913.457
924.954
910.181
913.65
911.493
913.627
913.64
901.237
934.668
932.627
919.107
917.131
921.273
901.402
889.898
893.545
892.554
904.315
895.275
886.008
929.9
877.558
886.635
868.629
900.21
906.453
910.206
891.178
911.988
905.53
910.645
877.051
864.865
902.855
874.711
858.581
873.83
868.226
897.785
853.082
860.946
908.405
866.806
880.081
863.27
866.008
----------------
insert (avg): 908.892
----------------
----- init -----
6.92146
7.3738
12.6698
22.5051
16.6517
20.5435
26.1643
24.5568
19.9429
30.4043
29.5745
34.9264
23.7699
22.6751
15.9626
40.0019
29.1328
20.6334
25.1229
30.3425
46.6689
30.3023
23.5151
29.5898
50.5651
38.6722
35.8805
41.307
49.9296
51.0963
54.6545
45.3232
47.4277
50.4364
44.5059
48.6271
51.6386
52.6258
54.8415
63.9205
48.6282
35.3118
65.7477
57.8132
45.4246
56.2179
60.8979
66.6202
63.2038
52.8166
85.8169
53.8271
77.2268
74.1997
71.7331
62.4189
79.9909
77.5117
81.9874
66.822
79.6364
85.68
58.5678
55.7756
70.2749
74.8378
64.3366
90.1881
98.2862
95.1551
97.3465
76.958
100.966
92.0615
64.9326
111.734
103.936
118.556
83.8964
83.8013
90.7365
84.3657
79.6524
83.7774
79.7307
112.409
122.582
87.1311
117.725
127.681
117.608
125.233
94.4023
130.415
127.666
81.8103
122.51
104.459
127.659
122.701
----------------
init (avg): 65.028
----------------
----- commit -----
5.30623
10.5908
10.4166
11.9598
11.2261
10.1456
9.03517
11.2904
11.5607
10.4174
11.1819
9.44184
11.753
10.2482
9.85618
9.30686
9.38709
10.8716
13.4408
12.1003
10.0224
10.1023
9.19154
9.56564
10.5511
10.4211
10.7153
8.94946
12.3948
12.4833
9.4316
10.9425
13.2228
7.28058
12.6409
11.7202
13.2739
9.33502
9.35642
12.4245
8.29
11.274
9.44201
12.4089
10.6733
10.3278
13.3769
12.7388
9.00109
10.6385
8.52593
11.4467
10.8595
14.7131
12.2175
9.16299
11.1075
8.86911
14.0417
8.45453
11.3335
8.76346
10.8103
10.6083
10.2176
10.9954
10.3313
10.6382
9.46067
17.8033
12.6738
12.5212
9.81828
10.4615
11.3559
11.6451
9.79417
15.9672
11.4066
11.6135
9.24611
8.18577
10.0785
9.74398
11.1715
10.8437
9.86088
10.2608
11.5718
10.1208
8.85798
9.82821
9.87048
11.9232
10.6936
9.96212
14.3401
9.1001
11.184
10.7319
----------------
commit (avg): 10.7693
----------------
# Loading records:	100
skipping run
