parsing config file ./lvconfig15.conf
parsing done
<<<<< redos: 0 >>>>>
----- insert -----
4.47668
708.422
974.611
972.843
966.846
968.151
965.537
961.143
957.723
960.59
965
955.674
968.515
964.711
963.628
955.696
964.649
952.521
968.473
951.41
942.89
957.38
962.017
945.389
941.395
955.29
945.312
947.963
939.023
946.796
937.555
962.279
953.404
972.529
936.71
941.538
942.576
938.523
934.961
941.596
931.439
938.747
925.76
939.016
928.44
921.968
939.242
937.261
923.075
925.314
907.318
921.265
914.309
917.886
927.157
903.883
898.887
912.517
930.442
912.541
918.712
912.401
916.006
928.699
889.843
904.278
896.252
901.428
883.275
896.809
897.112
879.455
914.098
880.859
904.172
908.918
873.158
862.525
923.586
876.473
909.261
897.894
901.781
867.338
891.131
877.89
864.938
862.385
871.154
879.66
910.532
883.594
863.878
854.258
877.037
898.601
895.132
872.031
875.15
903.497
----------------
insert (avg): 910.774
----------------
----- init -----
7.64427
6.34676
12.5153
17.7099
20.8675
22.998
26.2125
25.8235
29.8119
27.5745
26.1201
32.8971
22.1777
27.8864
20.8113
36.5757
23.5853
32.4458
22.9713
33.1482
48.8497
34.3124
21.5776
44.9074
46.6218
37.2252
45.2079
37.4501
51.6272
42.8775
45.7828
32.1516
36.6933
30.5217
45.7055
42.3436
40.6523
49.6344
53.5749
50.1206
57.7804
50.5378
61.8904
48.9052
63.1934
66.6196
50.3382
47.3646
58.0367
66.2833
81.0502
69.1154
73.8701
75.3035
54.1887
89.7912
90.5883
79.2176
58.4388
73.1
72.4489
75.0231
75.2835
60.369
97.463
85.6517
89.1844
89.2616
103.29
94.9508
91.112
102.474
77.832
101.702
80.8974
83.1337
115.195
121.806
70.4561
112.55
84.9801
88.6329
87.198
123.504
100.279
111.662
121.898
127.289
120.892
107.863
81.4365
105.893
130.863
129.719
109.78
90.1456
104.629
105.379
115.949
85.609
----------------
init (avg): 65.6326
----------------
----- commit -----
6.67194
9.09694
11.4753
10.5451
9.89056
10.127
11.2602
11.2723
12.4125
10.2959
9.87338
9.10057
12.3817
10.7223
10.0827
10.3029
14.0496
9.34623
14.8732
10.0813
11.4237
13.244
10.6206
8.79791
7.85915
12.4164
8.73141
11.2981
11.8993
13.8302
8.75761
10.0173
10.8824
7.53148
10.6698
14.3271
13.9053
11.0198
9.33145
13.3175
9.61966
10.589
10.8594
11.2439
9.30439
11.3175
16.4936
14.1761
10.0077
11.0905
11.0364
11.3578
9.88149
12.5287
9.02304
9.95306
10.504
10.3717
12.1326
10.5258
11.7804
9.77166
11.2814
12.1139
11.2606
11.3801
10.2089
10.9433
11.1556
17.3236
11.9073
13.733
11.5711
14.2006
11.6727
12.489
9.44344
10.2217
10.3348
11.3507
8.40395
8.98025
9.71853
9.54175
10.174
11.5484
10.1423
11.3162
10.3916
8.99746
10.6614
9.19816
10.1753
12.8381
12.6881
8.87505
10.6996
9.61151
12.9719
9.41593
----------------
commit (avg): 10.9625
----------------
# Loading records:	100
skipping run
