parsing config file ./lvconfig23.conf
parsing done
<<<<< redos: 0 >>>>>
----- insert -----
4.20565
713.24
973.942
971.387
968.797
971.156
968.137
958.637
973.957
958.583
963.874
952.61
975.231
964.513
957.668
953.202
958.601
966.76
961.808
945.964
970.564
956.228
957.959
949.772
956.771
965.154
944.407
930.612
949.801
948.391
928
945.944
943.669
957.927
949.091
934.045
956.254
957.725
928.408
958.546
931.816
932.908
920.703
919
910.759
924.071
929.167
922.32
911.452
920.595
922.14
915.246
906.936
917.245
917.369
927.689
943.4
899.487
933.024
935.164
901.006
927.136
918.767
920.576
887.94
914.443
885.114
908.06
889.999
885.436
896.065
927.401
881.509
910.517
887.951
884.927
892.549
879.808
872.503
881.313
876.672
920.32
861.898
906.434
887.262
886.931
878.362
885.723
883.094
876.572
858.77
883.699
853.968
855.934
848.361
849.291
920.296
849.866
880.492
886.918
----------------
insert (avg): 909.959
----------------
----- init -----
7.7768
6.00259
12.0545
17.8117
19.5196
17.8967
26.0592
26.5972
15.4869
33.6442
25.0851
32.7076
17.8765
26.8194
28.6603
36.8767
29.2579
18.7758
29.6676
35.1312
18.4914
34.571
26.8609
37.5925
34.4768
26.0497
43.7487
58.0398
40.2062
42.9241
56.3511
44.9747
45.4755
45.4525
34.4148
46.1107
37.0391
38.1421
55.4124
35.3621
58.7111
55.6973
70.2558
69.8455
79.9037
66.654
61.7602
65.2096
68.7088
70.8868
67.9936
72.0638
80.0909
73.7232
67.6794
62.849
46.5394
92.634
57.675
48.5339
91.6821
62.0513
71.6353
71.0991
102.102
74.8627
101.003
79.3798
100.662
104.975
88.5311
56.4923
109.694
72.2961
99.7731
104.23
96.3773
104.856
119.701
109.358
114.341
67.8874
128.19
84.5575
102.246
104.378
109.829
106.364
106.862
112.017
133.365
107.431
140.278
126.729
139.943
138.874
79.8489
132.461
108.789
103.192
----------------
init (avg): 66.7116
----------------
----- commit -----
5.03084
10.9378
9.95614
11.2615
10.4239
10.4977
9.27272
10.2985
10.8718
10.6743
9.92949
10.8131
11.5753
10.117
10.15
12.9471
13.3263
11.3206
16.4725
11.9908
11.2246
13.6874
12.1669
8.78895
7.34432
11.165
10.6024
10.8717
11.0515
13.1117
9.27578
9.11204
11.9842
8.35821
10.4193
7.17592
8.55496
11.2911
10.7172
11.5266
8.98254
8.6658
9.33597
11.6592
9.99209
10.3638
14.3969
12.2635
10.1389
12.0053
11.6707
10.9205
11.058
14.1176
9.1896
9.63251
9.40856
9.12455
13.4995
9.08288
11.5406
8.63232
9.41297
11.9876
9.32259
11.2929
11.4812
11.3435
10.2841
16.8351
13.4001
14.5351
11.7657
13.9723
11.0001
13.1848
8.50321
11.5526
11.9563
9.50579
8.71738
8.52603
8.99723
10.4906
10.9733
10.7476
9.1143
9.96348
10.0988
7.86004
10.0132
9.46396
9.86767
12.4591
11.6766
10.0129
8.67642
8.9857
11.9554
8.88058
----------------
commit (avg): 10.7079
----------------
# Loading records:	100
skipping run
