parsing config file ./lvconfig10.conf
parsing done
<<<<< redos: 0 >>>>>
----- insert -----
4.24557
199.128
973.124
968.456
969.94
968.023
961.35
964.037
960.195
964.208
973.092
954.75
967.063
963.924
965.541
976.521
954.485
962.276
972.407
955.823
948.475
965.444
958.978
956.931
939.484
948.043
958.218
937.384
933.855
946.568
949.276
943.605
946.392
965.029
944.947
936.219
935.404
932.578
934.848
932.301
936.652
923.006
923.26
940.894
915.136
922.561
934.741
918.277
929.556
928.326
915.375
925.147
926.946
920.863
911.148
905.014
915.04
917.842
925.089
889.835
938.728
895.746
902.859
905.977
885.067
895.687
909.053
899.366
921.927
887.801
887.526
920.76
881.792
886.373
900.419
913.524
870.344
871.201
867.735
889.396
872.525
868.685
861.599
893.16
874.624
872.349
881.669
888.001
888.945
852.109
864.997
913.85
877.789
858.347
902.593
851.079
873.281
856.085
854.029
899.136
----------------
insert (avg): 903.534
----------------
----- init -----
7.89195
6.34002
15.2966
19.5411
18.8626
20.7506
29.0888
27.1836
27.4457
24.2736
18.4283
34.147
23.7823
24.0499
21.5504
22.0368
30.1562
24.6288
22.8226
28.0299
40.2726
28.1511
25.4283
34.4009
50.4731
40.3681
35.0234
46.8669
57.3086
43.3047
35.0733
48.443
44.0211
36.2595
32.1913
52.6041
52.016
54.3103
53.2894
59.1426
51.5259
69.7083
66.6495
51.7178
74.8854
65.2869
58.4048
67.425
55.0132
60.9408
74.3308
63.2336
62.5551
69.2103
73.5759
85.7248
76.7343
76.6506
65.5808
87.4957
54.9678
94.9295
85.2798
87.2878
102.506
93.0465
77.4008
93.6978
67.2245
101.203
97.2926
67.7905
107.495
95.2906
84.2637
75.7438
120.024
114.544
125.655
101.601
116.664
121.896
123.445
95.4948
118.637
116.777
106.051
102.394
100.978
135.445
126.192
78.9731
116.18
125.121
86.562
137.711
116.518
127.102
139.006
88.8393
----------------
init (avg): 67.9913
----------------
----- commit -----
6.4855
10.1754
10.3479
10.7124
10.1257
11.0981
8.8408
11.3194
12.2834
9.2751
9.61047
9.38863
12.3998
12.6458
8.11105
8.51146
9.33627
8.49602
17.5455
11.1017
10.549
11.7871
9.65484
9.16162
9.14973
10.5782
10.9075
10.1552
11.019
13.7277
9.59507
10.3532
10.226
8.03542
12.9115
13.0467
12.8424
9.82191
10.674
12.2949
8.32758
7.75958
8.77185
11.1
9.45698
9.95617
15.2108
12.2653
8.99051
10.8829
11.437
11.1832
11.5151
12.9405
8.48631
8.90271
10.3654
7.9672
16.8225
8.00395
10.8465
11.4627
10.5195
10.5933
10.2698
10.6143
10.4443
8.74525
10.6004
17.0945
11.8515
13.5587
12.3388
14.4186
13.7855
11.9031
8.71576
9.45654
10.8915
9.43357
8.92027
13.1689
9.99
8.54667
11.5007
11.2878
9.14321
11.4487
9.70094
9.90448
9.12368
10.0614
9.4953
11.2284
12.9823
9.03049
14.697
9.80429
10.5468
10.6933
----------------
commit (avg): 10.7347
----------------
# Loading records:	100
skipping run
