parsing config file ./lvconfig28.conf
parsing done
# Loading records:	0
<<<<< redos: 0 >>>>>
----- read -----
3.91443
2.75926
3.35353
3.15026
3.21871
3.5326
3.49164
3.60682
3.19965
2.98596
3.18066
2.76975
4.66548
3.08177
3.37311
3.39722
3.01885
3.41749
2.63829
3.86919
3.0402
2.54606
3.70682
2.67206
4.30662
3.48175
3.42708
3.24072
2.78064
3.63248
2.63902
2.86549
4.06219
3.47117
2.73214
3.93978
3.3323
3.71785
3.45906
3.66812
2.80778
4.28657
2.84618
2.86309
3.41058
2.48643
----------------
read (avg): 3.30537
----------------
----- update -----
9.50997
18.0041
12.145
643.012
51.4063
665.525
44.8861
410.951
50.8352
24.2644
45.5357
540.862
47.4744
276.494
39.5067
188.315
35.1968
472.316
48.5735
633.264
32.5808
158.638
53.1419
697.836
8.47326
478.988
60.4045
584.77
18.8082
350.428
8.84702
709.825
34.269
540.218
8.6205
39.3396
10.2595
8.22654
8.34534
192.806
39.2338
556.523
17.7591
27.9463
12.5689
460.375
25.6384
424.425
18.4513
295.5
50.2697
471.598
7.86177
496.919
----------------
update (avg): 206.814
----------------
----- init -----
109.157
76.6234
86.9932
77.0122
89.1455
83.3099
153.641
106.894
143.982
143.669
109.063
92.1626
103.536
94.0004
120.263
83.3602
77.9745
87.56
84.903
92.5867
88.2345
134.486
142.495
98.3599
173.497
110.632
99.4127
131.972
105.122
159.324
96.2582
125.689
138.61
90.4808
93.2172
190.254
162.809
97.756
188.443
107.506
159.167
102.016
145.324
102.438
126.833
103.795
146.074
106.2
210.772
143.717
104.587
197.716
132.971
181.897
167.913
121.472
106.939
144.366
114.115
235.945
162.199
225.043
141.706
130.91
158.796
138.75
152.662
114.832
156.454
170.717
158.457
129.932
123.886
211.009
122.807
142.122
132.8
131.853
231.638
142.332
253.441
165.892
137
140.757
176.819
138.092
158.181
231.398
242.627
133.651
133.602
255.974
240.941
156.942
217.211
231.226
176.169
126.049
159.185
159.771
----------------
init (avg): 141.185
----------------
----- commit -----
8.13699
9.30627
11.3871
12.1128
7.05377
16.794
12.2386
14.3639
6.89762
7.60927
10.0801
14.4553
11.2094
8.49956
6.49981
6.08226
6.83114
6.98252
6.44556
8.69515
18.5739
9.82905
7.73061
12.9163
6.98786
6.22666
9.79467
8.97614
15.3911
9.21481
8.99602
7.10345
9.02477
6.07933
15.4842
8.42267
8.02578
14.9539
10.3371
14.5277
7.32967
6.11126
9.56089
7.83094
8.1215
12.7209
10.3095
12.4304
7.16197
8.10473
13.2572
9.1706
15.5704
16.6266
7.89027
5.98424
12.6442
8.45529
15.9592
10.7305
13.5113
8.09098
8.88782
6.92013
8.998
9.35708
11.0706
16.1651
6.14811
6.15371
9.32397
6.97842
8.64228
9.59826
10.1448
9.02125
8.1982
14.6762
10.3541
11.8793
9.26361
9.00317
6.38289
6.94118
6.59966
9.45759
9.27377
17.506
6.03882
11.2389
11.8111
12.4466
6.21745
17.5166
8.92515
10.5028
7.04453
10.7897
12.1933
5.75379
----------------
commit (avg): 9.95274
----------------
# Transaction throughput (KTPS)
LakeVillaWrite	/LakeVilla/src/YCSB-C/workloads/workloada.spec	1	0.00343991
