parsing config file ./lvconfig15.conf
parsing done
# Loading records:	0
<<<<< redos: 0 >>>>>
----- read -----
3.76509
6.97396
2.81226
3.85136
4.44096
4.85048
2.78579
2.7602
3.03539
2.79859
2.61449
3.20798
3.17142
2.78244
3.33818
2.60076
2.70448
3.5324
3.14649
7.8682
3.36243
2.72166
3.69131
3.14793
3.04091
3.10042
3.30294
2.83808
3.0933
2.77203
2.88625
2.82978
2.86216
3.55959
2.61951
2.44645
7.20949
5.02202
2.88454
3.13253
2.71599
3.40375
3.93231
3.32455
3.32898
2.59253
----------------
read (avg): 3.45353
----------------
----- update -----
7.11529
9.40631
462.668
9.8513
711.442
58.5982
451.099
55.8313
10.147
11.4864
685.416
26.5001
168.085
35.1127
295.32
34.1484
385.199
11.2175
686.449
46.8307
363.012
60.867
342.848
45.44
453.177
54.6955
537.722
26.4885
593.255
35.7065
393.325
30.3691
558.067
9.03041
262.035
22.9897
29.8894
12.9221
120.945
34.6868
447.356
11.31
386.866
9.30035
18.2473
10.6853
270.914
13.7886
543.046
15.5553
353.503
38.8473
311.177
53.9233
----------------
update (avg): 196.924
----------------
----- init -----
66.4046
57.307
58.2071
58.5799
69.5255
91.1441
91.8495
160.698
118.113
83.8454
82.5006
149.86
127.651
89.4288
119.849
83.0217
86.4699
83.8811
78.8247
91.2731
86.0871
118.958
179.343
165.957
96.9171
90.6307
107.57
85.8195
195.105
115.019
103.794
101.161
102.419
209.271
118.479
100.933
101.655
168.183
103.516
209.959
142.66
98.9971
95.4584
201.057
125.33
106.866
115.194
193.348
159.101
118.015
183.925
201.027
193.333
161.305
158.914
106.369
134.251
130.293
220.803
165.858
140.596
127.262
164.428
125.614
119.45
238.051
117.512
146.774
162.999
124.274
157.576
157.353
122.745
192.483
131.604
135.775
217.424
147.131
121.745
268.474
168.723
126.442
251.93
223.614
207.921
140.154
132.406
232.598
242.923
172.11
258.518
152.59
278.643
170.627
146.577
274.335
193.622
144.698
267.942
160.826
----------------
init (avg): 144.878
----------------
----- commit -----
6.05743
7.7132
10.0113
9.61353
7.15008
9.5134
14.7821
13.8158
6.28545
6.14469
12.4507
8.612
6.47287
11.6343
6.59764
7.23755
7.02124
7.39707
7.10249
8.57218
11.0715
19.9445
7.5505
20.5713
5.58443
7.51072
6.99938
13.6287
8.498
7.09281
6.56828
8.85862
15.2878
7.35399
8.09022
5.94838
15.0779
12.5414
13.8173
10.0595
7.24307
7.49178
14.4831
10.4798
6.01908
10.1954
11.9788
9.39537
10.1643
10.8641
10.1504
13.3346
8.97422
12.7983
6.54788
6.34358
8.56776
11.9859
10.0662
13.218
8.95036
10.9902
5.91036
6.89586
13.5821
7.48117
5.93405
13.0766
9.82827
6.51189
7.84885
5.84363
6.0007
10.9191
10.5703
14.3572
7.69046
11.0234
16.1691
9.20728
6.90047
11.9912
8.30939
7.01503
7.9858
10.7339
9.21162
10.1102
12.65
17.6352
9.82207
12.069
11.0547
10.6352
15.9059
7.94135
8.79778
11.0508
9.9977
6.27804
----------------
commit (avg): 9.81428
----------------
# Transaction throughput (KTPS)
LakeVillaWrite	/LakeVilla/src/YCSB-C/workloads/workloada.spec	1	0.00351973
