parsing config file ./lvconfig5.conf
parsing done
# Loading records:	0
<<<<< redos: 0 >>>>>
----- read -----
3.99182
3.05892
2.91515
2.82866
2.72997
2.98577
2.43922
3.09245
3.20651
3.24608
3.99038
2.97711
3.83004
3.11768
2.99525
3.14959
2.25822
3.49646
3.09966
3.10407
6.46143
6.64754
3.17805
2.35507
3.95187
3.23032
2.64264
2.49354
2.50107
2.64928
3.52799
2.59622
2.91688
2.49684
6.83928
2.62816
2.88994
3.62933
2.89803
2.61581
3.16316
3.89292
5.29083
2.99136
3.87915
2.84433
----------------
read (avg): 3.34183
----------------
----- update -----
9.18798
45.4386
12.3407
611.489
47.5677
710.193
60.3788
485.442
9.24035
65.3
16.4898
556.405
28.468
341.3
15.5913
210.249
49.6835
531.639
14.5065
680.544
52.3369
46.738
55.0949
608.283
42.0673
439.602
9.86411
587.373
25.0649
332.699
56.5921
522.607
54.1875
654.349
24.4941
16.0112
10.3327
19.9436
9.20735
205.61
34.0617
505.23
47.4087
47.6849
11.0457
407.592
13.2127
335.672
47.152
312.437
11.5292
620.177
8.20982
471.169
----------------
update (avg): 206.417
----------------
----- init -----
99.6169
75.24
79.0307
98.0705
99.5688
79.5668
129.062
88.5947
139.076
85.8076
100.089
77.2989
123.996
82.3527
103.932
82.5693
84.5782
89.4274
94.0909
89.5144
89.2596
176.795
108.882
100.195
164.175
100.185
104.526
101.824
101.591
138.033
97.4707
138.138
146.147
93.8445
94.4056
156.503
123.503
99.1215
146.726
139.925
193.63
185.272
114.415
113.027
98.9783
99.478
215.522
121.37
189.57
161.391
109.429
228.515
150.33
221.38
132.453
125.025
113.077
220.235
177.157
152.244
113.441
167.652
129.569
174.749
134.687
162.899
204.784
125.453
135.038
175.283
137.027
131.311
133.734
114.338
162.446
202.934
126.714
124.42
252.28
177.797
252.608
236.503
135.214
148.251
129.188
199.039
134.814
158.985
281.08
204.73
128.467
271.155
178.757
157.371
213.799
136.396
226.605
129.135
126.944
155.124
----------------
init (avg): 141.359
----------------
----- commit -----
6.8956
9.17984
15.4659
10.4536
6.06081
21.8286
8.25209
12.772
8.23791
6.65797
9.43427
14.0185
6.43327
7.23763
6.02311
7.215
6.10824
6.74753
7.07387
8.12417
19.14
12.2358
7.65265
13.6567
7.1052
7.32269
7.89861
12.2993
15.5375
7.49939
6.62212
7.43821
8.60993
5.85185
16.6897
7.21058
9.52486
14.4009
11.6969
15.7314
12.4271
9.12936
18.3827
7.42926
6.29285
13.8351
9.73206
11.8566
12.8324
9.65351
12.6786
9.33836
14.266
8.35283
8.84825
7.83274
14.257
13.2422
14.6734
9.71069
11.6347
5.68511
6.49138
6.63925
11.7085
8.57427
6.20632
12.1606
6.17515
6.32137
8.86725
6.71462
7.72841
7.63973
10.1982
9.47219
9.56276
16.3868
8.81745
12.0781
8.08495
12.5884
6.72436
7.81003
8.8743
9.6548
9.92108
19.2259
7.29661
8.51309
11.6117
9.43549
6.75567
15.4649
8.24405
9.89898
7.94498
8.61925
12.1767
6.39823
----------------
commit (avg): 9.97421
----------------
# Transaction throughput (KTPS)
LakeVillaWrite	/LakeVilla/src/YCSB-C/workloads/workloada.spec	1	0.00344004
