parsing config file ./lvconfig19.conf
parsing done
# Loading records:	0
<<<<< redos: 0 >>>>>
----- read -----
4.25574
3.33295
3.73147
3.10939
3.08348
2.76709
2.55888
2.64877
2.86333
2.95332
3.2794
3.44591
2.87604
3.46411
3.05076
3.20004
8.08582
2.97953
3.50811
2.94943
2.75016
2.67892
3.53283
3.34416
3.11966
3.09908
2.60943
2.54013
2.97593
3.17253
4.04897
2.62334
3.00118
2.44489
2.90426
3.33242
2.93493
2.66611
3.05134
2.82664
3.21748
5.54813
3.53376
3.10707
3.32916
2.76535
----------------
read (avg): 3.24568
----------------
----- update -----
7.88063
9.12742
248.965
34.7943
755.049
11.9676
575.821
9.601
82.8311
32.1654
702.957
8.69465
308.54
48.7865
279.946
11.3764
319.919
8.39701
698.911
14.3265
370.836
19.6355
415.536
51.7856
456.868
35.8668
600.688
10.3866
529.056
9.3882
421.934
46.7444
609.465
40.3252
149.689
11.3304
73.6467
12.7221
14.3185
11.1482
433.023
34.7077
336.764
40.7711
114.58
10.3787
453.855
33.0443
598.237
8.57695
367.257
8.9992
443.612
44.0745
----------------
update (avg): 203.506
----------------
----- init -----
56.1278
61.8435
58.1824
61.1063
66.8942
57.6244
60.9647
133.231
77.0701
81.3188
73.1062
140.21
82.9208
110.223
87.2927
82.0992
84.387
81.9104
70.855
78.402
125.718
111.483
131.073
101.005
102.824
95.2268
92.7568
92.795
180.04
108.785
116.771
99.103
104.131
184.398
182.584
145.28
109.805
159.706
105.942
188.268
172.223
106.703
98.609
163.109
111.442
107.027
127.894
156.521
159.59
136.358
191.839
158.521
221.347
198.326
167.184
118.622
137.508
104.088
201.71
119.441
222.299
181.136
124.683
114.756
115.538
217.773
122.567
130.074
122.393
137.094
117.041
223.729
200.672
191.394
174.565
170.365
116.248
154.328
214.276
240.175
214.596
151.086
212.889
138.668
147.309
158.854
122.507
214.038
156.694
129.738
212.58
138.198
289.639
149.999
145.939
207.716
129.854
181.394
266.804
221.657
----------------
init (avg): 139.828
----------------
----- commit -----
5.77473
7.64945
7.42909
10.1658
6.10713
7.61719
13.3529
14.027
11.797
5.71624
15.6821
8.19624
6.01938
6.30694
5.57103
6.04371
6.52753
7.5527
8.00296
11.5629
10.6483
15.1545
7.29738
8.20078
12.628
8.85945
5.97368
15.8624
9.33182
7.05752
9.81727
7.6171
14.3928
7.78428
9.05038
6.84747
14.6069
13.132
14.7727
11.5189
7.34176
6.67765
14.6167
7.67439
18.9419
8.94379
14.307
17.1397
6.63796
19.0835
9.91248
11.6153
9.64185
14.1228
8.56067
6.5013
8.28705
12.1991
8.58909
14.3399
11.0046
6.1645
7.06736
6.12809
13.6746
8.45476
6.34504
8.18519
9.8526
6.56137
11.7383
6.92943
6.35138
7.19104
11.1913
9.69855
6.60088
8.67639
16.4588
8.85337
6.71599
12.6426
5.49583
6.28322
8.94515
9.2673
12.2268
10.3345
9.96912
9.16873
11.7851
15.0107
9.72404
7.94934
11.3442
8.26139
5.40743
13.3471
7.60923
6.47002
----------------
commit (avg): 9.71875
----------------
# Transaction throughput (KTPS)
LakeVillaWrite	/LakeVilla/src/YCSB-C/workloads/workloada.spec	1	0.0036417
