parsing config file ./lvconfig6.conf
parsing done
# Loading records:	0
<<<<< redos: 0 >>>>>
----- read -----
4.20033
2.20968
3.95946
5.41996
3.26194
4.92424
3.30136
5.6611
3.17625
3.07973
3.03979
2.91762
2.90728
2.68988
2.86141
5.36035
3.04473
3.10002
3.2801
3.6711
3.59235
2.92382
3.20278
2.91642
3.00051
6.1734
3.9387
2.65318
3.22979
3.18797
2.6197
2.83548
2.36279
2.68283
3.49338
2.63665
3.03615
3.1152
3.2293
3.22203
3.09463
3.53175
8.87325
3.43825
3.06997
3.35184
----------------
read (avg): 3.5104
----------------
----- update -----
7.44626
29.6717
9.90863
700.639
12.5532
764.268
8.13012
571.451
45.0047
48.9202
19.0283
586.375
52.08
245.974
17.1559
99.8935
9.87471
513.542
46.8133
652.662
11.1784
182.941
47.5435
558.08
18.2669
556.125
10.0967
692.848
43.619
359.72
43.0105
569.536
20.1455
549.339
8.13917
24.6767
10.5752
23.1764
9.33338
141.136
8.90745
548.943
31.73
22.506
15.9243
471.909
20.998
419.956
30.5186
316.055
45.6808
455.398
8.77865
334.093
----------------
update (avg): 204.672
----------------
----- init -----
59.9246
56.0352
64.3942
59.8301
59.6701
67.1728
116.57
89.4599
116.103
89.4888
87.653
78.2297
116.02
88.0802
111.412
104.525
92.7913
82.416
86.2193
82.9304
92.2515
101.381
123.698
86.2555
169.237
149.032
116.225
102.042
102.925
192.248
119.239
114.218
140.567
148.497
92.7315
225.122
105.151
106.252
157.335
114.586
204.523
137.641
98.9131
107.272
99.8889
98.3768
204.717
164.738
161.92
97.8186
137.6
160.418
113.871
169.496
181.641
93.9948
97.8678
215.58
149.706
228.719
180.892
232.728
182.838
134.843
117.406
135.812
110.325
133.562
115.723
171.182
156.565
185.149
188.129
124.608
171.618
140.788
150.875
139.327
245.3
175.489
220.148
151.295
134.11
120.335
121.998
131.614
266.494
212.167
224.828
134.785
163.776
282.459
190.169
137.147
245.656
236.603
262.558
217.784
150.087
189.358
----------------
init (avg): 141.792
----------------
----- commit -----
5.07814
7.82483
7.42921
7.1218
5.18171
12.9004
8.77667
15.3985
11.0557
5.6761
8.0506
14.2151
9.98759
6.49927
7.74294
8.23867
7.35118
6.7702
6.33349
10.9186
9.0161
10.002
6.54073
21.0164
7.32088
6.63485
6.53882
8.36415
13.4495
8.07754
14.122
7.01716
13.0136
8.88323
16.4938
7.55363
11.0951
14.5032
10.4761
14.4994
7.40006
7.10569
8.37847
6.76169
6.81335
11.5424
8.75972
12.5405
8.41013
8.4848
11.4617
11.4519
12.2717
13.6032
8.22002
8.07747
12.4396
9.50991
12.115
9.932
13.7831
7.04204
7.34582
7.42164
9.4087
6.17265
12.6986
7.68745
5.50157
15.6768
14.7917
7.3223
6.42538
6.16797
10.1559
8.55279
6.2422
14.9603
12.7667
16.4397
10.0652
8.91109
8.42635
10.9538
6.95408
12.6993
8.85574
10.0765
11.983
9.03571
15.899
11.4031
6.49992
11.5458
8.71596
13.581
7.55043
9.23889
11.8397
6.24931
----------------
commit (avg): 9.79496
----------------
# Transaction throughput (KTPS)
LakeVillaWrite	/LakeVilla/src/YCSB-C/workloads/workloada.spec	1	0.00355624
