parsing config file ./lvconfig20.conf
parsing done
# Loading records:	0
<<<<< redos: 0 >>>>>
----- read -----
4.22699
4.75535
3.04931
2.76649
3.56139
5.82816
3.43709
3.10839
2.80208
4.75099
3.26304
3.37239
2.96848
6.41699
3.586
2.49318
2.85925
3.57843
2.68103
2.65721
2.89808
3.08313
2.87373
2.81617
5.97461
3.39786
3.04744
3.25549
2.69232
3.53129
2.63524
3.17919
2.9915
2.72311
2.46628
2.64618
2.80723
3.06539
3.35288
3.49151
3.1554
2.63865
2.99895
2.95536
2.94737
2.6363
----------------
read (avg): 3.31354
----------------
----- update -----
6.87341
10.6085
117.692
8.08672
697.154
28.6816
529.936
39.5277
21.3686
10.5523
632.545
39.7588
234.437
39.2097
274.031
56.2003
394.92
35.2609
637.314
56.9787
376.823
14.0601
420.706
47.888
465.499
31.3591
660.905
12.4905
616.286
9.28814
388.465
44.7565
546.46
57.462
205.854
51.4319
9.52492
15.3021
99.3294
11.9658
352.832
24.1713
433.209
45.6994
15.7115
10.9439
298.691
7.77489
607.829
8.63999
430.57
45.5738
294.228
37.675
----------------
update (avg): 195.751
----------------
----- init -----
60.3911
67.5295
76.4176
76.9191
99.0769
88.8548
79.2251
138.842
95.744
82.2757
81.5216
152.041
133.082
107.56
111.929
85.9494
86.3227
85.6876
81.9181
84.4311
111.336
130.317
157.739
98.1885
95.2993
101.409
98.3888
99.5437
166.306
145.222
103.067
107.643
109.011
205.519
99.3147
98.1083
97.4509
174.752
127.442
203.905
122.018
95.7584
105.723
168.357
103.941
131.73
113.362
191.027
163.587
113.916
143.157
114.803
192.047
151.277
168.194
108.273
142.55
142.479
223.129
163.476
160.913
173.142
108.478
114.067
120.345
163.761
126.553
160.383
156.631
153.086
196.609
133.13
136.125
223.113
135.712
124.869
248.632
220.178
144.115
219.575
133.712
146.589
235.916
239.316
193.841
153.029
152.604
202.199
226.313
145.375
227.876
129.794
234.999
128.675
155.167
228.584
219.894
176.143
239.345
189.85
----------------
init (avg): 142.431
----------------
----- commit -----
5.70799
7.6477
8.29806
12.3667
6.34626
8.09327
17.0066
8.94749
7.08475
8.69102
11.8602
8.16375
6.55166
11.1537
7.39825
9.40861
8.15394
6.289
6.28016
9.64586
9.12161
19.4903
7.52507
9.53031
7.93727
7.96691
7.47674
14.1643
11.2023
7.70245
5.84321
8.12636
16.5475
7.38177
9.22066
9.97033
12.5561
8.79269
15.49
8.49303
6.52122
6.94663
14.1243
7.12501
6.00389
8.4615
12.5963
9.69941
16.0944
12.9798
14.4416
12.8851
12.5458
13.1382
6.68171
7.01904
9.21816
12.3511
9.1551
15.0975
11.2878
5.80605
6.74297
9.6982
13.0708
6.68634
6.36202
10.4649
6.64264
7.61599
9.6172
6.12132
6.39391
6.89464
11.353
13.0913
6.43249
8.58975
13.6369
9.60588
8.52606
12.9463
9.04741
7.17919
6.07541
9.90227
9.35205
8.84779
10.8078
14.7127
8.73761
11.157
6.81462
21.5634
15.5563
8.14625
9.00354
11.721
8.89392
6.38329
----------------
commit (avg): 9.74208
----------------
# Transaction throughput (KTPS)
LakeVillaWrite	/LakeVilla/src/YCSB-C/workloads/workloada.spec	1	0.00352209
