parsing config file ./lvconfig10.conf
parsing done
# Loading records:	0
<<<<< redos: 0 >>>>>
----- read -----
3.81218
2.66973
2.71832
3.42476
3.05631
3.06766
2.96424
3.06325
3.70951
6.22514
3.74234
2.93381
3.28326
2.58065
2.58678
3.42398
4.35716
3.17676
2.58691
5.96328
3.16039
3.0671
3.69604
2.85028
4.36966
4.27625
2.8175
4.60348
2.56476
3.50854
2.81148
3.04941
3.00382
2.96287
3.59788
3.25995
3.8712
2.67939
3.65882
2.43462
2.66266
3.61705
2.97012
3.21317
2.91514
3.51446
----------------
read (avg): 3.35831
----------------
----- update -----
7.56374
7.63398
9.68914
730.83
53.3361
701.957
9.0687
609.748
44.1594
40.9555
10.0535
540.118
36.2093
281.834
47.8915
115.081
22.2808
549.561
17.6808
648.744
15.0737
243.993
29.7254
573.637
53.1711
454.651
39.8916
582.74
11.82
372.654
26.4302
624.363
19.6555
663.038
15.0903
12.1594
11.0137
21.159
10.9138
88.682
9.19297
566.009
9.48509
15
10.7176
479.415
9.22677
449.117
15.907
302.241
59.3815
459.766
18.6587
347.57
----------------
update (avg): 205.666
----------------
----- init -----
61.7125
56.102
64.0423
57.4655
57.5303
58.3129
125.897
97.5502
81.1802
83.3213
100.035
81.032
144.188
156.345
110.557
80.1241
82.3662
83.7374
81.9387
93.4438
92.3808
98.0718
113.27
95.1233
181.172
140.014
103.938
98.9928
100.31
178.042
108.447
112.447
162.696
112.84
96.3387
171.529
110.026
103.577
179.409
121.971
148.989
106.818
129.026
99.0238
101.431
92.0028
215.195
156.868
208.95
150.731
116.011
158.25
174.106
187.988
156.009
110.884
111.704
174.088
146.843
187.845
108.86
211.817
111.902
131.89
130.963
129.299
110.583
125.708
184.838
153.212
147.898
179.044
130.846
180.428
213.603
219.874
170.114
126.008
227.104
184.178
227.909
133.711
151.199
131.489
129.59
132.932
243.744
240.947
210.425
142.144
163.715
297.26
204.575
138.815
272.411
190.665
238.244
203.232
159.783
241.763
----------------
init (avg): 142.03
----------------
----- commit -----
5.55685
7.00886
7.40058
6.70483
6.42713
12.4719
9.67587
12.5504
6.39616
7.07017
8.33448
12.0843
7.11627
6.86972
6.3092
6.73123
7.61586
9.37897
8.05519
8.74224
10.7372
9.78016
6.56833
18.9126
7.58614
6.81566
8.63071
9.34863
13.7736
7.53611
6.97579
9.93228
9.14583
7.26245
14.4427
9.26594
12.6269
14.3675
12.0952
14.6682
7.61883
7.03582
7.91987
5.9376
9.65708
15.4079
9.03343
12.0418
7.03596
13.1525
10.6697
14.8562
12.3735
14.0344
5.9721
6.89967
14.341
11.9855
12.1461
9.04877
15.5962
9.17654
6.55776
7.79117
13.2899
6.05394
6.25439
10.1879
6.51515
7.33278
9.05064
7.27729
7.11771
8.38839
8.48458
9.44646
6.40283
12.6812
10.0519
14.9785
10.3699
10.0271
6.76314
6.62892
6.80196
10.3102
10.6733
10.6568
6.85685
7.84835
15.2471
11.6315
6.00619
10.8049
9.6661
16.863
10.4939
7.51354
10.3694
7.89346
----------------
commit (avg): 9.56201
----------------
# Transaction throughput (KTPS)
LakeVillaWrite	/LakeVilla/src/YCSB-C/workloads/workloada.spec	1	0.00355033
