parsing config file ./lvconfig1.conf
parsing done
# Loading records:	0
<<<<< redos: 0 >>>>>
----- read -----
4.69053
2.37307
3.41835
2.8722
3.17841
3.2546
3.30544
2.6318
2.79478
3.16057
2.91594
4.34214
3.69597
2.86677
3.05222
3.07188
3.14888
2.76351
3.16891
3.11954
2.60439
3.83324
3.05096
5.19706
4.41787
2.74173
2.44418
2.50755
3.10425
3.40058
2.36872
3.07031
2.94454
3.45032
2.98664
3.15011
3.23846
2.4289
3.9525
3.09284
3.34005
3.22138
3.67128
2.72714
3.83112
3.23095
----------------
read (avg): 3.21375
----------------
----- update -----
8.40374
13.605
16.1164
634.898
53.1616
634.456
54.3043
502.894
30.8657
24.5481
11.8897
644.07
26.5271
356.656
17.3224
173.651
43.5348
575.715
59.7883
605.76
8.50693
110.076
10.352
675.3
38.8516
510.1
48.0102
552.112
10.1464
381.106
45.4106
642.149
47.632
542.994
26.2432
50.5378
11.1201
9.15715
9.92999
123.825
55.5647
454.201
31.7063
10.2555
11.5305
559.619
23.0325
360.662
38.6674
306.027
8.66788
657.507
8.01791
444.617
----------------
update (avg): 209.478
----------------
----- init -----
83.4794
75.8565
72.7479
140.492
97.7389
78.9714
167.01
119.04
105.932
83.6609
121.162
83.1934
131.747
94.13
94.6167
93.6841
90.6491
84.4433
83.1057
92.201
89.1373
116.223
92.5601
101.075
121.201
95.8411
131.992
104.805
114.824
208.846
135.118
98.9366
100.995
95.6576
94.1645
134.596
99.914
104.972
184.476
130.682
185.303
194.073
123.153
101.283
106.579
93.185
174.971
115.247
186.486
99.5313
116.327
219.294
156.526
195.061
138.08
102.626
125.005
178.716
109.78
236.55
142.273
210.64
119.697
163.966
168.496
134.377
201.747
182.673
189.394
129.699
136.896
130.88
114.43
160.563
169.986
135.931
122.759
124.383
237.648
219.148
209.213
125.592
136.032
165.665
169.657
141.891
189.9
162.702
265.097
161.586
149.988
222.588
258.404
142.133
185.605
130.441
252.257
133.575
124.918
139.795
----------------
init (avg): 139.703
----------------
----- commit -----
5.45221
8.56427
10.0813
9.5321
7.20437
15.3353
15.2413
11.1403
6.26
7.68657
9.6295
14.8349
7.04007
6.43865
6.11659
6.35407
6.24331
7.73086
6.5083
11.0148
15.5405
8.39928
6.43468
12.5792
6.51008
5.74314
6.01601
10.7336
15.4485
8.00384
12.0264
7.78656
9.25518
10.0461
14.2084
6.44795
11.9714
13.8265
9.01367
17.5368
8.72931
9.60411
8.41785
8.63637
10.6462
16.0414
9.98982
16.0337
11.5813
12.8063
14.055
9.76601
14.3018
14.0932
8.30258
6.76997
13.3006
9.56395
15.5685
13.0939
12.3179
9.6516
6.73092
6.89465
8.47532
6.53842
7.13336
8.55936
5.65912
11.6558
15.6826
6.31937
5.82552
10.6178
8.95408
8.6343
8.12282
15.0932
10.3253
13.5685
6.62929
16.0909
6.88429
8.04958
6.51096
9.37397
10.0191
16.4258
6.60645
7.93325
12.2618
8.62403
6.42516
12.373
9.29888
12.5804
7.04048
8.83831
11.31
6.2475
----------------
commit (avg): 9.93522
----------------
# Transaction throughput (KTPS)
LakeVillaWrite	/LakeVilla/src/YCSB-C/workloads/workloada.spec	1	0.00344146
