parsing config file ./lvconfig8.conf
parsing done
# Loading records:	0
<<<<< redos: 0 >>>>>
----- read -----
3.88429
2.36543
3.61091
3.14614
3.05744
3.28641
2.70194
2.57044
4.0112
3.13784
3.04378
2.92573
3.34114
4.56442
3.5934
3.14355
3.3283
2.83982
4.66709
3.68682
3.19883
3.22831
2.60521
3.11374
2.68765
3.33397
2.42964
2.75768
3.14167
3.12859
2.62304
4.25986
2.8862
2.77441
2.72653
2.65315
3.11201
2.56039
4.06233
3.47629
2.86555
3.14669
3.35347
2.64932
2.89011
4.03697
----------------
read (avg): 3.18712
----------------
----- update -----
8.40597
54.4598
8.85794
669.987
21.5526
730.363
16.5085
522.052
8.80447
9.26997
12.029
617.575
55.7972
301.486
45.0631
93.8728
48.958
397.841
51.9504
592.206
22.6901
185.42
29.2659
557.937
9.51549
562.991
25.1434
539.561
51.5208
369.798
9.70018
682.599
40.2975
625.389
26.4409
53.8041
13.3124
32.8554
11.1463
7.42876
11.5335
495.373
48.304
13.3385
11.013
510.881
35.7008
344.488
45.2969
366.61
48.0265
638.257
12.2993
350.277
----------------
update (avg): 204.727
----------------
----- init -----
62.0028
58.3487
66.4754
58.125
58.8426
67.0389
139.351
89.3867
160.835
87.0305
82.5944
84.3874
155.906
141.776
94.076
87.8819
85.9618
82.6249
85.1756
101.96
85.2887
104.969
92.9035
99.8018
158.263
127.349
91.0289
95.6127
99.693
187.411
114.454
98.5202
167.093
130.015
97.194
217.972
160.984
135.123
200.508
128.608
160.38
103.805
129.013
137.096
97.1975
100.57
216.24
169.371
180.59
101.378
132.75
198.442
198.168
192.548
124.71
105.302
112.766
169.265
113.657
198.596
113.013
234.344
188.176
133.495
120.164
120.05
114.551
224.246
184.337
178.82
129.585
202.336
128.577
177.167
164.36
178.451
140.785
137.25
178.855
207.325
256.341
128.132
128.017
130.307
122.154
128.782
226.335
202.935
272.435
162.859
156.106
217.853
186.198
143.024
160.481
131.326
269.63
182.303
157.563
221.27
----------------
init (avg): 142.244
----------------
----- commit -----
5.3937
6.99182
7.95569
6.94597
5.29983
12.2724
9.89486
19.1475
7.5748
7.07051
9.56096
12.3459
7.93465
6.566
7.18766
6.72839
6.94539
6.78742
8.99988
9.22706
12.45
16.0864
6.21891
17.5402
7.79376
12.5437
8.90685
12.1268
14.5135
7.09077
6.70401
10.0137
8.95462
6.37903
15.5439
8.205
9.55029
15.5788
8.49001
14.8205
7.54287
7.52551
9.59196
7.34231
6.23133
15.4097
9.67653
13.0565
6.89277
9.61238
11.7575
10.2956
13.3314
9.67178
6.16994
5.95953
14.8846
11.9968
14.6393
8.52904
14.0317
8.25916
8.0415
7.20227
12.0129
7.11731
8.68383
12.9419
6.53507
6.00862
14.5741
6.05396
13.1309
7.58504
7.41826
10.194
6.18925
8.09502
9.61873
13.4376
9.06031
9.14676
8.90381
6.53822
6.3749
13.4303
8.60629
10.8986
9.44641
8.4553
16.684
10.1196
7.07082
12.1884
11.608
15.1721
6.31139
7.88781
10.7249
8.75788
----------------
commit (avg): 9.74975
----------------
# Transaction throughput (KTPS)
LakeVillaWrite	/LakeVilla/src/YCSB-C/workloads/workloada.spec	1	0.00355302
