parsing config file ./lvconfig13.conf
parsing done
# Loading records:	0
<<<<< redos: 0 >>>>>
----- read -----
3.63716
4.04014
2.84069
3.14705
4.74773
2.67758
3.16528
4.21937
3.74027
3.00093
2.55159
2.93594
3.12305
2.81817
3.1574
3.17529
3.12744
3.76339
3.21523
5.61872
2.83488
2.91559
2.77283
3.21091
2.80328
4.14311
3.17357
3.31398
3.60835
2.77699
3.21877
2.84956
3.23644
3.63288
2.62904
4.71235
3.36842
2.85536
2.74947
3.01221
3.25616
3.34445
2.87202
3.00031
2.65693
2.89701
----------------
read (avg): 3.27277
----------------
----- update -----
56.2024
10.5526
20.6265
10.8267
613.398
50.4243
534.675
10.5181
48.0222
9.55143
734.124
14.2439
230.504
46.0281
241.052
8.57589
409.582
19.5412
626.724
10.7795
460.313
53.1412
353.179
13.3931
564.114
42.9198
550.432
8.09271
694.105
8.31343
316.161
11.4294
582.153
18.5808
161.855
36.3975
12.6541
11.3823
114.023
59.1628
474.336
24.7264
319.611
9.46185
50.9675
49.9974
370.56
15.6296
562.298
10.1146
388.629
44.2694
392.662
35.3037
----------------
update (avg): 194.932
----------------
----- init -----
66.1172
81.358
74.1977
68.3933
87.9949
90.7943
82.667
89.6148
80.0536
103.565
94.1217
109.777
85.842
97.9028
105.687
100.347
83.735
88.3993
83.1849
83.4258
139.269
92.7801
166.189
124.131
99.9175
94.3607
102.814
103.446
190.037
125.326
102.111
125.93
112.813
211.672
110.918
97.1135
106.171
189.871
134.795
156.942
130.511
100.201
94.9681
151.646
99.6019
176.272
114.687
181.656
108.627
124.567
210.488
158.616
158.681
117.108
218.986
178.368
120.302
108.159
231.327
155.776
240.287
168.796
123.107
118.35
111.152
227.609
183.761
152.377
161.759
146.729
125.578
133.077
124.335
156.476
159.327
136.371
175.725
133.978
134.646
258.035
203.113
149.464
244.122
213.171
128.509
137.918
162.247
212.963
187.892
148.163
239.614
149.238
262.505
165.843
137.073
226.514
188.582
128.922
235.097
160.65
----------------
init (avg): 141.374
----------------
----- commit -----
6.06506
8.24492
10.4412
8.73704
7.97362
8.52205
17.7283
12.5852
7.05626
6.89439
12.3431
11.2807
5.8328
7.3388
7.7074
6.19106
8.00125
7.28071
6.47392
17.4961
9.21826
17.2923
7.09237
11.9078
6.25537
6.37028
6.62912
12.5024
13.0335
7.29946
7.22277
6.7949
15.6474
7.6737
12.7523
8.57552
15.2891
11.0127
14.8901
9.30597
7.56166
5.65463
15.7729
5.94005
6.4935
19.742
11.8974
8.60263
6.80255
10.5208
9.05273
12.3427
9.82412
14.8809
8.05342
6.7211
8.6564
14.0625
8.55873
14.7084
10.0596
6.9998
6.7362
6.31821
14.2253
7.5764
6.13513
9.12214
6.45195
7.26888
9.88313
7.09602
7.24402
6.03151
9.61438
13.1863
6.08472
8.92672
17.2382
9.10659
11.1825
11.7034
7.69183
9.48802
7.10671
8.39446
11.1468
12.1979
6.89502
14.8653
11.9609
12.352
10.8046
8.71951
12.5284
9.92802
6.51436
10.5269
9.15053
6.60712
----------------
commit (avg): 9.71878
----------------
# Transaction throughput (KTPS)
LakeVillaWrite	/LakeVilla/src/YCSB-C/workloads/workloada.spec	1	0.00352565
