parsing config file ./lvconfig2.conf
parsing done
# Loading records:	0
<<<<< redos: 0 >>>>>
----- read -----
4.10082
2.59423
3.12589
3.15345
3.40745
3.07159
3.3052
2.72042
2.71476
2.65081
5.11914
3.06353
2.95172
2.95835
2.99525
3.19041
2.85813
12.4543
3.66616
4.53165
3.31316
3.22099
3.48665
3.49807
2.95604
3.31699
3.56002
3.05458
3.00326
3.28947
2.84126
2.9528
7.05957
2.48673
2.94746
2.47603
3.17318
4.00995
3.34719
2.45462
3.13759
3.22452
8.12792
2.6237
2.9507
2.98406
----------------
read (avg): 3.56804
----------------
----- update -----
7.89257
8.94074
794.028
34.2279
681.213
11.5089
565.543
26.9811
31.0039
22.4816
678.856
14.4236
253.698
26.4648
250.396
9.50152
337.208
14.3509
624.397
9.24224
447.482
15.3611
272.449
7.96774
575.712
23.1416
536.766
40.6017
578.464
9.87631
377.284
48.5893
529.002
7.83442
295.618
31.4869
10.1758
9.83523
7.60745
14.7501
350.579
24.207
436.868
25.6335
66.8252
38.1379
281.389
9.38548
647.511
22.4404
420.592
9.14047
453.396
29.7595
----------------
update (avg): 204.782
----------------
----- init -----
55.7825
62.5509
56.2213
56.0207
91.1501
80.5931
83.6882
86.5309
88.0415
123.728
82.2923
159.636
134.85
121.423
91.5477
86.5704
88.6724
83.1395
82.0272
85.9923
95.0737
93.2229
156.593
107.248
100.143
94.7157
92.6636
108.368
169.183
170.967
99.1202
108.186
109.185
210.33
176.633
115.299
99.7018
196.46
136.506
162.668
126.591
101.949
102.784
215.652
197.738
119.917
124.965
165.318
98.4101
143.485
178.197
216.17
222.853
136.499
189.343
112.797
118.866
138.72
233.754
164.511
135.848
120.914
146.662
130.323
110.822
209.103
177.867
165.435
124.439
127.59
172.342
257.716
196.872
149.655
138.253
139.76
226.438
179.578
164.345
219.242
135.837
140.454
230.958
127.901
137.048
167.474
191.726
239.574
249.287
151.245
174.439
147.284
239.255
136.09
152.748
197.946
133.698
175.939
164.729
136.19
----------------
init (avg): 142.343
----------------
----- commit -----
5.62683
6.80506
7.6479
12.607
7.60869
9.31086
16.4423
9.0647
7.66131
6.97283
12.0552
8.31459
7.80113
6.86883
8.40321
8.69692
7.4642
7.86232
7.02104
9.46357
8.96532
18.5717
7.20053
11.89
9.10121
6.44362
6.73769
13.3183
10.1825
8.27711
6.98513
11.1731
14.4364
7.74268
10.2025
8.82561
14.4737
9.10543
16.1015
16.4328
8.58809
7.34218
15.0208
7.34839
9.56067
9.74811
13.0276
10.6915
5.81673
11.4624
14.5781
13.158
7.98232
14.4878
7.38814
9.2364
8.57525
12.8128
11.775
13.156
10.5204
8.66781
6.69112
6.10936
14.3732
6.41299
6.31245
8.95046
11.1236
6.39134
9.66437
6.85929
8.76088
6.9253
8.26364
8.30943
8.16491
12.2201
14.8399
10.1678
7.39596
13.5943
6.54675
5.96395
6.27994
14.1486
10.8812
9.77083
7.43068
16.1628
8.0628
11.7473
7.61278
9.17067
16.3177
9.42546
8.58157
11.2657
8.23384
6.3525
----------------
commit (avg): 9.76295
----------------
# Transaction throughput (KTPS)
LakeVillaWrite	/LakeVilla/src/YCSB-C/workloads/workloada.spec	1	0.00353772
