parsing config file ./lvconfig4.conf
parsing done
# Loading records:	0
<<<<< redos: 0 >>>>>
----- read -----
3.80504
3.16484
3.20519
2.75941
2.78086
2.93889
2.41754
2.52403
2.86878
2.85723
3.07527
3.04924
3.58563
3.19069
3.25094
3.19649
3.45758
4.3397
3.12013
3.64441
4.45038
2.52137
2.97165
2.82974
3.66876
2.67933
2.79566
3.14217
3.04491
12.9413
3.45563
3.3376
3.05866
3.05776
7.42053
2.93686
2.87501
3.20177
3.18526
6.2741
3.16925
2.97252
2.81013
3.14146
3.42592
2.96151
----------------
read (avg): 3.5122
----------------
----- update -----
8.86721
30.6579
11.1088
678.434
24.7717
715.762
10.1485
513.431
8.5245
69.327
13.8886
636.064
50.0189
211.732
8.66
293.661
50.546
425.865
42.379
598.143
38.7153
135.301
34.5234
597.419
15.9907
450.687
9.71208
658.183
43.9802
372.66
24.1934
537.118
32.3916
544.434
31.0364
10.2385
11.7372
10.2792
9.91724
240.804
19.8606
579.153
52.2763
37.4206
10.7698
458.659
15.232
269.065
9.95012
444.831
58.3277
500.863
9.41062
478.65
----------------
update (avg): 206.589
----------------
----- init -----
79.5397
72.3663
75.4927
96.6735
78.7866
89.6041
156.03
82.5745
147.858
85.3492
91.6253
102.758
133.897
81.9249
88.5794
82.2167
86.5664
93.2689
91.4323
83.164
93.3497
112.676
91.2963
115.087
193.626
156.183
104.697
109.269
115.709
118.771
103.829
91.8703
94.7643
120.081
95.1534
202.517
179.842
103.111
212.209
127.361
188.203
132.237
105.821
110.047
104.396
100.533
212.338
144.38
228.579
158.192
102.536
174.205
134.884
165.607
117.449
108.323
143.44
235.361
178.638
224.66
174.029
177.371
136.546
120.823
134.122
154.773
137.111
133.189
129.936
121.941
187.699
208.104
131.748
121.37
161.547
153.603
144.65
133.494
244.127
121.888
238.623
186.839
138.484
127.141
149.375
133.252
170.387
211.413
286.641
236.147
143.434
224.78
133.479
159.272
224.38
199.675
196.477
144.586
126.557
161.654
----------------
init (avg): 141.316
----------------
----- commit -----
6.37996
8.10821
8.74674
8.91587
8.19777
16.4859
8.13016
11.9892
6.89866
6.31254
9.63734
14.2689
6.84868
8.39662
6.25443
7.29637
6.77112
5.917
6.46944
8.26561
15.3714
7.96558
7.79705
13.3572
9.20708
6.5127
7.31735
9.01084
14.8112
7.86297
6.54701
7.51205
18.2138
7.09649
15.1148
7.62378
9.28287
12.9665
9.71352
18.9442
10.1555
8.69276
16.2823
6.1784
7.05712
12.0124
9.68014
12.4982
7.0515
12.7573
13.8913
10.4315
12.7269
12.2714
6.20334
7.80536
13.3152
8.50265
17.3291
10.021
11.7567
9.46456
8.77563
11.2239
13.4084
7.3918
8.73513
7.72599
6.88928
6.76073
9.59882
10.2858
6.17017
8.49548
9.56249
11.3088
6.0434
17.9509
10.9224
12.2708
6.63193
9.84609
7.98335
8.60968
8.11948
9.07521
12.6279
17.0028
12.4812
10.6313
13.2408
8.65324
6.45143
14.7058
9.38436
11.5337
7.76172
8.71076
12.3805
5.50931
----------------
commit (avg): 9.93464
----------------
# Transaction throughput (KTPS)
LakeVillaWrite	/LakeVilla/src/YCSB-C/workloads/workloada.spec	1	0.00343882
