parsing config file ./lvconfig22.conf
parsing done
# Loading records:	0
<<<<< redos: 0 >>>>>
----- read -----
3.83393
2.62283
2.68343
2.90969
3.53629
3.05669
2.71333
3.93676
3.2525
3.62857
2.58024
3.36398
3.06777
3.10972
2.9996
2.82851
3.54496
3.19531
3.03567
3.96169
3.64977
3.01056
2.74331
3.24005
3.47603
2.77306
2.60519
3.16263
2.6096
2.54345
2.70407
2.9704
2.88551
2.8142
2.97886
2.86178
2.74719
3.38754
3.34676
2.9359
2.76099
3.15355
11.4297
2.73437
3.11535
2.95769
----------------
read (avg): 3.24911
----------------
----- update -----
9.17552
9.6905
9.108
718.314
17.9916
779.192
30.8703
509.994
25.3908
12.9902
14.8435
617.764
56.073
220.217
42.517
134.066
9.9717
418.519
29.4951
627.6
17.0663
160.627
13.4533
587.793
48.202
543.32
18.443
597.724
12.6406
377.34
15.625
641.417
53.6998
636.009
39.3067
8.73293
10.8872
9.56363
16.2201
209.583
14.7795
644.429
14.2492
35.4144
25.7606
530.631
10.0363
433.918
40.1465
302.327
10.0022
668.474
7.98968
339.619
----------------
update (avg): 210.911
----------------
----- init -----
61.7062
55.0863
66.4666
58.2017
58.7815
64.224
92.8985
92.9135
161.374
80.0702
90.1368
88.9537
145.907
137.681
86.9542
79.7265
85.9133
85.1652
92.5083
88.4126
86.0475
127.636
92.3712
93.7857
172.732
171.996
123.411
100.918
87.8375
161.848
105.584
110.878
150.816
124.586
93.0798
224.543
171.059
133.097
164.854
155.256
207.802
141.956
101.709
103.79
97.4641
99.0668
209.754
160.683
154.496
104.536
122.168
199.551
153.316
211.172
137.776
109.857
110.101
185.313
131.313
169.851
114.291
241.631
126.201
114.585
115.966
109.597
113.235
131.3
147.822
181.202
153.71
165.951
130.688
149.532
144.282
133.225
199.556
173.069
195.544
127.401
192.811
130.247
147.402
156.021
118.276
125.065
255.652
167.592
221.772
141.044
152.831
259.927
213.382
135.511
164.062
137.377
259.213
207.173
151.2
263.805
----------------
init (avg): 139.062
----------------
----- commit -----
5.15182
7.86033
8.30332
7.98094
5.29993
12.2118
8.32605
15.915
7.83908
6.03285
8.16043
12.7981
6.57409
6.95389
6.33161
6.02048
7.07505
6.66096
6.88836
10.9006
10.0463
9.81534
6.11901
20.2109
7.44759
8.71754
5.63798
16.749
13.3238
8.57022
7.1494
9.06771
20.6009
6.26585
16.3159
8.08085
8.82117
14.2401
10.204
14.3706
9.33994
13.4326
8.75473
6.49057
6.93884
15.7255
9.86806
12.7403
6.9718
12.47
11.6358
13.7342
13.2237
10.0906
5.81026
6.54554
12.685
11.3384
12.6133
11.4527
15.2879
8.90086
9.31086
7.31078
8.49598
6.2705
5.74094
9.29512
6.42195
6.68115
8.7054
7.04366
7.81687
6.90059
7.86801
10.2733
8.0511
14.2394
12.8097
14.809
7.88232
9.02539
10.1934
7.71473
11.7798
11.6683
11.0913
10.924
10.0274
9.55438
17.705
15.9106
7.07542
12.7208
13.4755
14.1477
6.57911
8.03893
12.6312
7.13294
----------------
commit (avg): 9.94412
----------------
# Transaction throughput (KTPS)
LakeVillaWrite	/LakeVilla/src/YCSB-C/workloads/workloada.spec	1	0.00354841
