parsing config file ./lvconfig12.conf
parsing done
# Loading records:	0
<<<<< redos: 0 >>>>>
----- read -----
3.89706
3.1531
3.08195
3.40339
2.55578
3.83678
3.52664
2.71422
2.79545
3.27367
3.22987
3.52482
2.75358
3.18491
3.0286
3.13565
3.56311
2.86543
3.8559
2.98792
3.11779
2.99571
3.93101
3.20404
5.43588
7.07986
3.68288
2.59647
3.07442
2.89673
3.10858
3.69282
7.91895
2.95638
3.53484
4.21946
5.09589
2.96801
3.49369
2.88694
2.75369
2.93077
2.92351
4.89125
3.46623
2.78664
----------------
read (avg): 3.52196
----------------
----- update -----
40.0471
17.4712
13.3461
10.4044
630.167
8.60798
557.423
18.4698
15.0609
14.7766
676.46
44.3922
164.076
10.473
209.379
13.0212
318.147
24.6252
627.451
14.0996
411.099
31.7326
260.647
26.868
464.906
51.0773
575.571
36.6145
567.915
30.0696
293.36
54.5181
544.193
23.6723
204.017
11.1483
40.9012
10.3783
57.0111
10.8429
412.385
28.4065
296.538
10.9914
8.7029
13.8837
319.356
45.1102
442.599
13.5019
313.809
32.6678
326.955
26.0411
----------------
update (avg): 174.544
----------------
----- init -----
64.5329
89.6429
65.1751
69.6514
87.0459
92.6088
79.3989
98.317
76.2235
121.279
81.5127
161.42
121.193
115.615
115.722
85.6769
85.8427
81.6295
92.0534
90.6933
87.5904
105.598
178.031
165.124
94.7799
97.1296
101.013
86.1629
179.187
181.135
147.904
108.891
109.111
221.468
155.351
148.958
94.084
200.363
121.575
172.913
115.534
103.25
133.829
191.413
187.638
142.919
118.505
204.075
168.204
115.378
176.299
155.4
202.164
171.218
199.2
167.137
139.873
112.225
232.271
144.852
227.505
152.929
112.383
115.15
113.34
175.131
202.325
132.502
169.182
123.992
141.447
153.618
142.507
163.843
236.536
155.301
185.068
185.648
126.664
260.018
225.963
148.789
249.965
250.545
186.522
194.183
129.375
220.172
191.462
136.669
292.894
195.301
263.886
221.73
150.578
267.614
213.352
133.367
256.635
186.933
----------------
init (avg): 152.04
----------------
----- commit -----
5.65432
9.83231
9.42063
13.5219
7.78521
8.875
16.1578
18.0268
8.27343
9.01358
14.8166
11.361
8.83513
8.83182
8.49588
7.08983
7.99541
7.28163
6.74714
10.1111
18.684
18.8802
8.12852
10.0241
7.07877
6.24933
6.84763
13.35
9.77045
7.73858
8.53194
5.64939
15.6531
7.17905
9.75995
7.00366
14.8355
9.30994
13.9867
15.4854
8.30142
6.81134
17.9066
9.92055
11.1371
18.4798
13.0384
11.5306
14.0538
11.7058
9.98585
13.8303
9.85721
13.158
10.7318
11.1797
9.50798
12.2468
9.84803
12.8112
8.56507
6.93277
6.34952
6.99456
11.2819
12.7383
6.12117
13.9613
11.5085
7.58881
9.27114
5.9057
6.54979
10.3127
16.0111
7.84812
7.6507
8.70327
14.8473
9.48883
6.13554
13.1328
7.52164
6.75855
7.51729
13.6129
9.66739
14.4123
7.38734
13.8993
8.29808
11.3572
11.6703
8.91462
12.4543
8.79579
9.06911
12.6196
8.86743
6.10336
----------------
commit (avg): 10.3514
----------------
# Transaction throughput (KTPS)
LakeVillaWrite	/LakeVilla/src/YCSB-C/workloads/workloada.spec	1	0.00352075
