parsing config file ./lvconfig0.conf
parsing done
# Loading records:	0
<<<<< redos: 0 >>>>>
----- read -----
4.15021
2.30849
2.56476
2.4283
2.97917
2.83385
2.55483
2.81011
2.70315
3.03828
3.1432
3.16863
2.85382
2.79415
3.66012
3.197
2.79537
3.65219
3.43597
2.98225
3.41304
3.66944
3.85098
3.2162
4.56263
3.22775
4.3695
2.74616
2.83445
2.95866
3.9609
2.58751
2.60448
2.69203
3.60106
3.05729
3.12503
3.04191
2.81181
4.17126
3.46431
2.80381
8.12359
2.96709
2.97407
6.69073
----------------
read (avg): 3.33869
----------------
----- update -----
7.40058
8.70895
671.844
11.2587
784.609
41.0888
557.22
9.62618
46.1319
27.7103
660.259
10.0368
317.218
30.5551
264.886
44.0732
281.785
57.592
580.335
26.0197
429.088
18.0085
414.088
14.0955
475.979
24.3406
616.125
47.5662
551.855
56.8979
360.299
27.6429
542.408
35.4405
261.252
11.1393
15.0025
48.184
20.8764
13.6701
434.165
8.88939
417.845
11.4462
219.223
12.5827
374.783
52.8374
447.471
57.361
422.292
35.3441
377.282
9.12492
----------------
update (avg): 209.314
----------------
----- init -----
61.1995
57.0322
58.5232
58.2246
67.1202
58.9484
56.8095
110.321
103.333
78.2109
72.3745
159.81
105.965
87.6497
87.4311
85.6232
81.7848
81.1591
81.2574
83.4648
117.633
165.023
116.134
96.9343
110.721
89.4416
101.851
93.1196
181.026
136.196
115.24
96.6358
116.177
194.048
172.877
157.701
105.37
188.242
151.023
162.973
120.663
102.591
100.106
171.944
125.89
100.858
123.013
194.025
150.312
122.317
206.873
149.048
220.034
142.915
179.879
136.326
112.183
106.502
222.333
177.048
150.208
121.339
133.619
131.459
116.986
244.148
173.495
124.875
124.75
130.202
112.69
229.209
190.306
149.52
162.252
196.066
131.47
177.42
157.039
251.159
162.716
128.617
133.018
138.971
171.539
139.657
121.806
223.72
214.465
136.491
309.552
173.996
199.599
138.624
140.093
233.802
172.632
148.48
269.805
144.448
----------------
init (avg): 139.797
----------------
----- commit -----
6.04159
6.92056
7.12839
7.98867
5.73391
7.90889
13.0074
11.132
6.48036
5.26671
16.3523
9.38385
6.47932
7.384
5.51939
6.33898
7.85063
5.81321
6.29155
13.4703
9.88624
19.2571
5.94575
8.25958
6.62189
7.4449
10.5897
16.6706
8.48471
6.98136
10.1667
7.19113
14.5599
8.62086
8.9535
5.91218
14.5074
8.97748
14.3628
16.9232
7.47658
7.08885
14.7115
12.0769
6.44678
9.87526
17.4431
11.443
6.54447
12.8164
12.4206
10.3615
8.92525
15.3843
8.43654
7.54669
9.28198
14.0423
9.4781
12.3178
11.5043
6.71078
5.41092
6.72403
15.5943
7.56742
6.70732
9.75263
8.01067
5.75337
13.2941
7.46078
8.16738
6.54634
8.12531
9.06302
11.807
8.89788
14.6237
13.2287
6.39549
13.1245
13.6219
7.44428
6.67059
8.643
12.932
9.01098
10.193
11.173
8.06826
15.2526
7.9086
10.4387
12.446
11.9457
7.88666
14.7956
9.04139
9.21984
----------------
commit (avg): 9.78089
----------------
# Transaction throughput (KTPS)
LakeVillaWrite	/LakeVilla/src/YCSB-C/workloads/workloada.spec	1	0.00365437
