parsing config file ./lvconfig25.conf
parsing done
# Loading records:	0
<<<<< redos: 0 >>>>>
----- read -----
4.07057
3.13828
11.4995
3.00175
3.62415
2.97234
2.76773
3.16511
3.22494
3.62318
2.95508
3.06953
3.75098
3.29166
5.27959
2.93515
6.21657
3.11882
4.69592
3.69932
2.45255
2.69794
2.74938
2.84203
7.89912
3.28605
5.40833
2.35087
2.7756
2.64745
4.00115
3.11425
9.69906
3.04567
3.36329
3.01661
2.64484
3.19015
2.66799
2.98931
4.45664
3.32983
4.13747
2.77301
3.90141
2.67995
----------------
read (avg): 3.78739
----------------
----- update -----
12.6662
8.78734
11.6215
678.514
8.54974
799.562
48.1605
486.931
8.73398
69.0869
10.9488
530.867
9.19826
292.92
53.7367
167.679
9.43715
537.319
32.2418
624.57
24.6836
138.962
46.536
691.336
57.4083
543.319
17.7913
612.331
44.0978
281.891
48.9038
526.395
25.9593
593.287
15.3395
8.29852
11.1647
47.099
13.0734
243.289
30.9503
506.433
54.9363
10.0604
11.3555
468.223
29.7783
270.454
11.0635
363.163
19.1303
464.895
29.3356
403.335
----------------
update (avg): 204.922
----------------
----- init -----
84.3397
76.1818
75.818
83.4424
86.5064
76.77
88.8812
79.0456
133.101
85.8383
107.25
82.5056
100.458
97.3471
93.1888
85.5474
85.6364
91.1928
88.2815
88.2491
92.695
169.296
144.163
106.178
180.201
98.3234
101.744
148.53
106.785
156.052
100.431
133.677
129.199
97.1289
90.2617
194.439
119.946
98.5354
185.634
132.123
166.803
100.061
160.955
124.38
117.761
103.068
139.863
100.587
111.328
109.078
136.335
169.165
179.514
218.968
152.911
140.912
108.684
228.261
173.139
217.02
138.665
200.956
140.586
150.443
124.734
157.89
139.861
136.986
129.382
119.874
172.806
169.054
137.956
122.139
191.695
131.81
137.527
123.736
257.054
177.219
217.345
137.062
141.097
158.761
154.911
145.585
215.599
200.124
292.568
230.756
135.417
263.451
192.791
138.492
258.495
234.602
246.848
146.391
133.612
158.047
----------------
init (avg): 141.96
----------------
----- commit -----
6.69042
9.61443
8.56853
9.9229
7.59047
16.6527
9.54343
11.7412
6.97811
6.01361
10.6056
15.6029
13.105
8.72726
6.38678
8.16352
6.78048
6.27593
6.5361
9.3905
19.166
10.3128
7.69802
14.0288
9.12869
8.61898
6.39568
9.68761
13.1034
6.5422
9.63367
7.27581
9.58035
9.2003
14.908
9.95653
9.7327
14.9999
12.0048
13.4083
6.41026
5.77166
11.3453
6.27423
6.83064
14.4532
9.3708
15.8242
10.5217
8.8278
12.356
9.99859
13.6962
9.16301
7.27772
9.48239
11.192
13.8186
13.7171
10.1564
13.3374
6.48318
5.67938
5.987
9.22661
10.1613
6.23351
8.71597
10.9286
5.76976
9.34753
6.4809
6.67223
5.41188
8.53239
12.3698
7.07134
15.0503
8.45948
11.6462
6.92449
9.54878
7.17476
6.82109
8.63809
8.29556
15.2172
13.3789
11.932
8.66499
10.3052
13.0546
6.2121
12.7594
8.90299
11.7147
7.86153
13.1519
13.3182
5.5325
----------------
commit (avg): 9.79734
----------------
# Transaction throughput (KTPS)
LakeVillaWrite	/LakeVilla/src/YCSB-C/workloads/workloada.spec	1	0.00343991
