parsing config file ./lvconfig11.conf
parsing done
# Loading records:	0
<<<<< redos: 0 >>>>>
----- read -----
4.16906
3.21599
3.10289
2.77162
2.61768
3.34054
4.11428
3.45491
4.48407
3.00092
2.7545
3.2001
2.87299
2.74015
3.12578
3.07675
3.78516
13.3666
2.97508
3.17169
2.80127
3.61499
4.32405
2.86531
3.01889
4.00432
3.04527
4.8079
2.59069
3.4741
2.94191
2.5475
4.47617
3.24507
2.87951
7.22241
3.10229
3.01436
2.961
3.45004
2.8639
2.8407
2.52405
6.08049
2.86988
3.3653
----------------
read (avg): 3.61461
----------------
----- update -----
8.58293
10.0056
11.8283
12.6874
686.805
55.5692
474.27
10.5987
29.5283
10.3688
745.702
41.0105
229.182
11.7044
249.961
47.9115
396.96
42.5496
591.986
29.6273
419.825
8.08367
325.6
11.2453
502.202
40.9735
695.014
44.0099
585.827
8.35226
278.525
47.8927
656.104
35.3306
114.647
8.52783
20.805
9.09118
27.6513
10.1094
529.638
22.2588
427.364
27.9539
30.7793
14.9409
327.402
43.8711
440.887
9.19027
92.2867
11.7569
380.521
13.2846
----------------
update (avg): 183.681
----------------
----- init -----
59.9923
86.5079
74.8144
81.7091
81.2036
80.7881
81.59
144.483
119.465
79.2756
79.8697
118.121
84.5276
93.9646
116.94
104.439
89.1611
93.2085
91.5233
88.015
106.23
87.92
158.307
115.219
102.626
90.2504
100.202
98.7823
187.159
109.149
106.338
161.187
106.443
189.567
98.481
105.226
113.879
188.944
149.606
170.427
132.033
98.5008
108.318
205.656
160.036
141.719
103.48
206.03
144.464
105.784
129.607
110.555
200.294
146.813
208.52
218.291
118.627
112.4
159.585
111.208
239.935
185.619
123.058
119.375
119.9
179.279
128.211
170.233
141.671
176.128
200.955
222.974
166.051
123.632
171.207
126.377
156.994
125.531
151.118
250.158
126.186
135.461
266.419
215.436
165.852
128.105
131.628
228.615
221.366
151.091
298.893
187.836
271.301
453.777
139.178
263.051
187.605
124.57
263.616
181.922
----------------
init (avg): 147.378
----------------
----- commit -----
7.61198
8.96261
8.10365
7.80236
7.6937
9.8302
20.6299
13.1301
6.22686
5.48478
11.7897
18.9199
6.19479
7.40239
8.26915
7.45686
6.57128
6.80068
9.12391
8.27121
9.37764
15.5902
7.35881
9.04823
6.37592
7.09063
7.59497
13.8547
11.8919
6.36127
8.64796
10.0987
13.6637
6.57943
14.8284
6.25936
14.8774
9.27963
14.2196
10.3549
7.02583
8.49541
15.3628
9.55917
6.31144
9.7463
13.0764
10.7062
6.35738
11.3013
11.0656
13.0636
9.72839
13.5724
9.02412
6.96198
17.5851
14.035
8.99726
16.3486
10.2758
9.92287
6.43219
9.87492
13.0837
8.82278
5.7459
8.19608
6.38944
7.22038
8.51235
6.37308
7.43103
9.53745
15.2537
13.1231
6.14414
12.3392
13.3921
9.43877
5.98539
13.6232
6.99442
7.10585
6.37097
12.9675
17.7412
10.7708
8.25572
16.7481
9.21039
11.6786
9.36729
8.11805
13.5665
9.31418
5.75541
11.3097
7.9405
6.84281
----------------
commit (avg): 9.95129
----------------
# Transaction throughput (KTPS)
LakeVillaWrite	/LakeVilla/src/YCSB-C/workloads/workloada.spec	1	0.00352265
