parsing config file ./lvconfig24.conf
parsing done
# Loading records:	0
<<<<< redos: 0 >>>>>
----- read -----
3.91272
3.24077
3.11146
2.67071
3.45567
3.06026
2.77506
3.55586
3.66222
2.86134
4.97217
3.36315
2.97513
3.02757
3.31483
3.05728
2.89316
3.8956
3.00658
2.88883
3.50883
2.61577
4.98843
4.93861
3.20068
3.9657
2.9857
2.82601
3.29382
2.72492
2.74522
2.68843
3.36786
2.57917
3.30092
2.77123
3.15586
3.78918
2.96169
3.18836
2.99554
4.79938
7.85777
3.79797
2.94647
2.78879
----------------
read (avg): 3.4018
----------------
----- update -----
7.71314
8.94716
546.068
7.45073
634.383
21.3409
508.969
15.6173
57.3263
19.5895
691.415
24.6852
248.016
43.3148
213.614
14.3993
406.186
38.4496
620.947
8.27464
471.034
21.0442
430.445
17.0321
568.064
57.9128
575.942
58.5498
663.521
34.2817
268.911
17.2949
591.595
17.7534
235.867
58.873
49.7365
13.8956
8.26836
10.9631
371.981
12.5319
310.638
8.97307
9.43881
10.6698
267.291
53.2692
443.134
8.29812
325.571
48.6602
338.923
10.5853
----------------
update (avg): 194.957
----------------
----- init -----
58.3474
60.5601
58.2432
57.8245
148.988
98.0827
79.055
160.355
93.1144
81.8227
94.6751
131.434
141.737
93.9943
80.8287
77.9122
85.6411
90.1653
95.168
87.9887
92.1377
110.971
156.868
98.0322
101.887
100.61
95.039
104.704
169.633
147.202
108.316
123.732
139.921
205.63
96.6593
103.517
132.021
188.643
123.417
128.791
100.694
150.111
95.5859
129.575
110.779
130.586
120.724
130.357
100.798
159.838
152.209
184.771
125.598
129.415
205.143
192.987
122.304
117.328
232.71
136.757
203.699
120.271
126.626
122.941
116.912
203.858
147.414
157.547
180.866
156.579
144.602
140.244
215.976
150.075
134.998
162.306
237.468
171.561
152.661
256.725
218.731
155.349
237.019
254.117
204.649
160.353
149.239
214.987
225.75
171.15
255.07
216.622
266.539
222.669
143.967
245.835
193.302
148.308
254.743
162.409
----------------
init (avg): 146.361
----------------
----- commit -----
5.51068
7.24549
7.40289
13.8228
9.778
8.99278
17.145
7.46989
6.81286
5.7969
14.0824
9.25826
6.78291
8.0038
8.73034
7.72813
7.53711
7.00512
10.0378
9.52697
10.6633
19.9096
7.3783
11.1888
7.74636
6.40836
6.32831
13.6197
10.4162
6.42112
6.546
7.65031
14.3612
6.9578
7.99061
7.38669
15.1687
8.67852
14.667
10.8313
6.2934
7.1532
14.2359
9.86545
7.03113
12.4261
12.7382
10.6011
6.59562
12.0412
14.369
13.3186
10.1265
15.6027
9.57801
8.38256
14.6047
12.8069
10.4101
14.8613
11.0114
6.42159
6.87786
6.13071
11.6886
6.66556
6.4679
8.75336
6.54022
6.49383
8.0783
5.90535
7.46813
6.31079
9.73739
9.29852
7.5699
9.83593
16.0692
9.73557
11.9203
12.2507
6.21691
6.86553
8.30673
9.23282
9.69996
9.25962
6.70497
14.9053
14.8339
11.3634
10.0669
10.2176
15.6548
7.83456
6.29079
10.459
8.0995
7.07993
----------------
commit (avg): 9.66353
----------------
# Transaction throughput (KTPS)
LakeVillaWrite	/LakeVilla/src/YCSB-C/workloads/workloada.spec	1	0.00352611
