parsing config file ./lvconfig3.conf
parsing done
# Loading records:	0
<<<<< redos: 0 >>>>>
----- read -----
4.20795
2.97761
2.92641
2.48477
3.50127
2.62842
2.48218
2.50254
3.1875
2.85673
2.6958
2.99996
3.49624
2.81004
3.25443
3.41667
2.76853
3.72952
3.4159
4.80032
4.49477
2.76502
3.13456
2.93764
2.60022
2.4644
2.66458
3.52676
2.84048
3.17942
3.33942
2.85411
4.2211
3.62498
2.5536
3.457
3.12684
3.23968
5.67241
3.15934
3.55096
3.68592
3.23286
3.10481
2.81643
2.61803
----------------
read (avg): 3.21757
----------------
----- update -----
8.73237
8.72916
11.6655
670.64
53.7255
641.968
54.1122
498.319
8.90167
49.615
55.8531
528.447
34.9221
234.004
36.9676
98.6165
8.54021
510.811
46.0324
600.803
26.1256
120.635
64.6291
684.584
9.71167
537.221
15.1315
571.379
25.7738
369.131
56.6198
566.385
52.8172
530.266
49.4504
8.1727
12.934
26.566
9.69127
137.768
29.9081
444.649
18.9047
10.962
12.3055
446.731
32.9049
323.989
40.9179
300.299
50.4623
567.941
10.0957
432.731
----------------
update (avg): 199.244
----------------
----- init -----
111.039
77.5335
79.3674
93.166
72.8826
76.7927
149.491
132.62
115.489
84.5706
103.426
90.6246
131.532
98.4969
100.945
83.9718
88.4889
81.7961
84.6173
99.8392
85.6471
154.83
117.235
106.869
175.882
106.624
112.817
164.067
114.41
213.182
167.057
122.026
97.9401
96.3399
100.911
191.661
147.398
99.972
185.053
150.555
204.491
122.663
109.697
121.671
105.012
99.9068
132.354
108.17
137.195
106.395
164.757
221.924
168.114
180.412
134.534
106.899
135.908
215.125
137.519
227.735
166.609
226.134
158.118
143.61
144.942
129.884
164.461
166.956
120.284
191.849
147.535
124.779
126.182
190.683
183.29
132.772
120.108
119.462
267.727
224.575
256.727
240.894
145.013
150.547
125.712
143.267
140.695
213.892
271.366
192.135
138.768
263.205
216.06
152.684
210.176
153.309
241.946
147.548
124.813
146.234
----------------
init (avg): 145.326
----------------
----- commit -----
7.28782
9.10494
10.1821
12.786
12.1486
17.047
12.4575
10.8628
9.18715
8.10664
8.44429
15.8354
6.05691
6.97691
7.0273
6.15698
5.73618
7.08997
6.85168
10.0456
18.6531
8.05661
6.91703
14.4577
7.39242
8.04487
9.88895
8.35674
16.03
6.72694
8.87846
7.25424
8.30258
7.17162
14.547
8.17604
11.0336
13.6544
9.13498
15.3238
11.5714
6.9901
19.6914
7.28393
6.83336
14.0647
10.9227
14.5747
6.60711
9.38956
13.7203
10.3397
12.2815
13.7764
6.58941
6.85768
12.1622
12.5662
13.6616
8.25243
12.4256
7.56855
5.4607
8.59188
8.6719
8.22803
6.57185
8.97094
7.32188
7.70347
8.89993
6.59814
6.64842
7.1824
8.28092
7.55824
6.47081
17.1584
9.19924
12.8269
7.29873
9.36787
6.23509
6.809
8.92971
14.7841
16.4179
14.9297
7.46218
11.2938
11.15
8.32314
6.79157
15.0916
8.957
11.8825
7.73382
9.21616
12.2046
5.47376
----------------
commit (avg): 9.8822
----------------
# Transaction throughput (KTPS)
LakeVillaWrite	/LakeVilla/src/YCSB-C/workloads/workloada.spec	1	0.00344088
