parsing config file ./lvconfig16.conf
parsing done
# Loading records:	0
<<<<< redos: 0 >>>>>
----- read -----
4.99279
3.00177
3.39362
2.76003
3.3942
3.0175
2.92773
2.99221
2.83729
2.77249
3.19815
2.9364
3.23091
2.63838
3.0276
4.09094
3.71159
3.41296
2.97254
3.42672
2.9197
2.73552
2.99454
2.80069
4.64536
2.63985
3.40901
3.14089
6.83986
3.39615
2.89718
3.04656
2.6835
2.86631
2.67791
2.18298
3.16825
2.88222
3.58994
3.49495
2.59792
3.13121
2.94462
3.79508
4.06498
2.26382
----------------
read (avg): 3.22923
----------------
----- update -----
33.3419
31.2037
14.7235
621.596
8.84489
732.555
26.518
436.941
10.3121
61.6558
23.6705
528.339
34.0351
276.172
31.1801
118.976
9.13761
571.66
31.8894
669.043
23.8024
132.891
12.6117
598.394
25.4913
516.117
21.6655
562.95
21.6552
359.142
57.4309
594.155
47.4888
530.977
52.6131
39.8908
11.4419
7.88966
11.3252
74.8176
23.4365
523.29
37.5483
57.0845
9.47918
332.005
48.8594
402.956
26.5983
356.511
56.5076
591.093
57.7259
361.783
----------------
update (avg): 201.1
----------------
----- init -----
91.2548
72.4941
83.2623
90.4573
95.9483
72.1886
159.296
79.202
153.081
151.614
90.85
88.8845
126.366
83.6378
105.098
82.2383
83.5207
89.232
84.375
94.3107
89.0742
163.411
139.868
107.538
182.131
126.507
119.658
100.992
105.535
218.375
151.661
111.391
101.658
95.0327
103.854
170.128
115.122
96.7716
147.249
130.154
192.768
169.793
105.721
104.523
103.597
97.754
196.487
176.486
192.888
99.9022
112.154
217.618
172.18
189.656
156.444
110.424
109.739
201.979
129.709
233.615
158.701
186.984
175.308
145.284
164.555
132.13
150.514
177.9
128.447
145.517
186.336
130.236
130.349
184.969
213.455
133.514
129.687
117.362
263.143
159.57
239.427
236.349
182.294
152.147
137.179
225.664
142.057
164.262
252.302
129.205
133.492
267.753
187.91
130.366
199.507
136.279
258.678
154.965
125.362
153.382
----------------
init (avg): 144.494
----------------
----- commit -----
7.48849
8.53256
14.8351
12.2131
6.58924
13.8225
8.2798
12.3702
7.58703
7.05049
12.7552
14.937
7.52324
7.00339
7.51911
5.75046
6.65835
6.6669
7.13548
8.99798
18.5837
10.1103
7.61703
13.0997
7.76905
8.77076
6.53245
9.66488
17.0187
7.9701
6.38683
7.5724
8.76267
5.68422
13.2063
10.1747
8.48594
14.3724
12.1621
16.1089
8.40125
6.66308
9.28417
6.94469
5.74552
15.4421
12.4268
13.8861
12.0755
11.9579
13.2098
9.9665
13.9264
12.3019
6.5291
9.61228
12.1822
9.21191
13.4472
14.2744
13.7384
7.86233
7.88941
10.1571
9.54145
6.86827
7.4031
8.15177
5.30342
6.6164
8.23915
6.68993
6.2265
8.32836
8.18467
11.9734
6.22361
14.5641
8.89788
11.9221
6.58867
10.1003
10.02
6.26006
7.11874
12.5017
8.85568
13.7068
6.84042
9.51195
11.8519
9.34188
6.69949
15.8827
7.6585
10.1248
7.01929
8.06993
10.654
6.40649
----------------
commit (avg): 9.71252
----------------
# Transaction throughput (KTPS)
LakeVillaWrite	/LakeVilla/src/YCSB-C/workloads/workloada.spec	1	0.00344076
