parsing config file ./lvconfig17.conf
parsing done
# Loading records:	0
<<<<< redos: 0 >>>>>
----- read -----
4.0976
2.90843
3.34646
3.21066
3.34653
3.60041
2.94751
2.58178
3.30388
2.97325
3.12774
2.98909
3.22493
4.37116
3.27526
4.3756
2.43899
5.27799
7.55681
2.80778
3.07733
3.14168
4.0073
3.38662
3.67407
5.12911
6.79073
2.6382
2.42629
3.19743
3.39252
2.84315
2.68837
3.46403
2.58325
3.32425
2.57572
3.00066
4.29258
2.9162
2.84662
3.77893
2.61864
4.07012
2.60379
2.34607
----------------
read (avg): 3.44729
----------------
----- update -----
22.4181
10.1972
26.6327
10.0476
622.631
58.0964
499.636
16.3774
12.623
14.3044
671.071
11.8794
204.466
29.7815
220.704
8.64603
446.802
9.12658
736.043
28.3334
385.406
55.719
411.009
57.1278
452.984
13.0883
538.372
36.9685
571.342
9.6967
332.271
12.292
674.254
48.5112
137.609
9.37702
28.8819
10.5748
183.183
31.2647
439.671
8.68692
452.741
32.7707
11.533
17.1597
438.888
24.4856
469.963
10.8611
345.515
15.3204
341.906
53.8201
----------------
update (avg): 191.168
----------------
----- init -----
66.1622
90.3171
67.3853
70.4559
86.6357
92.9034
79.0833
154.864
79.1276
75.1315
77.9223
159.177
123.507
114.697
113.003
87.0315
83.708
80.8775
81.5759
86.3695
97.2516
125.238
175.26
152.624
107.591
92.4044
92.6598
86.7875
181.841
130.084
109.382
135.784
137.624
178.462
104.249
100.303
110.758
131.073
98.3823
215.794
128.441
98.2645
99.7727
127.559
109.043
140.485
105.819
209.699
129.867
136.896
208.377
200.257
222.062
148.444
201.484
173.738
121.104
108.525
179.717
111.694
214.552
188.608
123.572
115.569
111.501
154.385
114.28
152.929
151.121
155.763
154.552
133.226
168.019
147.852
128.454
172.6
238.318
136.616
128.68
185.834
139.359
167.292
245.214
237.481
147.038
129.243
130.287
201.467
134.606
176.152
295.521
181.596
265.51
211.021
128.377
278.944
191.917
145.119
249.251
178.332
----------------
init (avg): 143.049
----------------
----- commit -----
6.50741
11.35
19.2756
14.4771
9.34201
10.0276
14.8385
15.9825
11.0194
10.4482
11.8229
12.604
6.48407
11.6895
7.90764
7.69816
6.74031
7.24306
5.8328
9.94419
18.6157
19.7547
7.34634
8.63733
12.7301
6.84722
6.50067
11.3576
9.74208
7.07837
6.50301
10.8593
15.8933
7.09051
7.6891
7.42462
14.9734
9.90342
14.1573
9.09848
7.46892
6.91316
15.5899
8.68577
7.22978
9.25764
12.6255
9.20304
7.57079
13.2133
9.64546
14.336
8.15634
13.3762
10.0183
7.7924
8.3104
12.2346
9.46535
13.8911
9.02661
9.92366
6.18028
10.896
13.9317
5.76858
9.07291
20.7858
5.8523
6.41753
9.02817
5.84284
7.06278
16.1677
9.57594
13.7169
7.93389
9.45569
17.2135
10.2822
6.32951
13.2808
7.2122
6.44221
9.06219
19.4039
11.8175
16.6639
6.67335
18.4462
9.03723
12.1868
10.9263
9.02992
10.0307
10.5546
6.55336
11.5605
7.63318
6.40768
----------------
commit (avg): 10.4181
----------------
# Transaction throughput (KTPS)
LakeVillaWrite	/LakeVilla/src/YCSB-C/workloads/workloada.spec	1	0.00352058
