parsing config file ./lvconfig26.conf
parsing done
# Loading records:	0
<<<<< redos: 0 >>>>>
----- read -----
3.83932
2.91179
3.02828
3.04307
2.89053
3.91826
3.56392
2.73562
2.94393
2.97253
3.65405
3.42422
7.09763
3.12821
2.32496
3.3547
3.02783
2.95469
3.32871
3.19514
2.88013
2.7565
4.91587
2.81655
3.0141
3.24391
3.20055
3.23316
2.65862
2.45807
2.99492
3.18944
5.68187
2.32618
3.32891
3.04461
2.48146
5.33535
2.93874
3.36589
3.13155
3.15042
3.61494
2.85989
2.94577
2.59052
----------------
read (avg): 3.29338
----------------
----- update -----
58.2319
11.8029
54.9918
11.0462
596.237
52.4354
445.584
29.9022
8.61292
16.018
687.207
9.13856
152.444
33.6356
189.198
19.5844
325.823
55.8686
597.834
26.5281
429.42
28.9343
345.446
53.8263
521.896
60.8905
611.476
21.9484
640.348
56.5961
231.684
31.9138
621.417
18.2345
129.161
10.4096
20.6901
10.1177
33.2854
11.3997
475.205
48.8866
329.898
59.3343
8.79966
11.01
335.501
11.2995
465.139
9.94997
384.363
30.9045
438.833
50.4633
----------------
update (avg): 183.904
----------------
----- init -----
62.8821
86.7386
74.0306
69.7752
93.7188
82.0543
76.5714
162.164
118.657
90.737
79.4181
152.174
136.698
122.611
85.032
82.8328
85.3921
83.921
86.5001
86.2182
103.238
115.121
177.16
164.811
112.746
99.0659
121.714
86.1095
153.895
196.642
168.836
105.019
103.445
219.813
152.301
138.584
97.895
197.673
120.045
181.896
112.221
95.3491
112.282
211.323
124.215
107.522
126.452
173.955
133.97
103.27
126.783
153.792
172.614
133.974
224.293
200.906
136.336
103.192
211.24
112.545
243.672
191.08
122.258
119.6
115.859
225.265
168.496
122.867
181.934
122.582
166.438
216.728
192.874
122.187
159.379
143.521
195.674
130.691
137.123
253.176
187.42
143.127
254.446
219.059
184.232
132.521
143.023
228.625
193.714
150.604
287.704
201.535
255.001
181.941
142.982
211.162
134.985
147.547
253.683
163.575
----------------
init (avg): 147.587
----------------
----- commit -----
8.33144
8.20948
7.53604
9.26721
7.59468
11.2733
15.1653
15.1097
8.43619
6.48717
12.277
10.9327
8.28262
7.04187
7.98596
7.24034
6.62435
6.13666
6.68008
9.68939
11.6997
20.2109
7.48196
8.06917
7.3534
6.96341
7.42566
12.1233
10.1472
10.6287
6.41325
6.80816
14.651
7.08202
9.16542
7.59062
13.9843
9.49936
14.0515
9.14093
7.48871
7.71292
14.0295
8.79941
7.36768
17.9399
12.3695
13.5942
7.93051
11.1961
14.3223
12.7015
18.0199
12.9092
7.22391
7.89571
9.05965
13.0877
9.02534
15.6972
10.8018
10.0184
6.04352
10.389
12.7867
7.25431
6.51386
10.9436
10.938
6.57162
8.98714
7.14694
6.96236
6.74039
18.4848
7.95025
7.89574
9.23343
14.5536
8.97188
6.69355
12.1876
8.1844
7.15655
6.38038
8.26162
10.323
10.0226
6.98349
17.7958
11.6158
11.3888
6.27708
7.70965
15.5693
12.0236
5.69335
12.0648
7.57463
7.50389
----------------
commit (avg): 9.89759
----------------
# Transaction throughput (KTPS)
LakeVillaWrite	/LakeVilla/src/YCSB-C/workloads/workloada.spec	1	0.00352199
