parsing config file ./lvconfig9.conf
parsing done
# Loading records:	0
<<<<< redos: 0 >>>>>
----- read -----
3.90079
2.56946
2.9584
3.479
2.60824
3.02022
3.9127
3.16294
4.60301
2.62474
3.23958
3.27876
2.70368
3.35639
2.81925
5.60504
2.77753
9.67944
3.18215
5.83649
2.84662
2.61662
3.63761
2.79888
2.77256
2.62492
3.51765
3.05629
2.88914
2.94568
2.50791
3.13297
2.81085
4.00959
2.51979
2.78879
3.58277
2.73881
2.63186
2.6935
3.7608
2.96964
5.29081
4.49664
2.85393
2.6262
----------------
read (avg): 3.40084
----------------
----- update -----
7.62171
8.71556
539.747
10.2872
706.748
9.30432
518.39
11.6817
19.8066
44.4137
725.327
13.9542
248.984
12.5708
238.25
34.1331
385.457
44.9761
607.058
11.0522
400.811
10.3376
414.644
46.5371
458.547
23.8246
584.152
8.70304
723.975
9.91723
385.469
57.3739
537.279
11.5103
248.596
8.62583
12.222
12.577
177.451
9.18973
501.821
20.9091
359.634
58.0325
29.318
25.9892
431.319
50.7774
455.13
44.7934
427.932
25.9299
306.426
20.5819
----------------
update (avg): 205.534
----------------
----- init -----
58.9441
63.3392
56.2903
57.8343
89.0924
73.6782
92.8206
164.359
94.9174
85.1871
86.1116
115.136
87.5113
98.4189
125.547
96.7673
82.4671
90.3375
83.9307
87.4372
116.555
88.325
154.387
132.085
97.616
98.9098
95.0802
92.596
184.352
133.222
109.18
134.123
122.206
204.138
132.725
93.026
100.887
193.736
124.12
218.162
119.496
107.618
102.996
180.199
109.296
129.597
109.549
190.437
162.285
127.967
207.444
140.718
139.736
108.633
164.376
112.532
143.801
139.813
202.474
176.838
208.952
128.53
120.61
115.354
107.308
211.447
118.392
135.032
166.131
140.64
159.032
125.341
199.601
154.579
126.129
136.406
172.12
131.737
161.544
250.706
191.719
137.908
242.107
206.927
127.57
140.426
142.456
209.274
133.748
163.437
260.927
205.995
161.333
141.252
194.903
267.78
233.929
140.949
237.398
138.925
----------------
init (avg): 140.399
----------------
----- commit -----
5.06868
7.80214
8.44002
12.4098
6.44559
9.79282
14.7332
8.50844
6.50575
6.08727
13.8938
9.24335
6.31618
8.56438
6.56179
6.30042
7.40033
6.48644
7.42012
20.4715
8.85668
18.3512
7.52939
9.41902
7.10479
6.36902
7.33483
13.7015
11.4414
6.59043
6.59998
9.65816
15.9757
7.1848
9.91608
5.61268
16.3035
9.58724
16.341
8.60449
5.97752
7.66755
14.7499
10.2722
5.74965
7.9656
12.0169
10.0716
10.0563
10.7619
11.1564
13.2438
9.42828
12.8558
6.75342
6.32248
10.2213
12.8434
11.6366
13.8343
9.46503
8.93663
6.71408
8.09732
12.5319
6.80077
6.61432
8.81744
6.55281
7.68075
12.1065
6.70864
6.02521
5.48691
14.3199
13.1715
7.23043
8.76866
15.2095
9.82778
6.46966
11.3296
6.66728
11.3104
6.28171
8.20401
10.9746
14.9878
6.35505
14.1506
11.904
12.0951
6.20352
7.90677
16.106
8.60733
6.14053
11.1887
9.55231
5.65869
----------------
commit (avg): 9.57679
----------------
# Transaction throughput (KTPS)
LakeVillaWrite	/LakeVilla/src/YCSB-C/workloads/workloada.spec	1	0.00352957
