parsing config file ./lvconfig23.conf
parsing done
# Loading records:	0
<<<<< redos: 0 >>>>>
----- read -----
3.95112
5.3531
3.18732
2.69727
3.78573
2.72647
3.18534
3.01252
3.12258
3.43175
4.12313
3.02808
3.52432
2.52161
3.63775
3.06459
3.07538
3.03039
5.45013
3.73599
4.60905
2.87283
4.47886
2.98482
7.24551
3.40624
2.83349
3.27427
4.74716
2.96562
3.00016
3.94517
2.52955
3.83698
2.44195
2.48331
3.1691
4.16871
3.32274
3.01114
3.05387
3.12858
2.71885
2.91288
2.74391
3.21589
----------------
read (avg): 3.45098
----------------
----- update -----
7.97782
8.93949
478.432
50.7828
658.172
16.3517
549.46
24.6845
59.0513
11.9101
688.688
13.174
303.506
55.5474
202.046
8.54239
458.588
34.1938
657.285
9.8813
417.176
9.60515
319.41
44.8959
455.636
12.7236
542.084
48.7555
642.347
53.4022
358.089
11.1981
631.429
11.0494
231.16
43.6613
29.4692
9.89864
57.4667
18.3825
440.244
30.724
305.143
8.83163
66.4718
11.1072
338.56
56.0647
432.327
38.359
414.055
51.8748
299.886
25.5798
----------------
update (avg): 199.339
----------------
----- init -----
65.8573
56.9939
58.409
61.5579
97.0571
80.4963
78.5197
101.421
69.4502
129.116
89.6283
152.72
103.368
104.926
85.2185
82.291
84.8261
84.576
100.516
91.3711
84.2623
114.758
129.277
88.9621
93.9043
101.287
99.3903
97.8567
193.767
123.706
146.419
104.911
115.838
168.321
95.0757
109.857
105.028
148.294
128.631
153.805
148.301
100.966
124.513
204.165
176.793
127.331
109.254
205.397
161.061
112.115
192.619
207.559
147.674
132.196
176.422
103.062
148.628
111.088
227.509
108.757
165.2
117.449
146.688
137.361
116.423
231.392
196.875
158.079
124.135
129.933
132.21
201.978
130.471
131.92
166.697
134.728
244.792
142.47
131.662
262.822
212.264
144.484
222.713
186.321
143.177
159.267
163.395
243.634
220.757
155.926
274.145
207.188
243.569
130.977
143.938
274.279
200.953
146.819
258.091
158.298
----------------
init (avg): 143.006
----------------
----- commit -----
5.7395
6.97686
7.1034
13.2156
7.26492
13.2046
17.1033
10.9907
9.53999
5.9727
13.191
11.4082
7.26829
7.34755
7.13656
6.9089
6.922
6.97379
8.60832
11.8389
10.1398
19.8296
8.91978
9.08671
6.61101
7.03098
8.0165
12.2753
13.6528
11.8458
7.43087
5.79513
16.8977
10.8861
9.51136
6.64391
15.3183
13.7136
14.2822
10.4089
5.69967
7.19479
14.2133
12.9834
10.5875
9.84623
18.322
8.71504
6.31508
11.1625
13.3363
13.6138
18.2599
13.9124
7.11093
6.79802
11.4601
14.1661
8.23584
16.6513
24.6206
6.41538
7.21647
6.97728
12.2963
6.9531
6.69912
12.5756
8.15325
12.2596
8.79742
6.60138
6.07755
5.71168
9.74348
11.8644
6.34722
9.46157
14.736
8.94103
9.34649
13.4233
7.54254
7.28151
5.77941
10.2589
12.4259
9.34174
7.84525
16.9119
9.0338
12.5762
7.42382
8.25513
14.6955
8.00723
6.33683
11.1247
8.02736
5.73367
----------------
commit (avg): 10.1542
----------------
# Transaction throughput (KTPS)
LakeVillaWrite	/LakeVilla/src/YCSB-C/workloads/workloada.spec	1	0.0035246
