parsing config file ./lvconfig30.conf
parsing done
# Loading records:	0
<<<<< redos: 0 >>>>>
----- read -----
3.8216
2.79306
3.58752
3.22191
3.3613
2.76512
3.45976
4.6556
5.44085
4.63535
4.42348
3.05331
3.8291
3.65098
3.07245
3.61481
2.81652
4.31437
4.13998
3.24395
5.041
8.87079
3.03598
2.58014
5.27572
3.18417
3.42439
2.74621
3.47658
2.80205
2.56432
3.32644
2.54049
2.88697
2.6924
3.08614
3.48188
2.55213
2.69697
2.80403
2.98166
2.98165
3.66291
3.48057
3.31925
3.03347
----------------
read (avg): 3.53107
----------------
----- update -----
9.00558
33.7305
14.3543
609.675
9.08103
701.03
17.2095
456.077
8.40855
39.2833
45.7243
549.641
27.213
297.762
12.205
116.302
25.9966
584.503
61.0434
580.039
14.3249
69.4951
12.0482
726.905
13.1262
492.07
54.9547
567.872
9.08124
434.912
39.1925
533.751
30.2889
546.414
33.5689
11.8188
10.1881
8.676
16.6752
78.5541
48.9124
478.818
16.8742
22.7182
12.4862
371.201
49.4135
352.2
16.2639
460.895
13.6876
457.055
54.3615
425.738
----------------
update (avg): 197.83
----------------
----- init -----
89.5649
74.2971
76.0266
128.379
97.7389
83.5774
156.494
111.308
149.462
155.671
91.5948
80.7754
142.119
91.8997
102.094
96.0767
83.2599
80.9026
79.9663
79.0685
85.1087
137.993
124.918
104.208
176.487
107.694
110.566
116.165
107.605
221.105
160.032
125.102
102.268
94.2945
96.0478
154.416
94.7892
99.7415
214.274
122.325
183.642
203.104
133.556
113.945
98.5142
102.045
144.856
105.56
193.889
142.329
109.138
191.223
158.586
113.034
115.366
143.13
134.725
238.702
165.554
229.319
166.644
231.821
167.094
145.164
183.504
132.544
150.082
152.415
115.743
173.5
180.219
136.149
129.921
181.396
188.548
161.869
121.887
115.761
260.649
181.332
229.274
269.004
212.73
182.509
137.118
160.195
164.528
143.722
269.201
143.851
146.56
188.742
126.373
174.303
263.068
248.186
203.817
145.317
130.973
166.429
----------------
init (avg): 146.078
----------------
----- commit -----
7.22013
8.01169
9.09646
9.58421
6.1322
16.3059
9.69148
11.6908
7.38174
6.62235
8.47749
15.6872
7.74133
6.77055
6.30501
8.87611
11.6024
8.86876
11.0897
11.1926
17.9557
9.73795
6.41056
13.5814
7.56042
6.41292
8.49518
10.1139
16.6483
7.08699
7.91645
10.4803
9.73148
6.44308
12.7431
7.60567
12.6451
15.3986
9.23648
16.0754
9.0458
9.74141
11.1861
6.3837
6.37925
13.3484
9.15341
14.8076
12.0717
8.42805
13.1018
10.8436
12.73
12.7512
7.10845
10.8339
10.8362
15.0157
14.0436
10.024
11.7451
7.68692
6.47595
6.7741
9.19377
10.495
7.84744
13.5701
6.12661
6.29587
10.032
6.24999
5.47172
9.56687
10.2062
11.6111
6.14071
16.3393
8.52466
12.0728
6.84945
10.3762
7.84921
6.98124
6.8098
10.6209
8.98439
15.3561
5.89978
8.56733
11.1853
11.6282
6.30566
11.6738
9.72186
11.7517
7.3162
12.24
12.0832
6.09593
----------------
commit (avg): 9.89183
----------------
# Transaction throughput (KTPS)
LakeVillaWrite	/LakeVilla/src/YCSB-C/workloads/workloada.spec	1	0.00343899
