parsing config file ./lvconfig18.conf
parsing done
# Loading records:	0
<<<<< redos: 0 >>>>>
----- read -----
4.2466
5.63353
3.02593
2.80644
2.80749
2.77412
2.47679
3.39491
2.98393
2.9501
2.59716
2.87112
2.97614
2.57401
2.78595
2.85084
2.93892
3.17318
3.95961
2.7049
2.91017
2.60982
4.17478
2.50125
2.94856
6.07671
2.89615
2.95822
3.03434
3.21147
2.95769
3.36773
2.77227
3.11666
3.31067
3.27128
3.27529
3.00959
2.8612
2.74582
3.58896
3.76735
2.9315
3.05724
2.85673
3.23803
----------------
read (avg): 3.1735
----------------
----- update -----
8.46496
10.7115
656.25
23.3613
647.132
37.0501
462.158
17.2981
67.4918
43.1431
642.859
10.1071
204.801
48.8934
281.129
18.4839
380.908
14.3454
665.156
10.56
419.103
35.4938
400.665
43.7889
429.896
29.3623
584.213
10.1474
644.947
11.8745
382.575
31.7265
528.021
51.2948
66.1262
9.26899
36.289
13.4501
213.577
9.17291
437.015
35.0399
376.209
59.7314
75.0432
59.0386
318.231
37.9796
463.239
14.7584
415.024
25.2285
400.143
40.911
----------------
update (avg): 202.942
----------------
----- init -----
76.6285
83.4024
76.9989
83.911
118.572
82.7878
95.7016
151.388
121.883
103.557
75.2893
129.819
94.3349
95.6335
90.5315
84.8693
82.0521
83.187
84.7265
81.8102
175.614
110.729
171.503
135.744
114.138
103.023
95.7986
98.3934
176.346
150.152
102.483
92.7176
91.5615
188.258
165.884
103.024
95.2775
150.648
152.631
168.141
108.091
133.727
107.694
211.96
124.081
102.583
97.267
168.713
204.883
101.541
180.202
179.162
185.543
135.532
171.657
112.806
148.742
117.13
230.527
184.196
228.917
133.769
161.363
170.037
133.092
134.2
169.367
173.75
114.768
174.258
125.842
183.916
129.834
161.912
127.548
125.183
202.083
139.254
172.675
260.941
173.897
123.923
197.215
141.069
187.337
159.803
130.289
254.401
194.478
136.543
241.609
236.669
274.667
127.544
132.67
245.407
162.064
130.527
178.531
149.166
----------------
init (avg): 143.457
----------------
----- commit -----
7.15939
10.9182
17.394
18.176
6.68017
7.68405
12.0069
8.81166
7.59274
6.30555
14.5203
9.43964
8.67372
5.64689
6.34514
7.50691
6.97417
6.8895
6.33321
19.5044
9.66314
13.252
8.66359
12.0419
7.55957
6.66714
7.27768
16.7344
9.2174
6.65669
7.03284
6.71383
15.2522
9.26946
9.63364
6.16432
12.6933
9.94136
14.5695
11.9745
6.34514
7.89798
12.7892
9.25653
8.36323
11.7741
10.8679
9.49801
7.26786
13.7175
13.2067
13.1848
12.0333
12.1429
11.7271
6.22227
12.4205
15.3942
10.8593
12.2347
9.58822
6.67615
6.50028
6.34351
10.3433
6.54401
6.50147
8.92328
8.1906
10.763
13.5172
5.93791
5.46481
6.63499
11.3099
12.2786
7.24739
11.0481
12.8755
9.51242
7.57794
12.4337
6.66597
6.14458
7.88554
8.76741
13.2633
10.0479
6.5198
11.136
11.5371
14.8231
6.88663
10.3688
11.0691
9.41591
7.1327
10.6898
11.424
7.4565
----------------
commit (avg): 9.80191
----------------
# Transaction throughput (KTPS)
LakeVillaWrite	/LakeVilla/src/YCSB-C/workloads/workloada.spec	1	0.00341394
