parsing config file ./lvconfig14.conf
parsing done
# Loading records:	0
<<<<< redos: 0 >>>>>
----- read -----
4.59488
2.66732
2.9551
3.4901
4.88598
3.20918
4.28429
3.75822
3.90398
2.85857
2.50638
2.95353
6.27876
3.52669
3.0443
3.40089
6.44058
2.90132
3.58928
4.04125
2.40507
3.30683
4.96979
5.09716
2.63155
4.06249
5.38711
3.59383
2.31944
3.36611
3.10719
2.49298
2.89383
2.96265
2.52584
2.89474
3.11782
3.40336
4.22697
3.63107
2.99021
2.94473
3.29971
3.53978
2.81272
2.74587
----------------
read (avg): 3.52216
----------------
----- update -----
7.18278
14.7532
149.204
45.5673
647.619
17.8618
517.619
11.3586
45.4841
18.0246
688.331
25.7657
180.019
45.3495
204.544
46.8793
288.475
7.89588
751.543
50.0911
371.767
8.42736
342.817
50.4196
468.072
41.6316
577.987
20.8567
588.879
13.3386
268.904
11.3142
689.798
8.63418
113.653
34.1193
22.0791
11.1131
12.1958
10.2674
494.461
43.4574
293.244
25.3172
13.7489
12.5826
374.533
9.80427
551.445
25.8911
358.729
43.2184
368.731
49.1614
----------------
update (avg): 186.929
----------------
----- init -----
55.4507
60.5256
62.5191
66.4282
112.961
85.7192
81.2901
158.319
95.6557
80.8392
90.3475
139.304
92.9726
87.0538
106.154
101.477
94.091
84.8819
90.4747
85.0523
112.49
118.189
173.905
161.773
102.485
92.0836
103.279
88.0843
195.985
120.809
141.874
101.188
125.152
213.067
155.939
148.572
96.5323
117.014
98.7266
212.615
126.233
94.5235
100.32
197.056
163.611
105.388
124.497
195.735
147.236
126.359
149.019
182.388
218.064
149.59
220.237
170.476
159.628
113.732
156.378
115.552
247.589
207.749
126.314
112.91
122.244
212.555
130.395
153.818
127.298
146.668
212.885
203.324
192.71
152.988
147.161
155.076
134.061
136.143
167.429
263.96
206.793
149.551
263.639
219.917
182.702
147.423
136.93
229.381
161.742
157.977
254.175
153.996
266.846
174.834
138.587
231.396
193.563
138.889
229.714
174.955
----------------
init (avg): 146.936
----------------
----- commit -----
5.16898
7.02021
11.7982
11.8375
7.46599
8.31567
15.4909
8.44583
6.96645
6.43558
11.2657
8.54239
5.53016
7.35698
8.5369
7.96749
7.29846
7.17302
8.00184
10.1423
12.0594
19.6384
7.71983
11.0116
5.82644
8.17204
5.66495
13.1007
17.7878
8.83483
7.06877
6.88575
15.0099
6.72693
8.43408
6.71011
16.1659
9.85721
14.4541
9.02551
6.66095
7.48711
14.7417
10.3829
6.95558
18.1061
11.8918
11.4513
9.84831
12.3078
14.3943
14.3094
9.39287
13.7152
7.7721
6.34523
12.6537
12.8021
12.1093
15.792
11.2774
9.76907
6.07883
10.5432
13.9463
7.89453
6.28118
10.7916
6.56947
7.23198
11.9908
7.92525
8.17116
7.00962
11.5247
8.70726
5.83816
10.1002
14.6567
9.55796
9.23518
12.0867
6.29867
6.67482
6.07736
9.16621
9.81366
9.72614
6.12474
16.5221
10.526
12.444
10.033
9.72801
15.0641
8.6463
5.48753
11.2989
8.43349
6.5678
----------------
commit (avg): 9.85854
----------------
# Transaction throughput (KTPS)
LakeVillaWrite	/LakeVilla/src/YCSB-C/workloads/workloada.spec	1	0.00352295
