parsing config file ./lvconfig19.conf
parsing done
<<<< begin once 
<<<<< redos: 0 >>>>>
<<<< commit once 
----- insert -----
5.37635
953.301
998.349
999.872
1001
1001.06
1000.63
999.283
1000.97
999.111
999.493
999.841
1000.07
999.967
1005.69
994.301
1003.72
995.338
1004.2
997.241
1000.02
999.987
999.188
1001.5
1000.08
998.876
1000.7
998.137
1000.35
1002.51
998.456
999.881
1000.76
998.897
999.915
999.093
1002.37
999.047
999.682
1001.36
998.752
998.891
1003.09
998.212
999.307
1000.48
1002.61
996.988
1007.39
993.904
1002.1
997.646
1000.71
998.332
1000.61
998.725
1001.13
999.6
1000.45
1000.57
999.639
999.7
1002.09
997.894
999.56
999.491
1000.5
1003
999.385
999.129
998.48
998.568
1001.8
999.44
1000.81
999.98
999.38
999.908
999.679
1000.74
998.279
1001.71
1004.25
994.86
999.825
999.671
1007.81
1001.69
993.101
998.099
1001.72
996.719
1001.04
998.893
1000.84
1004.71
995.161
1000.59
998.541
997.958
----------------
insert (avg): 989.537
----------------
----- init -----
8.24189
----------------
init (avg): 8.24189
----------------
----- commit -----
12.5158
----------------
commit (avg): 12.5158
----------------
# Loading records:	100
skipping run
