parsing config file ./lvconfig20.conf
parsing done
<<<< begin once 
<<<<< redos: 0 >>>>>
<<<< commit once 
----- insert -----
3.92439
35.1814
1003.45
998.125
998.333
999.452
1001.42
999.33
1001.41
1000.96
998.396
1000.19
998.805
1000.28
1000.82
1002.95
996.515
1004.51
995.773
1001.75
998.695
1000.24
999.177
999.905
1001.61
999.266
999.962
1001.41
996.874
1000.48
1004.76
995.944
999.897
999.467
1000.69
998.593
999.707
1002.59
999.262
1000.09
1000.77
998.972
999.474
1002.82
996.719
1000.12
998.927
1005.37
996.366
1004.47
995.819
1003.37
997.198
1000.76
998.433
1000.37
998.829
1001.32
1000.87
998.657
997.076
1003.64
1000
1001.09
999.205
998.861
997.064
1002.84
1001.82
1000.13
999.116
998.94
999.747
997.369
1002.75
1000.37
1000.5
997.886
1001.12
1000.16
999.778
999.087
1001.6
1004.17
994.605
1000.85
998.809
1006.68
1000.65
992.846
1000.77
1000.46
998.388
998.787
1000.67
1001.12
1009.78
989.527
1000.63
997.423
----------------
insert (avg): 980.362
----------------
----- init -----
6.34576
----------------
init (avg): 6.34576
----------------
----- commit -----
256.665
----------------
commit (avg): 256.665
----------------
# Loading records:	100
skipping run
