parsing config file ./lvconfig8.conf
parsing done
<<<< begin once 
<<<<< redos: 0 >>>>>
<<<< commit once 
----- insert -----
4.22747
836.913
1001.82
1000.68
1000.26
999.312
998.724
1001.55
1000.93
997.562
1002.77
999.256
999.318
999.307
1000.4
999.894
1000.75
998.122
1010.16
991.415
1003.85
996.957
999.014
1000.59
999.406
1000.2
1001.13
999.203
999.044
999.337
1000.68
1004.02
996.432
999.589
1001.76
998.699
999.594
997.245
1004.11
998.976
1000.2
1000.81
998.774
999.213
1003.47
996.444
1000
1000.49
1003.3
996.479
1008.31
992.925
1003.27
996.528
1001.61
997.614
999.641
999.489
1001.47
1000.44
999.798
996.797
1003.02
999.95
1001.57
999.098
998.621
999.187
999.224
1004.85
999.048
998.651
998.822
1000.2
999.687
1000.71
1000.13
1000.83
998.622
1000.5
1000.28
999.71
998.535
1001.54
1003.75
995.703
1000.25
999.032
1012.42
987.988
1054.14
946.373
1000.9
996.638
1000.88
999.923
1000.65
1000.51
999.704
999.339
----------------
insert (avg): 988.413
----------------
----- init -----
6.15521
----------------
init (avg): 6.15521
----------------
----- commit -----
106.543
----------------
commit (avg): 106.543
----------------
# Loading records:	100
skipping run
