parsing config file ./lvconfig12.conf
parsing done
<<<< begin once 
<<<<< redos: 0 >>>>>
<<<< commit once 
----- insert -----
4.07259
42.8273
1001.83
999.829
999.383
1000.29
1001.21
1001.58
998.637
1001.13
998.108
1001.01
999.39
999.306
999.535
1008.9
992.193
1008.68
991.335
1004.64
996.278
999.859
999.719
999.334
999.587
1001.36
999.366
1000.67
998.625
999.105
1005.54
994.047
1001.39
1001.6
998.575
998.146
1000.94
1002.26
998.662
1000.46
1000.29
999.246
997.533
1000.6
1001.01
1000.59
1000.23
1000.17
997.512
1006.92
996.129
1002.93
996.892
1001.71
997.769
999.998
999.53
1000.6
1001.24
998.84
1000.7
999.849
999.571
1001.64
998.018
999.437
999.457
1000.73
1001.94
1000.42
999.192
998.273
999.722
1000.59
1000.01
1000.83
999.838
998.874
1000.44
999.988
1000.28
996.732
1003.65
1003.23
995.779
1000.46
998.968
1004.19
1004.73
993.167
999.139
1000.99
997.241
1000.42
999.25
998.861
1012.02
989.529
1000.48
997.579
----------------
insert (avg): 980.453
----------------
----- init -----
6.21044
----------------
init (avg): 6.21044
----------------
----- commit -----
440.239
----------------
commit (avg): 440.239
----------------
# Loading records:	100
skipping run
