parsing config file ./lvconfig30.conf
parsing done
<<<< begin once 
<<<<< redos: 0 >>>>>
<<<< commit once 
----- insert -----
3.95863
38.3799
1001.58
999.902
997.9
998.348
1002.54
1001.26
998.615
1001.63
998.671
999.826
999.671
1000.07
1000.16
1002.67
995.955
1010.09
991.335
1001.73
998.825
999.822
999.43
999.938
1001.13
999.738
999.595
1000.37
998.911
999.567
1004.7
995.685
1000.09
1001.41
996.924
1001.38
999.693
1002.22
998.415
1000.26
1000.93
998.92
999.75
1002.92
997.789
999.289
1000.33
1003
997.039
1002.97
997.222
1002.93
997.393
1001.68
995.693
1001.42
1000.58
1000.56
1000.87
998.627
997.08
1004.27
999.031
1002.74
999.102
997.198
1000.04
999.831
1002.66
999.46
999.547
998.959
998.953
1000.41
999.105
1002.32
999.933
998.936
1000.51
999.337
1000.08
999.245
1001.6
1003.59
995.092
1000.22
999.817
1006.88
1005.86
987.071
1001.24
1001.02
997.646
999.502
999.739
1000.55
1009.84
990.65
1000.08
999.083
----------------
insert (avg): 980.406
----------------
----- init -----
6.71111
----------------
init (avg): 6.71111
----------------
----- commit -----
327.216
----------------
commit (avg): 327.216
----------------
# Loading records:	100
skipping run
