parsing config file ./lvconfig13.conf
parsing done
<<<< begin once 
<<<<< redos: 0 >>>>>
<<<< commit once 
----- insert -----
4.07958
837.227
1001.74
1001.78
999.477
1000.44
998.257
1000.66
1001.21
998.922
1001.1
998.131
1000.55
999.542
999.69
1000.68
1010.63
987.832
1007.71
993.223
1003.71
998.01
998.722
1000.28
999.515
1001.35
999.507
999.425
1000.68
998.11
1000.74
1004.4
995.652
1000.3
1001.19
998.992
999.096
999.489
1002.24
998.885
1000.58
1000.64
998.833
999.517
1003.24
996.455
999.939
1000.25
1000.65
999.771
999.725
999.334
1005.1
996.761
1000.61
997.858
1001.52
999.073
1000.98
999.202
999.851
1001.16
999.642
1000.07
1001.84
999.584
997.498
998.485
1001.75
1001.6
1000.41
998.888
998.569
1000.11
1000.21
1000
1000.84
999.993
998.725
999.122
1001.89
1022.23
975.986
1001.99
1004
994.907
999.882
999.771
1000.1
1011.37
990.995
998.704
999.817
998.718
999.366
998.706
1001.44
1011.21
989.447
1000.39
----------------
insert (avg): 988.425
----------------
----- init -----
6.85503
----------------
init (avg): 6.85503
----------------
----- commit -----
142.506
----------------
commit (avg): 142.506
----------------
# Loading records:	100
skipping run
