parsing config file ./lvconfig32.conf
parsing done
<<<< begin once 
<<<<< redos: 0 >>>>>
<<<< commit once 
----- insert -----
4.35489
509.166
997.712
999.465
1000.89
1000.32
1000.51
998.185
1000.54
1001.54
998.405
1000.19
999.799
1000.4
999.816
1000.94
999.443
999.933
999.462
1000.62
1000.82
998.529
999.546
999.89
1000.67
999.879
1000.33
1000.11
999.478
999.963
999.885
1000.07
999.832
999.453
1000.76
1000.03
1000.01
1000.12
1000.16
999.789
1000.33
1000.04
999.559
1001.21
998.581
1000.3
999.763
999.9
999.733
1000.09
1000.97
999.103
1000.84
1000.09
999.557
999.419
1000.87
999.251
1003.12
996.993
1000.24
1002.27
997.836
999.291
1000.82
1002.1
997.59
1000.17
999.587
999.897
1000.12
1001.82
997.963
999.827
1000.83
999.654
1000.26
999.448
1000.19
999.941
1000.81
999.009
1000.26
999.993
1000.71
998.985
999.235
1001.15
999.424
1000.31
999.543
1000.56
1000.03
999.482
1000.23
1000.78
998.799
999.818
1000.78
999.902
----------------
insert (avg): 985.104
----------------
----- init -----
6.45512
----------------
init (avg): 6.45512
----------------
----- commit -----
89.3098
----------------
commit (avg): 89.3098
----------------
# Loading records:	100
skipping run
