parsing config file ./lvconfig7.conf
parsing done
<<<< begin once 
<<<<< redos: 0 >>>>>
<<<< commit once 
----- insert -----
4.55542
878.073
998.427
1001.94
999.5
1001.16
1001.14
998.65
1001.7
998.7
999.886
998.49
1000.83
999.696
1012
988.049
1002.8
996.425
1005.11
997.122
998.823
999.815
999.928
1000.43
1000.69
999.227
999.388
1000.04
1000.12
1004.49
996.217
999.317
1001.7
998.78
998.581
1000.29
1002.23
998.909
1000.22
1000.25
999.344
999.214
1003.14
996.794
999.975
1000.56
1003.09
996.992
999.608
1001.12
1002.65
997.341
1001.75
996.92
1000.84
999.205
1001.25
999.133
998.758
1000.69
1002.05
999.273
1002.76
996.328
1000.4
999.018
1000.7
1003.33
998.85
999.061
999.506
1000.91
997.988
999.681
1001.2
1000.39
998.779
1000.7
999.976
999.729
998.969
1001.26
1004.23
995.264
999.858
999.687
1002.14
1004.27
996.17
998.595
1000.83
997.101
1000.66
999.226
1000.28
1001.04
999.116
1000.67
999.081
997.929
----------------
insert (avg): 988.791
----------------
----- init -----
7.37462
----------------
init (avg): 7.37462
----------------
----- commit -----
51.9165
----------------
commit (avg): 51.9165
----------------
# Loading records:	100
skipping run
