parsing config file ./lvconfig25.conf
parsing done
<<<< begin once 
<<<<< redos: 0 >>>>>
<<<< commit once 
----- insert -----
4.6538
45.739
1002.5
998.98
999.538
998.83
1000.8
1001.58
998.845
1000.93
998.703
999.987
999.812
999.97
1000.63
1000.39
998.824
1002.93
996.812
1003.99
997.035
999.87
999.399
1000.41
999.083
1001.94
998.91
999.194
999.71
1000
1004.4
996.191
1000.43
1001.04
998.994
998.984
998.824
1003.59
997.876
1000.22
1000.99
999.305
999.056
1003.36
997.854
999.366
999.721
1002.69
997.744
1001.31
999.097
1002.93
997.576
1001.56
997.155
1001.06
999.067
1000.77
1000.59
999.634
999.064
1000.4
1000.33
1001.5
999.779
997.973
999.614
1000.37
1001.47
1000.35
999.511
1000.05
998.265
999.807
1000.79
1000.84
999.973
999.508
998.406
1001.55
1000.03
998.123
1001.94
1004.33
995.015
999.747
999.719
1003.88
1005.06
993.997
998.128
1001.08
997.915
999.304
998.682
1001.9
1011.28
988.37
1000.15
999.7
----------------
insert (avg): 980.493
----------------
----- init -----
6.68423
----------------
init (avg): 6.68423
----------------
----- commit -----
147.366
----------------
commit (avg): 147.366
----------------
# Loading records:	100
skipping run
