parsing config file ./lvconfig9.conf
parsing done
<<<< begin once 
<<<<< redos: 0 >>>>>
<<<< commit once 
----- insert -----
4.01424
39.315
1001.58
999.054
999.677
999.447
1000.65
1000.78
999.537
1001.4
998.805
1000.14
999.206
1000.04
998.837
1010.11
989.681
1010.18
990.633
1000.63
1000.96
999.784
999.433
999.981
1000.22
1000.55
999.471
998.897
999.524
1000.69
1003.87
997.114
999.032
1001.8
998.677
999.14
999.618
1001.79
999.518
999.835
1001.12
998.667
999.242
1003.53
998.333
998.417
1000.57
999.936
999.556
1007.5
993.973
1002.07
995.245
1002.94
998.15
1000.62
999.451
1000.61
1001.23
999.013
999.325
1000.68
1000.28
1001.72
998.584
996.912
1001.44
999.779
1003.9
998.931
998.785
998.999
998.706
1001.4
999.821
1000.4
1000.19
998.934
1000.25
1000.17
1000.58
998.357
1001.51
1004.15
995.068
1000.12
999.269
1002.3
998.143
1002.84
997.731
1000.87
998.081
999.371
999.671
1000.48
1001.2
999.533
999.814
999.271
----------------
insert (avg): 980.414
----------------
----- init -----
6.62776
----------------
init (avg): 6.62776
----------------
----- commit -----
84.0544
----------------
commit (avg): 84.0544
----------------
# Loading records:	100
skipping run
