parsing config file ./lvconfig27.conf
parsing done
<<<< begin once 
<<<<< redos: 0 >>>>>
<<<< commit once 
----- insert -----
4.15264
52.338
1001.63
999.466
999.126
999.633
1000.92
1000.89
997.519
1003.02
998.387
998.379
1001.67
999.096
1001.19
1004.77
994.682
1003.7
995.304
1002.88
998.744
1000.3
999.346
999.636
999.58
1001.35
999.342
999.184
999.494
1000.22
1004.66
996.551
999.812
1001.03
998.929
999.027
999.61
1002.81
998.574
999.718
999.026
1001.11
999.158
999.775
1001.29
998.897
1000.66
1003.74
996.471
1007
993.401
1003.58
996.774
1001.41
997.819
1000.73
999.112
1000.48
998.956
1000.41
997.892
1002.67
1000.01
1001.5
999.196
998.449
999.607
1000.5
1003.21
998.973
999.14
999.511
998.64
1000.81
999.976
1000.83
999.968
999.248
999.981
1000.23
1000.09
998.635
1001.84
1003.67
995.213
1000.18
999.317
1010.43
999.387
992.94
998.289
1000.82
997.908
999.571
999.772
1000.52
1006.68
993.832
999.562
999.726
----------------
insert (avg): 980.552
----------------
----- init -----
6.58914
----------------
init (avg): 6.58914
----------------
----- commit -----
62.7563
----------------
commit (avg): 62.7563
----------------
# Loading records:	100
skipping run
