parsing config file ./lvconfig31.conf
parsing done
<<<< begin once 
<<<<< redos: 0 >>>>>
<<<< commit once 
----- insert -----
3.76175
836.077
1002.99
999.538
1000.45
999.54
997.087
1002.71
1000.5
999.445
999.158
1001.4
998.397
1000.24
1000.58
999.699
1000.77
999.269
1003.96
996.328
1003.63
997.549
998.602
1000.34
1000.13
1000.9
997.875
1000.83
1000.92
998.729
1000.1
1002.17
998.369
999.508
1001.68
998.457
999.45
998.537
1003.31
998.986
999.696
1001.71
996.779
1000.65
1003.34
997.93
998.943
1000.08
1004.4
995.688
999.304
1001.44
1003.71
996.569
1001.03
998.446
999.996
999.214
1001.11
1000.74
999.307
1000.73
999.965
999.49
999.009
1002.05
998.184
999.457
1000.14
1001.65
1000.34
998.26
1000.61
998.621
1001.19
999.932
1000.64
1000.02
998.784
1000.26
999.822
1000.33
998.972
1001.85
1003.04
995.91
999.737
999.685
1007.22
997.519
998.003
998.773
1002.38
995.54
1000.53
999.166
1000.76
1003.52
994.948
1001.64
----------------
insert (avg): 988.407
----------------
----- init -----
6.27515
----------------
init (avg): 6.27515
----------------
----- commit -----
90.4022
----------------
commit (avg): 90.4022
----------------
# Loading records:	100
skipping run
