parsing config file ./lvconfig2.conf
parsing done
<<<< begin once 
<<<<< redos: 0 >>>>>
<<<< commit once 
----- insert -----
3.95038
34.6206
1001.71
999.835
998.738
998.785
1001.35
1001.25
998.859
1001.42
998.025
1000.48
999.479
1000.42
999.958
1001.61
998.165
1009.05
991.221
1003.57
997.472
999.319
999.516
999.766
1000.78
1000.43
999.228
999.14
999.702
1000.42
1005.57
994.517
998.97
1002.3
999.8
999.026
998.209
1004.23
997.857
1000.02
1000.69
999.164
999.138
999.964
1000.17
999.997
999.005
1005.58
995.708
1007.17
994.426
1003.45
995.969
1001.91
995.519
1002.74
997.536
1002.5
1000.04
999.258
1000.93
998.288
1001.67
1001.6
999.545
997.773
998.969
1000.96
1001.67
1000.83
998.467
998.624
999.696
1000.07
1000.57
1000.46
1000.11
999.134
1000.07
1000.17
1000.61
997.97
1002.2
1003.89
994.475
1000.76
999.237
1003.23
1007.53
991.403
999.349
1000.91
997.006
999.559
999.995
1000.89
1011.28
988.394
1000.59
999.248
----------------
insert (avg): 980.368
----------------
----- init -----
6.25422
----------------
init (avg): 6.25422
----------------
----- commit -----
484.916
----------------
commit (avg): 484.916
----------------
# Loading records:	100
skipping run
