parsing config file ./lvconfig21.conf
parsing done
<<<< begin once 
<<<<< redos: 0 >>>>>
<<<< commit once 
----- insert -----
4.06522
50.6308
1000.94
998.632
999.379
999.824
1001.28
1001.2
997.784
1003.26
998.211
999.907
1000.03
999.335
1001.01
1008.72
990.274
1009.32
990.169
1005.19
996.116
1000.64
998.946
1000.35
1000.66
1000.11
999.027
999.339
1000.07
999.663
1006.21
994.826
999.556
1001.06
999.318
998.604
1000.3
1119.88
880.994
999.797
1001.74
998.551
999.24
1002.89
996.797
1000.19
1000.79
1002.11
997.874
1006.73
993.559
1003.72
996.556
1001.97
996.991
1001.13
998.621
1001.11
1001.05
998.655
999.675
1000.9
999.697
1001.49
1000.27
997.766
999.182
1000.76
1001.17
1000.7
999.374
999.211
999.477
999.923
1000.02
1000.75
1000.36
998.993
1000.15
999.679
999.79
998.553
1002.13
1004.31
994.943
999.645
997.779
1005.8
996.574
1002.28
998.832
1000.68
996.263
1001.76
998.876
1000.27
1000.37
999.796
1000.66
999.087
----------------
insert (avg): 980.528
----------------
----- init -----
5.51956
----------------
init (avg): 5.51956
----------------
----- commit -----
311.412
----------------
commit (avg): 311.412
----------------
# Loading records:	100
skipping run
