parsing config file ./lvconfig29.conf
parsing done
<<<< begin once 
<<<<< redos: 0 >>>>>
<<<< commit once 
----- insert -----
3.98211
36.972
1002.26
998.741
999.406
999.729
1001.18
1000.27
999.76
1000.96
998.603
1000.18
999.214
1000.42
1000.3
1000.91
997.379
1005.08
996.587
1002.72
997.61
1000.12
999.729
998.908
1001.68
999.617
999.274
999.574
999.987
998.97
1003.02
997.593
1001.11
1001.01
999.307
999.277
998.027
1003.21
999.299
1000.07
1001.19
998.36
999.082
1003.09
998.136
999.361
1000.23
1003.69
996.478
1002.31
998.115
1003.47
996.576
1001.73
997.796
999.931
999.792
1000.63
1000.91
998.925
997.257
1002.84
1000.02
1002.61
999.179
997.443
999.624
1000.74
1001.59
999.853
999.528
998.267
999.343
1000.78
1000.55
1000.78
999.813
999.405
999.855
1000.65
999.096
998.926
1001.65
1004.46
992.933
1002.4
998.901
1007.47
992.562
1003.24
998.232
1000.58
997.601
1000.53
999.432
1000.22
1007.76
992.752
998.338
1000.8
----------------
insert (avg): 980.398
----------------
----- init -----
6.39043
----------------
init (avg): 6.39043
----------------
----- commit -----
297.86
----------------
commit (avg): 297.86
----------------
# Loading records:	100
skipping run
