parsing config file ./lvconfig14.conf
parsing done
<<<< begin once 
<<<<< redos: 0 >>>>>
<<<< commit once 
----- insert -----
4.61674
319.955
1001.95
999.462
998.137
1000.41
1000.82
1000.35
999.436
1001.55
997.885
1000.47
999.632
999.698
1000.83
1009.39
990.03
1008.98
991.306
1003.26
997.973
998.572
1000.09
1000.18
1000.83
999.952
999.38
1000.57
998.653
1000.15
1002.15
997.662
1000.55
1000.96
999.203
999.007
998.626
1002.95
999.371
1000.3
1000.18
997.678
1001.23
1002.93
998.239
998.462
1000.81
1003.66
996.007
1007.2
994.269
1003.28
996.22
1000.78
998.242
1000.75
998.719
1001.1
1000.45
999.591
1000.59
999.424
999.958
1002.31
998.942
997.794
999.969
1000.14
1001.96
1000.82
998.475
998.591
999.194
999.785
1001.34
1000.84
1000.01
999.179
1000.11
999.705
1000.61
998.345
1001.54
1004.12
995.242
999.883
999.563
1010.18
1003.21
988.772
999.173
1002.56
995.261
1000.16
1000.24
999.888
1011.75
988.361
1000.93
998.871
----------------
insert (avg): 983.229
----------------
----- init -----
7.45041
----------------
init (avg): 7.45041
----------------
----- commit -----
452.266
----------------
commit (avg): 452.266
----------------
# Loading records:	100
skipping run
