parsing config file ./lvconfig4.conf
parsing done
<<<< begin once 
<<<<< redos: 0 >>>>>
<<<< commit once 
----- insert -----
4.41355
9.21939
1001.52
1000.03
998.424
999.72
1000.65
1001.27
997.42
1002.66
999.172
1000.07
998.499
1000.2
999.468
1002.18
998.845
1003.82
996.332
1003.35
997.673
999.892
999.262
999.715
1000.96
999.357
1000.41
998.574
999.698
1000.34
1002.51
997.614
1000.26
999.726
1000.67
999.623
999.09
1002.96
996.746
1001.39
1000.66
998.986
999.541
1002.9
998.802
998.738
1000.24
1004.38
995.478
999.001
1002.01
1003.37
996.381
1001.92
996.776
1001.23
999.174
1000.83
999.454
1000.47
1000.71
999.928
998.966
1001.94
1000.2
997.502
999.598
998.821
1003.3
1000.71
999.158
998.51
999.344
1000.75
1000.19
1000.76
1000.2
998.637
1000.11
1000.36
999.721
997.015
1003.68
1003.72
995.254
999.822
999.771
1011.97
998.72
991.905
998.237
1001.2
997.91
1000.2
998.776
1000.62
1001.06
998.898
1000.12
999.586
----------------
insert (avg): 980.119
----------------
----- init -----
7.90247
----------------
init (avg): 7.90247
----------------
----- commit -----
269.393
----------------
commit (avg): 269.393
----------------
# Loading records:	100
skipping run
