parsing config file ./lvconfig38.conf
parsing done
<<<< begin once 
<<<<< redos: 0 >>>>>
<<<< commit once 
----- insert -----
4.43417
666.507
1000.47
1000.31
999.303
1000.25
999.684
1000.5
1000.1
999.352
999.983
1000.22
1000.33
999.726
1000.22
1000.08
999.647
1000.34
1000.89
998.517
1000.15
1000.12
999.627
1000.6
999.528
999.563
1001.1
999.871
1000.19
999.65
999.6
1000.2
1000.23
999.424
999.75
1000.27
999.998
999.932
999.905
1000.36
999.591
999.901
1000.56
1004.26
995.677
1004.71
995.553
1003.45
999.629
996.739
1003.82
1000.33
995.471
1004.64
1000.66
998.468
1000.34
996.009
1003.84
1000.44
999.949
999.421
996.578
999.844
1001.61
999.02
998.891
1000.41
1003.87
1001.7
998.174
1000.05
1000.18
999.799
995.97
1004.71
999.989
995.276
1004.84
998.532
1000.64
1000.05
1000.13
999.83
999.854
1000
1000.48
999.806
1001.44
994.588
1003.38
1000.84
999.627
999.471
995.921
1004.19
999.955
999.937
999.911
1000.37
----------------
insert (avg): 986.742
----------------
----- init -----
7.94564
----------------
init (avg): 7.94564
----------------
----- commit -----
12.4822
----------------
commit (avg): 12.4822
----------------
# Loading records:	100
skipping run
