parsing config file ./lvconfig34.conf
parsing done
<<<< begin once 
<<<<< redos: 0 >>>>>
<<<< commit once 
----- insert -----
4.23848
596.738
999.259
1000.18
1000.88
999.332
1001.16
1000.02
999.333
1000.03
999.632
999.995
999.549
1001.47
999.225
1000.36
999.69
1000.27
998.935
1001.14
1000.83
998.519
999.847
1000.03
1000.24
999.889
1000.33
999.04
1000.56
1000.51
999.313
1000.08
1000.16
999.279
1000.6
1000.04
1000.01
1000.16
1000.7
999.787
999.762
1000.04
999.068
1001.07
999.268
1000.74
999.471
1000.63
998.841
1000.09
1000.39
999.996
999.921
1001.35
998.672
999.669
1000.31
999.839
1003.1
996.98
1000.62
1001.83
997.896
999.292
1000.82
1001.89
998.084
999.184
1000.1
1000.33
1000.24
1002.19
997.617
999.714
1000.16
1000.1
1000.26
999.479
1000.42
998.98
1001.51
999.021
1000.84
999.415
1000.12
999.406
1000.53
999.551
1000.15
1000.06
999.363
1000.17
1000.6
999.326
1000.17
1000.99
998.84
1000.04
1000.51
1000.21
----------------
insert (avg): 986.006
----------------
----- init -----
7.15059
----------------
init (avg): 7.15059
----------------
----- commit -----
75.7714
----------------
commit (avg): 75.7714
----------------
# Loading records:	100
skipping run
