parsing config file ./lvconfig35.conf
parsing done
<<<< begin once 
<<<<< redos: 0 >>>>>
<<<< commit once 
----- insert -----
4.67886
605.052
999.273
1001.02
1000.03
999.694
1001.14
998.401
1000.63
999.808
1001.07
998.99
999.881
1000.13
1000.11
1000.25
999.98
999.411
1000.05
1000.44
1000.85
998.089
1000.15
1000.09
1000.23
1000.03
999.417
1000.3
999.553
1000.63
999.898
1000.08
999.868
1000.4
999.441
999.914
1000.54
1000.06
1000.05
999.639
1000.52
1000.07
999.643
999.919
1000.07
1000.13
999.617
1000.33
999.103
1000.07
1000.44
999.937
999.979
1000.64
1000.01
999.351
1000.19
999.901
1002.76
996.844
1000.98
1001.91
997.622
999.392
1000.97
1002.08
997.597
999.626
1000.25
1000.02
999.932
1004.09
996.053
999.49
1000.68
999.584
1000.13
1000.2
999.944
999.552
1000.06
999.946
999.839
1000.38
999.934
999.67
999.556
1000.24
1000.13
1000.09
1000.38
999.174
1000.64
999.642
1000.1
1000.55
999.294
999.709
1000.75
999.093
----------------
insert (avg): 986.081
----------------
----- init -----
8.42722
----------------
init (avg): 8.42722
----------------
----- commit -----
13.3584
----------------
commit (avg): 13.3584
----------------
# Loading records:	100
skipping run
