parsing config file ./lvconfig33.conf
parsing done
<<<< begin once 
<<<<< redos: 0 >>>>>
<<<< commit once 
----- insert -----
4.04711
476.99
997.901
999.458
1000.76
999.951
1001.17
999.004
999.952
1000.07
999.629
1000.22
1000.38
999.808
1000.06
1000.11
1000.03
999.355
999.512
1000.97
1000.77
998.751
999.843
1000.02
1000.83
999.078
1000.23
999.877
1000.06
999.68
1000.7
999.267
1000.42
999.274
1001.04
999.092
1000.23
1000.44
1000.12
999.798
999.721
1000.34
999.369
1001.07
999.491
1000.51
999.467
999.73
999.439
1000.96
999.818
999.987
999.925
1000.69
999.606
999.433
1000.25
999.645
1003.29
996.945
1000.66
1001.89
998.393
998.549
1000.48
1002.64
997.855
999.089
1000.38
1000.13
1000.23
1003.86
995.933
999.72
1000.59
1000.21
999.351
1000.18
1000.07
999.683
1000.76
999.061
1000.26
999.702
1000.42
999.56
1000.08
999.836
1000.16
999.807
999.608
999.945
1000.63
999.682
1000.22
1000.25
999.313
1000.07
1000.23
999.71
----------------
insert (avg): 984.778
----------------
----- init -----
6.08287
----------------
init (avg): 6.08287
----------------
----- commit -----
33.0365
----------------
commit (avg): 33.0365
----------------
# Loading records:	100
skipping run
