parsing config file ./lvconfig16.conf
parsing done
<<<< begin once 
<<<<< redos: 0 >>>>>
<<<< commit once 
----- insert -----
3.85776
32.0222
1002.04
999.394
1000.45
997.344
1000.47
1001.5
999.305
1001.57
999.092
1000.08
998.926
1000.44
1000.61
999.306
998.649
1008.17
992.679
1002.93
998.878
998.639
1000.7
999.35
1000.97
999.969
999.366
999.006
1000.31
999.111
1005.47
996.023
999.508
1001.08
999.377
1056.55
942.104
1003.15
998.348
999.724
1000.61
999.501
999.065
1002.93
997
1000.02
1000.55
1004.06
995.98
999.022
1001.73
1002.07
997.924
1001.72
997.745
1000.4
999.164
1000.79
1000.79
998.769
997.216
1003.65
999.642
1002.2
999.514
997.866
999.139
1000.2
1001.78
1000.32
1000.09
998.024
999.614
1000.74
1000
1000.8
999.99
999.406
1000.12
999.302
1000.68
996.579
1003.57
1003.71
995.504
999.691
999.739
1003.84
1000.67
997.666
999.315
1000.64
997.309
1000.53
998.035
1001.31
1003.58
997.234
1000.34
998.819
----------------
insert (avg): 980.347
----------------
----- init -----
6.66303
----------------
init (avg): 6.66303
----------------
----- commit -----
420.82
----------------
commit (avg): 420.82
----------------
# Loading records:	100
skipping run
