parsing config file ./lvconfig26.conf
parsing done
<<<< begin once 
<<<<< redos: 0 >>>>>
<<<< commit once 
----- insert -----
4.48333
51.2416
1001.06
998.796
999.386
1000.69
1000.77
1001.33
998.488
1001.55
998.854
999.873
999.463
999.636
1000.33
1003.54
995.395
1011.73
988.671
1004.21
997.066
1000.64
998.95
1000.46
1000.74
999.336
999.481
999.736
999.525
999.498
1005
995.789
999.364
1001.93
999.412
999.417
999.171
1002.46
998.663
1000.36
1000.92
998.802
998.987
1003.1
996.818
1000.68
1000.29
1002.85
996.959
1005.92
995.55
1002.71
996.87
1000.73
997.901
1000.65
999.161
1001.1
1000.77
997.246
1002.64
999.436
999.95
1001.58
1000.24
997.648
999.028
1000.78
1003.29
999.079
998.623
998.818
999.416
1000.48
1000.71
1000.25
1000.22
999.372
1000.39
999.21
1000.74
997.989
1002.2
1004.09
995.041
999.706
999.514
1007.67
1005.46
986.83
1001.01
1001.39
995.734
1002.36
999.297
999.739
1010.77
989.784
1000.18
999.292
----------------
insert (avg): 980.545
----------------
----- init -----
6.1374
----------------
init (avg): 6.1374
----------------
----- commit -----
122.111
----------------
commit (avg): 122.111
----------------
# Loading records:	100
skipping run
