parsing config file ./lvconfig39.conf
parsing done
<<<< begin once 
<<<<< redos: 0 >>>>>
<<<< commit once 
----- insert -----
4.12462
501.87
999.965
996.124
1003.7
1000.46
995.622
1003.66
1000.2
999.927
1000.48
1000.21
999.637
999.72
999.405
1000.78
999.58
1000.29
1000.64
999.43
1000.03
1000.19
996.448
1003.04
999.756
997.039
1002.94
1000.1
999.901
1004.15
996.09
999.667
1000.61
1001.32
998.016
1000.62
1000.69
998.774
1000.14
1000.02
999.916
999.826
999.815
999.975
1000.32
1000.16
1000.5
999.668
1000.03
999.659
1000.37
996.068
1004.26
998.929
1000.39
999.962
999.883
999.951
1000.72
999.56
1001.27
998.768
999.939
999.616
999.957
1000.81
999.983
999.39
999.894
999.656
1000.78
999.695
1000.04
999.664
1000.57
999.762
1000.62
999.633
999.576
1000.12
1000.55
999.377
1000.07
999.146
1000.82
999.98
1000.15
999.69
1000.07
1000.26
1000.34
999.157
1000.21
999.833
999.756
1000.42
1001
998.516
999.793
1000.23
----------------
insert (avg): 985.044
----------------
----- init -----
7.48348
----------------
init (avg): 7.48348
----------------
----- commit -----
11.1753
----------------
commit (avg): 11.1753
----------------
# Loading records:	100
skipping run
