parsing config file ./lvconfig6.conf
parsing done
<<<< begin once 
<<<<< redos: 0 >>>>>
<<<< commit once 
----- insert -----
3.96821
46.6014
1004.28
998.5
1000.87
998.062
1000.75
1000.85
999.693
1001.33
998.238
999.876
999.603
999.701
1000.69
1003.12
996.511
1004.51
995.782
1002.6
998.316
999.538
999.354
999.916
1001.02
999.639
999.659
1000.76
998.698
999.844
1006.21
993.866
1000.29
1001.43
998.961
998.577
1000.29
1001.99
999.295
1000.08
998.514
1001.11
999.194
999.162
1000.74
999.991
1000.85
1004.5
994.982
1005.96
994.778
1002.97
997.591
1000.76
998.489
1000.32
999.173
1000.8
1000.32
999.915
996.548
1003.88
999.344
1001.64
999.312
998.137
1000.04
1000.78
1002.27
999.149
999.511
999.71
998.777
997.396
1002.72
1000.92
1000.05
997.886
1001.66
999.853
1000.17
998.147
1001.98
1003.85
995.269
1000.47
999.001
1010.4
994.128
995.941
1000.45
1000.11
998.367
1000.55
999.194
1000.53
1000.44
999.981
1000.16
999.101
----------------
insert (avg): 980.512
----------------
----- init -----
5.52752
----------------
init (avg): 5.52752
----------------
----- commit -----
389.24
----------------
commit (avg): 389.24
----------------
# Loading records:	100
skipping run
