parsing config file ./lvconfig17.conf
parsing done
<<<< begin once 
<<<<< redos: 0 >>>>>
<<<< commit once 
----- insert -----
4.05511
839.512
1001.69
1001.79
996.598
1001.14
999.534
1001.7
1000.34
999.911
999.303
997.952
1002.26
999.194
1000.03
1000.24
1006.77
993.225
1006.86
992.476
1001.08
1000.86
998.817
1000.1
1000.15
1000.13
1000.86
999.629
998.974
999.862
999.715
1004.54
996.441
999.499
1001.22
999.276
999.206
999.304
1002.47
998.678
1000.46
1000.5
998.77
999.597
1002.84
998.191
998.937
1000.67
1003.79
996.004
998.622
1001.71
1003.46
996.924
1001.63
997.904
1000
999.24
1001.08
999.609
1000.11
999.711
1001.27
999.731
1000.87
1000.64
997.629
999.537
1000.19
1001.19
1000.04
999.59
999.792
998.491
1001.22
999.61
1000.62
1000.35
997.909
1001.09
1000.73
999.435
998.59
999.153
1007.08
994.93
999.748
999.691
1010.32
1001.34
990.465
999.345
1001.78
995.87
1000.74
999.661
1000.33
1000.11
1000.08
998.952
----------------
insert (avg): 988.433
----------------
----- init -----
7.73685
----------------
init (avg): 7.73685
----------------
----- commit -----
13.463
----------------
commit (avg): 13.463
----------------
# Loading records:	100
skipping run
