parsing config file ./lvconfig0.conf
parsing done
<<<< begin once 
<<<<< redos: 0 >>>>>
<<<< commit once 
----- insert -----
3.69
36.5303
1001.59
999.254
999.521
998.706
1002.03
1000.15
999.538
1001.61
997.644
1000.72
999.577
999.875
1000.31
1009.1
990.27
1005.32
995.192
1002.96
997.482
999.946
999.467
1000.42
999.891
1000.46
999.589
999.239
1000.06
999.774
1066.9
933.961
999.803
1000.99
999.238
999.27
998.374
1001.59
1000.72
1000.11
1000.92
998.454
999.324
1003.12
998.663
998.933
1000.32
1003.69
993.888
1001.72
1001.69
1002.49
997.146
1000.83
998.188
1000.78
999.331
998.382
1001.16
1000.43
1001.32
999.904
999.737
1001.19
999.358
997.706
1000.28
1000.35
1000.34
1001.81
998.847
999.407
999.178
1000.84
999.764
1000.96
1000.22
998.623
1000.64
999.2
1000.14
999.369
1001.44
1003.68
995.419
1000.17
999.283
1002.67
997.764
1002.63
997.696
1001.1
997.895
1000.15
999.202
1000.88
1010.71
989.161
1000.57
997.101
----------------
insert (avg): 980.37
----------------
----- init -----
6.42654
----------------
init (avg): 6.42654
----------------
----- commit -----
15.6977
----------------
commit (avg): 15.6977
----------------
# Loading records:	100
skipping run
