parsing config file ./lvconfig3.conf
parsing done
<<<< begin once 
<<<<< redos: 0 >>>>>
<<<< commit once 
----- insert -----
4.46286
43.1405
1000.98
999.797
1000.89
998.24
1000.57
1000.84
999.689
1000.84
998.716
1000.42
999.511
999.663
1000.3
1011.04
987.452
1007.7
993.708
1000.09
1000.5
999.855
999.367
1000.59
1000.09
1000.74
998.977
1000.59
998.725
1000.1
1006.75
993.775
999.848
1000.8
999.23
999.263
998.696
1003.58
998.425
999.858
1001.24
999.012
998.021
1004.24
996.759
1000.36
999.837
1003.43
996.546
1007.18
994.581
1002.96
996.643
999.668
999.049
1000.55
999.581
1000.87
1000.1
999.246
999.74
1001.49
999.36
1002.61
998.499
997.98
999.668
1000.1
1002.33
1000.8
998.504
998.967
999.174
999.413
1001.32
1000.52
998.809
1000.25
1000.42
1000.44
999.326
998.827
999.124
1006.17
995.751
1000.17
999.31
1002.27
1001.83
998.599
998.357
1001.08
997.059
1000.92
999.304
1000.53
1005.61
994.032
1000.73
999.014
----------------
insert (avg): 980.461
----------------
----- init -----
6.36483
----------------
init (avg): 6.36483
----------------
----- commit -----
405.209
----------------
commit (avg): 405.209
----------------
# Loading records:	100
skipping run
