parsing config file ./lvconfig37.conf
parsing done
<<<< begin once 
<<<<< redos: 0 >>>>>
<<<< commit once 
----- insert -----
4.40807
313.423
1000.08
1000.27
1000.64
999.584
999.578
1000.85
999.322
1000.17
999.783
999.69
999.879
1001.1
998.998
1000.79
999.976
999.848
999.425
999.39
1000.65
1000.34
999.38
1000.57
999.773
999.762
1001.65
998.63
999.727
999.952
1000.94
998.801
999.803
999.989
1002.2
998.295
1000.01
999.928
999.964
999.978
1000.09
999.715
1001.43
998.406
1000.4
999.788
1000.89
999.141
999.92
1000.35
1000.09
999.557
1000.68
999.573
999.784
999.971
1000.47
999.543
1000.06
999.861
1000.21
999.558
1000.16
999.893
1000.99
999.478
1000.05
999.636
1000.44
999.996
1002.3
997.321
1000.91
999.418
1001.14
998.889
999.807
999.839
1000.4
999.111
1000.49
1002.56
997.424
999.771
1000.1
1000.62
999.718
999.27
1000.03
1001.28
998.815
999.466
1000.32
1000.51
999.783
999.365
1000.29
1000.09
1000.12
1001.13
----------------
insert (avg): 983.18
----------------
----- init -----
6.77567
----------------
init (avg): 6.77567
----------------
----- commit -----
11.1238
----------------
commit (avg): 11.1238
----------------
# Loading records:	100
skipping run
