parsing config file ./lvconfig11.conf
parsing done
<<<< begin once 
<<<<< redos: 0 >>>>>
<<<< commit once 
----- insert -----
3.61838
49.2089
1001.08
999.961
999.392
997.668
1003.21
1000.82
998.392
1001.64
998.654
999.855
999.068
1000.16
1000.34
1001.33
997.584
1007.36
993.001
1005.11
996.384
999.548
999.845
1000.43
1000.89
999.063
999.849
1112.17
886.642
1000.48
1004.28
995.4
1000.59
1001.64
998.882
999.285
999.883
1001.65
999.265
1000.2
1000.92
998.554
999.056
1003.66
996.459
1000.53
999.992
1003.87
996.545
1000.76
998.873
1004.42
996.627
1000.74
997.902
1000.54
999.182
1001.28
999.112
1000.98
996.169
1004.28
998.991
1003.13
998.947
997.588
999.421
1001.15
1002.7
998.863
999.15
999.294
998.833
1000.31
1000.54
1000.47
1000.1
999.006
1000.46
1000.18
999.725
998.858
1001.94
1003.4
995.061
1000.15
999.506
1004.94
995.684
1000.31
1000.31
1001.4
997.332
1000.22
999.115
1001.02
1000.55
998.894
1000.72
999
----------------
insert (avg): 980.515
----------------
----- init -----
5.98441
----------------
init (avg): 5.98441
----------------
----- commit -----
283.856
----------------
commit (avg): 283.856
----------------
# Loading records:	100
skipping run
