---reads---
18951936754697, 17690531818
18990636360663, 16666171720
19027505975467, 16436565194
19065089950019, 17090301461
19104429833423, 16624177361
19145312443978, 16665687530
19186195463460, 18311856073
19230657861791, 17114536068
19275547780843, 17544350510
19320591808961, 16911773537
19365693666327, 17293756575
19413767913991, 21372480911
19466833666427, 17433478633
19516715109234, 17105079790
19566831899426, 17347031601
19618088348727, 17097419008
-------------
---init---
18932919451033, 19017303664
18969707929600, 20928431063
19007368952262, 20137023205
19044011778535, 21078171484
19082247698818, 22182134605
19121123213170, 24189230808
19162044760428, 24150703032
19204580794846, 26077066945
19247839010674, 27708770169
19293178278552, 27413530409
19337573750534, 28119915793
19383059898414, 30708015577
19435216669666, 31616996761
19484345145808, 32369963426
19533887770446, 32944128980
19584261733323, 33826615404
-------------
---commit---
18969627286515, 80444053
19007302532383, 66307901
19043942540661, 69092114
19082180251480, 67353666
19121054010784, 69134105
19161978131508, 66544296
19204507319533, 73422104
19247772397859, 66556381
19293092131353, 86094940
19337503582498, 70116394
19382987422902, 72423142
19435140394902, 76219940
19484267145060, 77949765
19533820189024, 67527515
19584178931027, 82748970
19635185767735, 69528957
-------------
--------->>>>0<<<<---------