---reads---
18949974817941, 16734028964
18985572527151, 16352605253
19021513602490, 16491144614
19060446352301, 17404126055
19099932144950, 17233601026
19142351731745, 16905230684
19183733967279, 17524239406
19227576681445, 21347929323
19275719010121, 16762996947
19319800734624, 17045491433
19365450817850, 17363366266
19414120788606, 17126994404
19461772101680, 17299707669
19514908367543, 17285089486
19565599916238, 17832101171
-------------
---init---
18933084402374, 16890415567
18966790349435, 18782177716
19002011296625, 19502305865
19038077857339, 22368494962
19077971529809, 21960615141
19117242114013, 25109617732
19159331142187, 24402825092
19201332084872, 26244596573
19248995410843, 26723599278
19292558169358, 27242565266
19336919420053, 28531397797
19382883801086, 31236987520
19431321407376, 30450694304
19479144433441, 35763934102
19532266423783, 33333492455
-------------
---commit---
18966708846905, 81305654
19001925132404, 86014888
19038004747104, 72963971
19077850478356, 120954447
19117165745976, 76292605
19159256962429, 74080680
19201258206685, 73824177
19248924610768, 70748205
19292482007068, 76114245
19336846226057, 73148464
19382814184116, 69565060
19431247783010, 73570384
19479071809349, 72578363
19532193457029, 72920550
19583432017409, 71790122
-------------
--------->>>>0<<<<---------