---updates---
19561374030993, 65817739
-------------
---reads---
18950522279702, 16997883837
18987308160418, 16551744151
19024451488011, 16785753590
19063224332963, 17442298039
19103209301010, 16677488717
19144330857131, 16589654501
19185599803845, 18102667332
19231379677148, 17491199364
19275556095698, 17097395614
19320352132987, 16859958461
19365935719926, 16847571403
19413308453870, 17338024934
19461396545750, 17560945803
19511347435135, 17533563867
-------------
---init---
18932987726289, 17534553413
18967595613314, 19712547104
19003931969651, 20519518360
19041311517494, 21912815469
19080741176241, 22468124769
19119960696760, 24370160371
19160989991508, 24609812337
19203773579858, 27606097290
19248960748721, 26595346977
19292726348505, 27625784482
19337284145816, 28651574110
19382861175073, 30447278797
19430718502832, 30678042918
19479029887449, 32317547686
19528947301700, 32426729293
-------------
---commit---
18967520163539, 75320249
19003859904569, 71934110
19041237241601, 74126441
19080666631002, 74423386
19119886789727, 73813081
19160920511632, 69414441
19203702471177, 71045873
19248870876512, 89825331
19292653491312, 72805774
19337212091448, 72009491
19382783291329, 77816855
19430646478804, 71979369
19478957491553, 72349215
19528880999002, 66205025
19561439848732, 20957905194
-------------
--------->>>>0<<<<---------