---updates---
19286587436307, 73610527
-------------
---reads---
18954475913078, 17507730888
18993271755204, 16506902961
19030670137388, 16862735246
19069837547512, 17445505567
19110461405628, 17589298093
19153628382422, 17224864289
19196337985771, 17878389392
19241348387276, 17276641697
19334144092551, 18334895667
19387499214617, 17099852472
19436075958744, 16926755540
19484258807157, 17204024445
19533512948178, 17254687098
19585230165264, 17198130380
-------------
---init---
18933101491848, 21374421230
18972060157550, 21211597654
19009850199758, 20819937630
19047603161083, 22234386429
19087368225488, 23093180140
19128127371832, 25501010590
19170921213004, 25416772767
19214295509193, 27052878083
19258693774901, 27893661406
19304315350568, 29828741983
19352557494578, 34941720039
19404672793856, 31403164888
19453076302487, 31182504670
19501555230973, 31957717205
19550914785717, 34315379547
-------------
---commit---
18971983643966, 76436525
19009778658165, 71383703
19047532872634, 70180952
19087283053079, 85056613
19128050703721, 76583344
19170853246711, 67903906
19214216375163, 79084947
19258625028973, 68670987
19286661046834, 17654242382
19352478988218, 78452291
19404599067089, 73672733
19453002714284, 73539967
19501462831602, 92353035
19550767635276, 147104851
19602428295644, 72801951
-------------
--------->>>>0<<<<---------