---reads---
18954746898782, 16322969073
18990221061829, 16270985953
19026542404357, 16481158582
19063986134888, 17443889450
19103626982978, 20634781081
19150451147272, 17420157610
19195374820738, 18006942659
19240512484379, 17097851465
19284543553209, 16880285287
19329638334128, 17037609554
19375842922118, 16817517801
19422392379011, 17476014636
19471313318945, 17534678694
19522177236158, 17869900039
19574884504519, 17826359858
19626574578243, 17589380607
-------------
---init---
18933035127133, 21711771649
18971142097545, 19078964284
19006564492817, 19977911540
19043087377107, 20898757781
19081503872003, 22123110975
19124333384916, 26117762356
19167945433872, 27429386866
19213462281839, 27050202540
19257730831137, 26812722072
19301504323951, 28134010177
19346744985637, 29097936481
19392729821590, 29662557421
19439949743531, 31363575414
19488917542290, 33259693868
19540127069197, 34757435322
19592785112061, 33789466182
-------------
---commit---
18971069867855, 71993119
19006492047782, 72293823
19043023562939, 63670545
19081430024338, 73727685
19124261764059, 71550889
19167871304882, 74074890
19213381763397, 80471453
19257610335844, 120443265
19301423838496, 80439021
19346675943682, 68987169
19392660439919, 69336708
19439868393647, 81301758
19488847997639, 69491813
19540047136197, 79878431
19592710864377, 74192279
19644163958850, 74712479
-------------
--------->>>>0<<<<---------