---reads---
18954362797959, 17299167669
18992695266205, 16611643233
19030312780865, 16574103488
19068609813147, 17565643074
19109293272527, 21167340217
19156395826420, 17129207707
19199704172402, 18000351908
19244832773575, 17620290599
19289508627667, 16842155549
19333815910572, 16773764790
19380516067282, 16921692984
19427898562287, 17038103917
19476186094168, 21563209794
19531371932760, 17843818274
19584337356737, 18250972941
-------------
---init---
18933080338929, 21282459030
18971734069774, 20961196431
19009384278718, 20928502147
19046953958666, 21655854481
19086255658161, 23037614366
19130532128993, 25863697427
19173591741841, 26112430561
19217780280083, 27052493492
19262524718377, 26983909290
19306419782805, 27396127767
19350694885973, 29821181309
19397515020159, 30383542128
19445010345976, 31175748192
19497823123988, 33548808772
19549287011239, 35050345498
-------------
---commit---
18971661965628, 71929685
19009306909438, 77253485
19046886884353, 66930871
19086175456221, 80081979
19130460612744, 71432072
19173525034127, 66649051
19217704524310, 75708881
19262453064174, 71608401
19306350783216, 68953716
19350589675362, 105161129
19397437760266, 77213917
19444936666204, 73631607
19497749303962, 73774025
19549215751034, 71213324
19602588329678, 77419300
-------------
--------->>>>0<<<<---------