---updates---
882220771435, 409166305
918735037558, 871652604
956446949933, 191936560
1073905900732, 711751177
1115836057725, 61828711
1158953042235, 652660330
1203484557725, 120059941
1249034627563, 564934354
1295962288303, 643805692
1504712611069, 86590516
1555904728837, 87184666
-------------
---reads---
995103191013, 16690026317
1033447344313, 17021907672
1345999114931, 19944803615
1396684530995, 20111697279
1448427438880, 23983000254
-------------
---init---
864831314585, 17389456850
899777932569, 18957104989
936319567643, 20127382290
974216525368, 20886665645
1011865753504, 21581590809
1050542366493, 23363534239
1091597297570, 24238760155
1133921504323, 25031537912
1177356927440, 26127630285
1221867590532, 27167037031
1267865115081, 28097173222
1316304770976, 29694343955
1366015069202, 30669461793
1416865263087, 31562175793
1472479343586, 32233267483
1521660389792, 34244339045
-------------
---commit---
882629937740, 17147852893
919606690162, 16712729780
956638886493, 17577476152
1011793217330, 72424263
1050469251985, 73011822
1074617651909, 16979492737
1115897886436, 18023515509
1159605702565, 17751123583
1203604617666, 18262898279
1249599561917, 18265484273
1296606093995, 19698641743
1365943918546, 71111447
1416796228274, 68982701
1472410439134, 68845083
1504799201585, 16861132000
1555991913503, 20472467156
-------------
--------->>>>0<<<<---------