---inserts---
1993137889619, 172871095
1993716369525, 57340729
1994281938477, 271871523
1995022023149, 520161344
1996034706452, 516945276
1997042285952, 507136699
1998077777094, 456870289
1999050383379, 481216403
2000033763594, 521347157
2001142139557, 400195188
2002198793084, 353442532
2003237859903, 307160237
2004148655877, 395171020
2005159636234, 394816188
2006305482442, 278689168
2007237018202, 317550933
2008243384026, 299395082
2009239297826, 307643528
2010275100551, 276815321
2011286408871, 267474682
2012278552338, 284194942
2013276995189, 280939956
2014334875655, 211431904
2015322794380, 225564807
2016411573079, 141796784
2017394366754, 157406611
2018359856207, 180802399
2019404191385, 138892266
2020384467549, 163642932
2021412618346, 218320276
2022660032096, 79269007
2023673560684, 56292545
2024627935875, 65541137
2025618070632, 68132277
2026679560680, 65251684
2027681771424, 128540433
2028932564286, 64307935
2029993791886, 62457914
2031045806235, 58720356
2032152348623, 63016984
2033316342867, 66481322
2034447860816, 77544005
2035623965288, 61933247
2036763184720, 59816184
2037941489125, 63341130
2039136128903, 64916962
2040369705393, 71808016
2041581561101, 73441234
2042922869375, 59737617
2044245111068, 68690658
2045569380844, 62575090
2046856362655, 58897539
2048169399982, 58232467
2049545081236, 63533933
2051149411120, 59770782
2052549956011, 64249624
2053938896866, 61548112
2055333488943, 65405279
2056787966848, 58169120
2058200436468, 64102706
2059660811510, 63925978
2061099469470, 58606435
2062639862718, 61304957
2064175591614, 61791919
2065702132780, 64647207
2067297186889, 59433642
2068879606712, 59024009
2070453284185, 59311811
2072007804374, 64160306
2073641747895, 63580076
2075295464504, 67825955
2076941196993, 75814915
2078622994743, 62947489
2080386053603, 70032383
2082110704023, 70541407
2083800932955, 65895858
2085535108756, 64349506
2087213711056, 64626141
2088956992173, 62977231
2090759832215, 120160236
2092637436955, 65232481
2094441620112, 60820369
2096210826968, 67831524
2098057852170, 65919659
2099939312643, 60221495
2101748761545, 58376569
2103607273659, 61948768
2105494454842, 61212196
2107433994959, 66188040
2109372778306, 56405480
2111338589555, 62963655
2113278829520, 60404366
2115243369031, 67226906
2117325855249, 60307571
2119323361902, 74675771
2121313246215, 60228729
2123339303193, 65129090
2125451392131, 60115936
2127521578756, 61981909
2129569016703, 59199870
2131680914307, 78771412
2133873986184, 70249916
2136228434530, 59910122
2138373187788, 62212779
2140500465601, 64506710
2142662717985, 59397580
2144856324817, 63226052
2147016733104, 90397353
2149241452205, 64795114
2151467995191, 62984250
2153762880611, 64914066
2156030100847, 61858150
2158420483369, 64630430
2160756212834, 61243648
2163163998978, 63963544
2165528635455, 62985458
2167852460315, 57181136
2170260341661, 73365558
2172656155832, 101415368
2175116861134, 60120615
2178035334704, 100161945
2180879911271, 66208107
2183425139870, 63836403
2185976192791, 68815363
2188531324706, 63916462
2191092147911, 78832935
2193766267233, 67511116
2196338506071, 73323672
2199008833901, 67222363
2201796223307, 64655551
2204414475400, 65990926
2207105162545, 64010495
2209812123131, 66576548
2212482302173, 62954059
2215242089910, 65781808
2217961032401, 62711053
2220706528572, 83069458
2223494863055, 64176100
2226246645001, 59293641
2229105517991, 66880305
2231926967435, 61228250
2234736720001, 66219021
2237592721917, 62682052
2240502876324, 60362367
2243273742329, 101546852
2246214131976, 73443351
2249058000321, 65546985
2251935688433, 65357429
2254839063350, 65459533
2257752047068, 97674427
2260703621154, 58278337
2263582595876, 70148883
2266555895816, 68417324
2269513870683, 67508225
2272466961663, 62132980
2275528284350, 70428084
2278571035416, 66959173
2281657937973, 65992407
2284725400342, 85504461
2287767782785, 71695475
2290864860348, 61172426
2293943044516, 66569736
2297082717505, 64707898
2300485356447, 67932725
2303622468178, 62901432
2306780872927, 58628155
2309988119087, 65730673
2313147769761, 62759220
2316387175206, 70956629
2319606139858, 65911900
2322828074228, 66207365
2326115243594, 67997283
2329401100658, 64441649
2332708877748, 64889293
2335987574261, 63499019
2339318946575, 83064935
2342715731592, 62815008
2346027459452, 67834941
2349408769221, 60334152
2352717758080, 68533632
2356160424937, 62686818
2359668434416, 72980866
2363167716281, 69118567
2366632489006, 61808877
2370210377389, 71293460
2373710753227, 71834266
2377293763455, 60890524
2380902891466, 65197121
2384473078393, 70830713
2388048189273, 67609191
2391545075562, 62306273
2395114091605, 75374905
2398884915043, 128440718
2402750820143, 68154459
2406426439376, 68439308
2410154955135, 68530484
2413777708734, 64754577
2417387028127, 66750379
2421024099946, 65955278
2424702086905, 64689067
2428474498723, 61567714
2432205150302, 68068559
2435983575221, 96236980
2439832149945, 65543555
2443717314391, 62884608
2447518498582, 70378797
2451357569444, 62101612
2455185886850, 61624280
2458994151422, 63473684
2462766940993, 72571152
2466593056764, 62483616
2470445339777, 62880806
2474398719580, 66030683
2478375700642, 60119321
2482381277882, 121276782
2486466245521, 80437340
2490491091220, 59548099
2494466841617, 64480205
2498539500931, 65798221
2502583811517, 71571830
2506754923012, 69462900
2510847863354, 67449604
2514931968485, 68004912
2519070504643, 59857504
2523272916055, 88782980
2527553808809, 64422601
2531773265809, 67348289
2535939995921, 63249439
2540188421625, 92526919
2544469027519, 73658492
2548768635118, 74358500
2553068275078, 63871627
2557336569458, 68861221
2561641694328, 132937837
2566165482427, 67143610
2570543120330, 71148618
2574908660417, 63175235
2579417164430, 124342361
2583888440058, 67513277
2588290540390, 61895174
2592762979868, 66615485
2597252458368, 63382563
2601689540151, 65815946
2606425686562, 98524846
2611515428168, 81273054
2616262379310, 75002936
2621016690137, 72179368
2625963875042, 103208105
2630896218329, 79085989
2636095091830, 87351814
2641093459086, 79928274
2645975953446, 99026629
2650923906686, 69519537
2655875819398, 74424533
2660920308295, 78586132
2665929975056, 83780637
2670870564848, 63831440
2675774446603, 66589272
2680460391881, 64835793
2685205368214, 62868983
2689939915352, 66304341
2694660883268, 83847088
2699509982995, 67562228
2704171722269, 92134472
2709034910706, 75624285
2713787778184, 59515616
2718626370036, 99372953
2723593525709, 68675101
2728479254570, 74967104
2733359522840, 65898155
2738313084329, 71111016
2743182398260, 66906403
2748156469516, 71280885
2753050249473, 79239150
2758074021932, 68517732
2762982454728, 72265899
2767949782776, 66403989
2773001492469, 64738505
2778154455260, 64983534
2783140547025, 80042877
2788270982026, 69645872
2793348353214, 61851349
2798207837297, 63291140
2803138749950, 61509410
2808074944906, 63451566
2812972228953, 62493625
2817946496502, 61223978
2822918692422, 64312655
2827953305653, 59695598
2832957155152, 58193166
2837991235084, 61869179
2842988070419, 60641476
2848054238052, 270621701
2853488393431, 63470319
2858677200159, 67365885
2863931182124, 63283365
2869200024601, 64897110
2874351898956, 60058355
2879814591779, 62064810
2885005151141, 61948592
2890318762440, 61286108
2895645451164, 66890644
2900975134749, 74775780
2906388585686, 80549675
2911916464812, 63812894
2921485418928, 72113636
2926981593079, 62829798
2932435728998, 62333453
2937908186999, 60654307
2943395656435, 66826620
2948968687943, 75843886
2954515251255, 68896385
2960284961298, 127799872
2966166488146, 58140678
2971747948262, 58873361
2977313782687, 61915365
2982945597679, 65182305
2988562725584, 70762557
2994290937657, 65053857
3000008294746, 66869072
3005686190604, 65709777
3011354767464, 71576509
3017126659299, 66801204
3022882742483, 84173530
3028731011639, 64781289
3034445808817, 67702927
3044371076195, 68290171
3050450314783, 72442271
3056300868766, 65001972
3062175657122, 69400516
3068064294666, 65091412
3073918303224, 64697744
3079855940054, 73802127
3085879491558, 67505955
3091851660503, 93937099
3097768405499, 76465470
3103939184506, 63021709
3109927556943, 64295460
3116004502235, 330140518
3122369163878, 69131480
3128498102628, 79083294
3134539632874, 69689094
3140689505729, 63960326
3146822231356, 83654290
3153015725921, 66658945
3159295858962, 81637006
3165771836292, 148117125
3172193674051, 69617245
3178712441216, 65981735
3185105375426, 68512835
3191556418374, 292248139
3198122082551, 65093971
3204493579659, 70927622
3210881838425, 62715462
3217445830494, 63409956
3223743410383, 72551912
3230245356720, 64668463
3236515941731, 68419542
3243083025799, 70451814
3249684751685, 61414620
3256036522433, 62041880
3262460689636, 70838380
3268861868676, 74043495
3275441884523, 63037231
3281969076556, 64086453
3288401301633, 65383158
3294711684766, 66320340
3301103852715, 66668857
3307429491101, 65456325
3313825315797, 67452249
3320290832869, 66250051
3326820657365, 70861519
3333378520609, 64609540
3339974799834, 74087029
3346552326085, 61145478
3353031105928, 60731126
3359680640718, 333176638
3366483617450, 73307669
3373011390668, 58226507
3379477269035, 73501653
3386053784072, 60829951
3392488248041, 60194428
3399242640025, 90243658
3406106574884, 58415724
3412795012554, 61446140
3419726644480, 62463238
3426588165076, 64309208
3433440615767, 114201056
3440255461828, 66776020
3447154093971, 72798562
3454337684089, 66107840
3461161916411, 114771828
3468071390079, 64669138
3475072860680, 60347590
3482098156529, 81304049
3489129471672, 65028831
3496091493196, 86580440
3503163757114, 69545048
3510282564713, 61825693
3517246991798, 90910037
3524277420008, 63914689
3531297633178, 68064498
3538322633262, 62443092
3545384471413, 62563931
3552432899578, 63325001
3559521878024, 60191610
3566627049513, 76885901
3573793182138, 60763688
3580875808586, 80671733
3587976210322, 72015815
3595640800447, 68294577
3602890988427, 64447971
3610080811803, 64793670
3617329815956, 65299139
3624588380087, 95000167
3632109037129, 64258841
3639457976833, 63703011
3646818282683, 70704046
3654360697871, 95406771
3661819870502, 67341253
3669249875293, 65520901
3676721292684, 102324755
3684194133562, 64983875
3691565698268, 63785302
3698932324629, 70446191
3706503436837, 72202225
3714054574138, 61848156
3721475814162, 70154118
3728868436603, 64210051
3736311398101, 57278901
3743771168079, 62497741
3751256156059, 110223609
3758836196671, 65301990
3766636354582, 87391183
3774419088971, 99459013
3782135008608, 66393307
3789716373244, 64883643
3797379605919, 65826532
3805066411124, 65304246
3812650698446, 71351189
3820346813389, 66237585
3828288681153, 67554488
3836210572339, 69643053
3844432518372, 73406117
3852538825697, 67991194
3860340600870, 127542776
3868965318577, 85546846
3876933646393, 65646254
3885011850876, 130256902
3893195389422, 63409456
3901450869302, 85598121
3909449132726, 78576585
3917664910315, 64958305
3925709800462, 73465761
3933938295050, 64851716
3941883550811, 75084842
3949891124345, 88165483
3957783384592, 65902381
3965849437409, 68237124
3973835056447, 71233666
3981847445804, 66496528
3989821006384, 66409470
3997850338980, 63514597
4005880802113, 59653133
4013830691535, 66333984
4021967853821, 63420004
4030233547816, 65916289
4038631071233, 63775922
4046957222906, 58389488
4055164507080, 76096164
4063417610900, 64177212
4071822569878, 95487814
4080284641271, 68817116
4088810217241, 61961915
4097137437434, 65324935
4105371756769, 88446995
4113942567726, 65936305
4122300758491, 62782828
4130498379234, 67780777
4139051299244, 66683293
4147487594761, 68688100
4155961856132, 64996600
4164323942715, 62874887
4172792647331, 64513760
4181220849199, 65205746
4189746170163, 73714794
4198126447562, 66802497
4206497975357, 65042185
4214885235203, 65352925
4223489680972, 100795155
4231858620098, 64859172
4240324807553, 70063185
4248910556590, 66955181
4261569826271, 71878647
4270227119636, 69627859
4278720515928, 64225224
4287573942875, 85480417
4296127882566, 68960581
4305024874595, 67826206
4313688643732, 88416903
4322948720231, 66400496
4332320077225, 61403910
4341489490521, 64508841
4350562428031, 76709935
4359906419417, 87207499
4368912876237, 63920026
4377781726750, 64086004
4386564189106, 72770496
4395314811111, 76656984
4404256185116, 64633431
4413201287568, 66266647
4422111152677, 135234669
4431223642014, 71130882
4440181922102, 66324113
4449153006385, 62171855
4458235491419, 131685476
4467431722785, 70950078
4476540869502, 62243388
4485566664680, 75083592
4498683298400, 63924008
4507827034764, 125002967
4516853430542, 100288660
4525828572921, 66270693
4535124226451, 61315934
4544222491757, 70060863
4553229218930, 116110946
4562181873469, 64347133
4571443157485, 122913140
4580582378554, 75396849
4589902172447, 59623965
4599251499822, 86303633
4608450958081, 61885715
4617747971109, 66629839
4627290187382, 130951580
4636967560910, 131265338
4647000179961, 67386341
4656461381008, 64239455
4665740747512, 123173001
4675235453173, 125184469
4684787266207, 64603064
4694035497231, 120283322
4703378836131, 67976971
4712900593472, 60093942
4722099114458, 62647668
4731425033805, 77927980
4740674294202, 60063664
4750171798401, 64149552
4759656777657, 61522541
4769509993625, 61382124
4779392634460, 65253987
4788844481113, 134130810
4802531030508, 66008541
4812154450932, 118386175
4821578544165, 64491931
4830996834471, 63615901
4840492032217, 186630138
4850325394076, 130378192
4859977346874, 66946496
4869473494384, 63057341
4879070407126, 64058255
4888958329898, 67382283
4898748833604, 67782049
4908600815859, 60954420
4918589713219, 61589924
4932249161812, 66051851
4941897216132, 60472873
4951410886101, 70450761
4960960756500, 83867018
4970606538073, 62981114
4980234441755, 66229341
4989882739548, 67324019
5003907378130, 64135642
5013597095701, 71996828
5023467566088, 188004191
5033318073376, 84841739
5043206335072, 61114757
5053103193731, 59981166
5062880507832, 66449750
5072591852125, 67977807
5082281403359, 64908687
5092425778787, 64941580
5102229847676, 60778101
5112205620799, 67871827
5122450433414, 64755177
5132565854930, 70941049
5142496920289, 117520580
5152540835829, 64482144
5162433004611, 64236169
5176421106160, 69865779
5186401147674, 70396967
5196514619027, 69113598
5206630328251, 65783357
5216801433687, 64971403
5226963865222, 62753131
5237413063806, 66632140
5247583740061, 63355722
5257592791313, 124228844
5267844633793, 65991790
5278035222255, 63138184
5288291645922, 66287238
5302454889172, 63467616
5312998758637, 66606394
5323641166437, 63069062
5334139156486, 68908284
5344525879378, 66028448
5355103890703, 71875817
5365940103485, 87732090
5376344136597, 75298992
5386778766401, 63270783
5397217222406, 67785616
5407671695476, 63182047
5418122504384, 68765015
5428601131010, 71524094
5439156552038, 70493343
5449802045574, 61663718
5460483594786, 95340290
5471058506207, 66163537
5481810907391, 62433613
5492501434839, 69071033
5503023779602, 130421041
5514082996592, 76139281
5524655517266, 65056451
5535135166396, 76282373
5545792824217, 68026190
5556604520525, 64912321
5567297984778, 63869924
5577952554415, 61686116
5588697294968, 67610153
5603397302555, 65934080
5613981431205, 64163359
5624554640330, 62125050
5635182559736, 66625621
5645897535171, 66232252
5656535077062, 67564707
5667239287759, 70287007
5678182730456, 68219503
5689303516674, 67659843
5700168960521, 88594390
5711157862554, 61674064
5722135248542, 68696533
5733081236632, 64484728
5743824467582, 63823594
5754500823616, 64638711
5765393995031, 67758912
5776221461027, 71488444
5787055791852, 61656629
5798004242268, 59618641
5809086385627, 65581246
5820040485745, 62427343
5831275996926, 72324724
5842222727093, 65710203
5853474474532, 78592509
5864669563596, 150098522
5875683085216, 66467395
5886680243734, 70496624
5897728664877, 62743890
5908754762409, 64651416
5920065733652, 88722206
5931211534983, 71490308
5942249728251, 63615445
5953443045012, 61969961
5964805763362, 62735783
5976009569168, 64705478
5987093812688, 90914361
5998277843165, 61994654
6009561147049, 66721298
6020724595908, 74011455
6032171733130, 63361965
6043525620036, 67103552
6055107374678, 78237249
6066696742777, 68991476
6078661273566, 79941799
6090450223966, 62534397
6101992405084, 86040294
6113623496475, 102692788
6125147232082, 69989049
6136734312128, 63285985
6148295911162, 74568530
6159966127765, 70773651
6171586899581, 60163001
6183084719322, 61665630
6194728279368, 66865857
6206424754503, 65655117
6218222422386, 63081226
6230467721200, 81461087
6242462160421, 65087303
6254118888521, 64482668
6265730851833, 68171284
6277325551394, 78524248
6289112131720, 76984714
6300762483145, 68191360
6312569345762, 61047774
6324388483037, 84436228
6336159741391, 64288078
6347870038149, 66521462
6359564405513, 67366449
6371392102139, 65737644
6383251472728, 63573892
6395361708577, 63345042
6407496344028, 68606500
6419323809590, 68433040
6431244046323, 93199009
6443174200670, 66852748
6455041731467, 64202526
6467196380016, 88014562
6479177865185, 133618023
6491270885249, 72076710
6503296560554, 73400926
6515350747087, 59270700
6527885256146, 73261427
6540374800500, 78948907
6552893605580, 66760267
6566100483550, 74654768
6578469522820, 62548797
6590644778912, 64875519
6603034453796, 62622578
6615449767222, 64904627
6628403667184, 65858380
6641115977791, 67361386
6654003399391, 72800660
6666412027315, 65980414
6678971025541, 98650312
6691250381975, 69794942
6703612282916, 79160003
6716118851048, 87659846
6728657301264, 65020311
6741781430663, 89849541
6755396944700, 69308151
6768750750372, 70483116
6781539104853, 68638860
6794347370134, 72372254
6807082165753, 94510198
6819544791549, 79479045
6832616702448, 283195751
6845508078457, 62765029
6857947408003, 100860324
6870593156766, 68167494
6883547464332, 73857042
6896225761489, 70292023
6908939649241, 66034839
6921565075135, 69569034
6934421084906, 65152354
6946984724077, 66961534
6963640977923, 69021714
6976322133395, 64686943
6989099533517, 87703612
7001721785308, 66878036
7014466290630, 65788615
7027318537545, 67922447
7040178999560, 68460490
7053122471361, 66694411
7066297045300, 63062086
7083210174437, 104933002
7096167857584, 67803765
7109045796556, 63220666
7122389077371, 71544133
7135279562207, 65247452
7148216440798, 64901313
7161004660960, 73097888
7173820326201, 67241690
7186816741642, 68294293
7199740857788, 81690896
7212705570223, 63494636
7225710959424, 70457191
7238652438988, 135688313
7251933673282, 63686231
7265056756984, 63638732
7278116344680, 68745290
7291353574678, 69336547
7304525516260, 67824811
7317596733682, 61402751
7330679403197, 125471096
7343812340511, 72011035
7356861181593, 80559054
7370033326038, 67295529
7383128176407, 60488379
7396270643799, 68205471
7409444629679, 64268441
7422524485420, 104191729
7435611313458, 72363224
7448715261760, 64507423
7461981988863, 82073370
7475006027304, 69360568
7488082594653, 56717511
7501649997337, 67009416
7514934483295, 63879474
7528263579482, 62635983
7541608040593, 60733230
7555109574489, 71812004
7568373043031, 63207090
7581748546156, 67870350
7595129877238, 67268525
7608611576114, 65197985
7622142100415, 66413707
7635739745481, 63267912
7649409822404, 65688623
7663056901504, 73966687
7676753424941, 65041351
7690348820668, 59869105
7707405066578, 62145691
7720471556152, 58050185
7733645663340, 60490504
7746794958704, 62000683
7760281395975, 70786750
7774156736274, 71916203
7787797530999, 60024022
7801556242595, 69431793
7815323113220, 70669111
7829039775314, 85980546
7842819368944, 66461898
7856367752532, 67259500
7869910600335, 80395208
7884081183393, 69021449
7897837989122, 63165721
7911765086785, 77062112
7925635574298, 125444059
7939707361841, 70081021
7953669861212, 67408171
7967731359388, 65183480
7981961550017, 95001485
7996075685387, 65529752
8010109867549, 96434104
8023930648467, 63898701
8037762797928, 65396948
8051815129234, 65691778
8065617676460, 69088222
8080056852228, 70023461
8094886686939, 70370549
8109469723986, 67335249
8127743053259, 63767094
8146373867866, 130802203
8160947930056, 65501446
8175588769693, 69622865
8190245361075, 74807437
8208499411521, 67134273
8222659604376, 67356427
8236833620107, 66889922
8250972748079, 74211233
8265071590491, 70059337
8279179700901, 77680071
8293214686419, 64961478
8307416597140, 59127367
8321654595618, 59644929
8335512970966, 60191905
8349386158098, 66118138
8363300192846, 62422281
8377580535462, 64595794
8391906884942, 67300590
8406179790874, 63279737
8420428493517, 64944721
8434732757707, 70230841
8449017573867, 80415498
8463622631595, 62776728
8478065973927, 64254534
8492522419766, 203634933
8507141979311, 64430844
8521591371541, 73646797
8536162738545, 64484067
8551100771102, 69813031
8565840865986, 62497072
8580317153671, 61875662
8594656409661, 74427238
8609310279208, 60248035
8623744804425, 66041828
8638382753933, 62533649
8653304033201, 63209636
8668222229097, 64884786
8682894500455, 67081130
8697502774893, 67807049
8712179370822, 67563554
8730999847137, 61829790
8745778050356, 67140504
8760433991123, 63479267
8775409863343, 69191814
8790345167465, 70203164
8805260798885, 61054347
8820060880624, 81987336
8835076187603, 63688547
8849937761748, 65570872
8864735107650, 65308841
8879525785457, 64798673
8894322970550, 63222243
8909067359426, 69671492
8923986419776, 86880696
8939266399581, 68041956
8954550088690, 73571811
8969538882527, 66624013
8984933137003, 67167924
9000014425892, 72130596
9015245330149, 75044462
9030456872881, 65131491
9045588129909, 61959634
9060836814791, 115828585
9076235349378, 68989047
9091346918232, 64774136
9106535850888, 73039465
9121929560358, 73718344
9137126058852, 67277905
9152461418484, 100780026
9167798014948, 64129633
9183434171012, 102278897
9199288289653, 67673572
9215084298710, 67986549
9230990436182, 71043816
9246604472676, 58940648
9261800520533, 85380228
9277153661748, 66485900
9292393518851, 67101310
9307988883164, 62784936
9323323861465, 68087004
9338732621895, 124192956
9354242743285, 64988701
9370079278160, 65376131
9385379864525, 65263259
9400679636299, 61538618
9420015585082, 63796221
9435852577648, 93876049
9451691735177, 65494545
9467574548477, 104986614
9483275559613, 59805471
9498734278506, 65402214
9514418591782, 63986395
9529913204506, 66077075
9545446479620, 65043767
9560913765606, 81986474
9576846746272, 67035557
9592573654108, 66791290
9608038731683, 62538280
9623280576932, 63632172
9638590792424, 61984508
9654196921019, 63555178
9669804807464, 63731779
9685461872446, 66616477
9700993946172, 62016213
9716917405800, 61794306
9732419478292, 78508910
9748127273755, 85059059
9763926232170, 68066423
9779819163093, 64767321
9795736339850, 62864292
9811990357790, 66502619
9827671698532, 65502584
9843309976384, 89283191
9859167056692, 120100670
9875432347906, 63343748
9891332372799, 58554938
9907415706146, 67369557
9927635809184, 62494458
9943996979041, 70793107
9960157215827, 71558716
9976434314788, 61780420
9992687737672, 70676969
10008994149950, 62179753
10025284091337, 64924566
10041180843420, 150858282
10057268590056, 61045897
10073333177369, 64156414
10089467981270, 71132488
10105680887536, 61624468
10121699576964, 105199122
10137773878743, 66611098
10153834637637, 61598350
10170115975622, 66528382
10186409869400, 64655752
10202729298901, 67135677
10219186327596, 63632567
10235819911690, 68041036
10252350982973, 189485224
10268745842884, 62508064
10285115648463, 68902799
10301649815652, 73773207
10318104958578, 64752211
10334596169266, 63333385
10351019838648, 66809687
10368279644396, 63728921
10385199717349, 66981315
10402358415749, 62428881
10419556117009, 67825785
10436924185473, 68282308
10453992819097, 67086821
10470759776198, 68988107
10487099845021, 64614034
10503583340837, 68174352
10520123848247, 67124719
10537274661792, 71617604
10554745563283, 70689371
10572067781350, 66654361
10589181564681, 94928110
10605951350671, 61550351
10622833269666, 67653976
10639656244621, 63968183
10656648381239, 65091354
10674354633581, 98259022
10691281682430, 70019753
10708281273515, 64378888
10725261569592, 67933401
10742012339463, 64054057
10758723569879, 64749141
10775741870889, 69203834
10792603436415, 68517611
-------------
---init---
1992936819945, 201069674
1993544485600, 171883925
1994072939090, 208999387
1994818706625, 203316524
1995788414382, 246292070
1996809367112, 232918840
1997814799565, 262977529
1998783601005, 266782374
1999755776255, 277987339
2000821093861, 321045696
2001876773097, 322019987
2002854577478, 383282425
2003795718928, 352936949
2004810516409, 349119825
2005876652598, 428829844
2006842386629, 394631573
2007815762209, 427621817
2008805168866, 434128960
2009791247659, 483852892
2010820688437, 465720434
2011806177139, 472375199
2012774827752, 502167437
2013813794114, 521081541
2014796526336, 526268044
2015806956476, 604616603
2016802081905, 592284849
2017793844547, 566011660
2018795191443, 608999942
2019770989010, 613478539
2020799621003, 612997343
2021885604610, 774427486
2023012549527, 661011157
2023984678612, 643257263
2024947561084, 670509548
2025960035989, 719524691
2026996242170, 685529254
2028065634321, 866929965
2029268406678, 725385208
2030304658397, 741147838
2031382014620, 770334003
2032501495030, 814847837
2033637404897, 810455919
2034783647215, 840318073
2035924188451, 838996269
2037068896999, 872592126
2038243045752, 893083151
2039462936984, 906768409
2040694005686, 887555415
2041968964770, 953904605
2043304239513, 940871555
2044569615049, 999765795
2045894465200, 961897455
2047170809793, 998590189
2048496228419, 1048852817
2050047730579, 1101680541
2051470153778, 1079802233
2052861595624, 1077301242
2054281463435, 1052025508
2055697852076, 1090114772
2057091361435, 1109075033
2058513214402, 1147597108
2059959355352, 1140114118
2061441892651, 1197970067
2062979429488, 1196162126
2064521394233, 1180738547
2066016594755, 1280592134
2067598216497, 1281390215
2069181003648, 1272280537
2070761113943, 1246690431
2072334117699, 1307630196
2073959113284, 1336351220
2075620485178, 1320711815
2077267133200, 1355861543
2078962080067, 1423973536
2080742114359, 1368589664
2082419118971, 1381813984
2084122726701, 1412382055
2085842136636, 1371574420
2087517425146, 1439567027
2089259378478, 1500453737
2091213636942, 1423800013
2092992764445, 1448855667
2094749320499, 1461506469
2096562214116, 1495638054
2098376198341, 1563114302
2100249360521, 1499401024
2102057818707, 1549454952
2103922044212, 1572410630
2105813667682, 1620327277
2107773656454, 1599121852
2109672701096, 1665888459
2111648546598, 1630282922
2113578559256, 1664809775
2115552817794, 1773037455
2117623882628, 1699479274
2119631542071, 1681704144
2121621102921, 1718200272
2123644293231, 1807098900
2125751083786, 1770494970
2127831309224, 1737707479
2129909799348, 1771114959
2132006075132, 1867911052
2134366610933, 1861823597
2136541743943, 1831443845
2138686610019, 1813855582
2140814357741, 1848360244
2142961554070, 1894770747
2145153891736, 1862841368
2147350287030, 1891165175
2149551135418, 1916859773
2151809185529, 1953695082
2154075931125, 1954169722
2156339655872, 2080827497
2158768485613, 1987727221
2161094613605, 2069385373
2163483508043, 2045127412
2165831077683, 2021382632
2168192398353, 2067943308
2170577876548, 2078279284
2173001519047, 2115342087
2175496269302, 2539065402
2178392206836, 2487704435
2181209814052, 2215325818
2183749767609, 2226425182
2186312192565, 2219132141
2188843700765, 2248447146
2191426580590, 2339686643
2194085247210, 2253258861
2196667401669, 2341432232
2199427358008, 2368865299
2202102954792, 2311520608
2204729141285, 2376021260
2207412382918, 2399740213
2210138575852, 2343726321
2212847022408, 2395067502
2215551507079, 2409525322
2218280604595, 2425923977
2221041862917, 2453000138
2223805595562, 2441049439
2226564177272, 2541340719
2229440165738, 2486801697
2232243409454, 2493310547
2235049498823, 2543223094
2237897789450, 2605086874
2240801395082, 2472347247
2243633625390, 2580506586
2246548478948, 2509521373
2249387702257, 2547986176
2252251647198, 2587416152
2255149121019, 2602926049
2258122468369, 2581152785
2261001745904, 2580849972
2263902988754, 2652907062
2266891961545, 2621909138
2269828202426, 2638759237
2272780229460, 2748054890
2275850243822, 2720791594
2278917520119, 2740417854
2281988476898, 2736923444
2285066473813, 2701308972
2288096787307, 2768073041
2291174376590, 2768667926
2294269359258, 2813358247
2297511726546, 2973629901
2300804231785, 2818236393
2303937466489, 2843406438
2307089730146, 2898388941
2310310558281, 2837211480
2313456908451, 2930266755
2316710629362, 2895510496
2319924262888, 2903811340
2323150670191, 2964573403
2326427866014, 2973234644
2329759924300, 2948953448
2333019553982, 2968020279
2336308096193, 3010850382
2339660110451, 3055621141
2343023594101, 3003865351
2346335542380, 3073226841
2349706999096, 3010758984
2353031690808, 3128734129
2356468827064, 3199607352
2360073673520, 3094042761
2363495996683, 3136492323
2366959498175, 3250879214
2370536388591, 3174364636
2374042124066, 3251639389
2377645338998, 3257552468
2381267667743, 3205410650
2384803318918, 3244870355
2388354549194, 3190526368
2391876363137, 3237728468
2395429201117, 3455713926
2399347422056, 3403398087
2403070039391, 3356399985
2406748279753, 3406675382
2410476366805, 3301341929
2414090682622, 3296345505
2417710934962, 3313164984
2421327743742, 3374343163
2425006993834, 3467504889
2428802842240, 3402308062
2432546562434, 3437012787
2436342716148, 3489433797
2440148492527, 3568821864
2444032298386, 3486200196
2447889358652, 3468210792
2451650820542, 3535066308
2455492478326, 3501673096
2459293676887, 3473264106
2463083655560, 3509401204
2466904996172, 3540343605
2470753723805, 3644995775
2474728169095, 3647531547
2478680692094, 3700585788
2482769393789, 3696851732
2486821286514, 3669804706
2490797146338, 3669695279
2494821401403, 3718099528
2498858905135, 3724906382
2502912488554, 3842434458
2507069891509, 3777971845
2511156823428, 3775145057
2515242263944, 3828240699
2519386175248, 3886740807
2523660072429, 3893736380
2527887711149, 3885554660
2532098973464, 3841022457
2536249143085, 3939278540
2540529890485, 3939137034
2544789547466, 3979087652
2549123468592, 3944806486
2553388934674, 3947634784
2557655632288, 3986062040
2562177904769, 3987577658
2566520089606, 4023030724
2570862199696, 4046460721
2575247372632, 4169791798
2579801728543, 4086711515
2584207489455, 4083050935
2588665929917, 4097049951
2593122707147, 4129751221
2597558686523, 4130853628
2602058262237, 4367424325
2606788872309, 4726555859
2611855266505, 4407112805
2616603069610, 4413620527
2621415466533, 4548408509
2626340797516, 4555420813
2631270106243, 4824985587
2636501372128, 4592086958
2641439363886, 4536589560
2646363609333, 4560297353
2651267674262, 4608145136
2656231489202, 4688819093
2661276295938, 4653679118
2666353959085, 4516605763
2671186180904, 4588265699
2676092591230, 4367800651
2680773083229, 4432284985
2685534149361, 4405765991
2690246861508, 4414021760
2694989110709, 4520872286
2699822048342, 4349673927
2704503050456, 4531860250
2709363001902, 4424776282
2714088419138, 4537950898
2718989237343, 4604288366
2723936475214, 4542779356
2728811402853, 4548119987
2733679655252, 4633429077
2738636241418, 4546156842
2743502850535, 4653618981
2748476852521, 4573396952
2753374417364, 4699604568
2758403816120, 4578638608
2763313024036, 4636758740
2768260146906, 4741345563
2773325333662, 4829121598
2778463339341, 4677207684
2783513645599, 4757336427
2788597698673, 4750654541
2793641253388, 4566583909
2798510036790, 4628713160
2803438698088, 4636246818
2808360341690, 4611887263
2813284525335, 4661971167
2818242255091, 4676437331
2823253441372, 4699864281
2828250743546, 4706411606
2833254397535, 4736837549
2838280123802, 4707946617
2843275698907, 4778539145
2848556890283, 4931503148
2853785169607, 4892030552
2858983421612, 4947760512
2864255459131, 4944565470
2869500964110, 4850934846
2874657591439, 5157000340
2880116589050, 4888562091
2885303245550, 5015516890
2890622485468, 5022965696
2895950409818, 5024724931
2901337149552, 5051436134
2906703327440, 5213137372
2912303338868, 9182080060
2921800711406, 5180881673
2927297298873, 5138430125
2932739743371, 5168443628
2938218617098, 5177039337
2943734576598, 5234111345
2949283803115, 5231448140
2954824514195, 5460447103
2960767224722, 5399263424
2966465394168, 5282554094
2972077559179, 5236223508
2977631490120, 5314107559
2983262089800, 5300635784
2988874746546, 5416191111
2994600587075, 5407707671
3000321114444, 5365076160
3006007099033, 5347668431
3011691733185, 5434926114
3017421331377, 5461411106
3023195708933, 5535302706
3029040571637, 5405237180
3034762204964, 9608871231
3044696906205, 5753408578
3050774013660, 5526855106
3056620359347, 5555297775
3062494765422, 5569529244
3068380088025, 5538215199
3074225031686, 5630908368
3080186228785, 5693262773
3086218722262, 5632938241
3092176664633, 5591740866
3098103700080, 5835484426
3104282336582, 5645220361
3110236114545, 5768387690
3116590492149, 5778671729
3122714229896, 5783872732
3128814015514, 5725617360
3134849903705, 5839602024
3141015282500, 5806948856
3147157018000, 5858707921
3153351535257, 5944323705
3159623964920, 6147871372
3166174235354, 6019438697
3172522217794, 6190223422
3179059103994, 6046271432
3185426811459, 6129606915
3192104131930, 6017950621
3198439077158, 6054502501
3204814011649, 6067826776
3211228867860, 6216962634
3217761587290, 5981823093
3224114354817, 6131001903
3230550096348, 5965845383
3236833690886, 6249334913
3243395527099, 6289224586
3249988558322, 6047964111
3256352329723, 6108359913
3262797756250, 6064112426
3269280160193, 6161724330
3275747831472, 6221245084
3282284896293, 6116405340
3288705224421, 6006460345
3295026661506, 6077191209
3301408482846, 6021008255
3307746546474, 6078769323
3314141290459, 6149542410
3320593268680, 6227388685
3327234817514, 6143703095
3333691307065, 6283492769
3340303899852, 6248426233
3346862581970, 6168523958
3353323929485, 6356711233
3360246745668, 6236871782
3366806170520, 6205220148
3373314278205, 6162990830
3379793541873, 6260242199
3386351135657, 6137112384
3392777431908, 6465208117
3399570671018, 6535903866
3406397136777, 6397875777
3413107724665, 6618919815
3420100127095, 6488037981
3426909538750, 6531077017
3433800794409, 6454667419
3440597843646, 6556250325
3447694775649, 6642908440
3454665477878, 6496438533
3461529822316, 6541567763
3468453548020, 6619312660
3475442078733, 6656077796
3482480787431, 6648684241
3489456585256, 6634907940
3496446788396, 6716968718
3503474168340, 6808396373
3510590857672, 6656134126
3517576867428, 6700552580
3524584805789, 6712827389
3531620247457, 6702385805
3538647689016, 6736782397
3545716911988, 6715987590
3552735576520, 6786301504
3559850719980, 6776329533
3566947931729, 6845250409
3574089623006, 6786185580
3581210231088, 6765979234
3588300080524, 7340719923
3595954116456, 6936871971
3603198443544, 6882368259
3610399032293, 6930783663
3617644570282, 6943809805
3624943366437, 7165670692
3632431768492, 7026208341
3639793404328, 7024878355
3647239660650, 7121037221
3654720134462, 7099736040
3662129572893, 7120302400
3669598422677, 7122870007
3677082001707, 7112131855
3684505467262, 7060231006
3691875005268, 7057319361
3699250264051, 7253172786
3706933003584, 7121570554
3714356134212, 7119679950
3721804190537, 7064246066
3729233148975, 7078249126
3736605403072, 7165765007
3744061709637, 7194446422
3751606925138, 7229271533
3759223414229, 7412940353
3766963879932, 7455209039
3774766455169, 7368553439
3782444606453, 7271766791
3790100366292, 7279239627
3797696246647, 7370164477
3805369485585, 7281212861
3813031931148, 7314882241
3820888711611, 7399969542
3828589830152, 7620742187
3836662757293, 7769761079
3844750529213, 7788296484
3852864843829, 7475757041
3860855570912, 8109747665
3869304123009, 7629523384
3877245710465, 7766140411
3885569733360, 7625656062
3893540479526, 7910389776
3901797450351, 7651682375
3909796814214, 7868096101
3917967897369, 7741903093
3926036576440, 7901718610
3934295385289, 7588165522
3942298257744, 7592866601
3950228284556, 7555100036
3958131184999, 7718252410
3966168218971, 7666837476
3974145594061, 7701851743
3982172195554, 7648810830
3990137434522, 7712904458
3998178706690, 7702095423
4006184875369, 7645816166
4014152734401, 7815119420
4022280437244, 7953110572
4030549502433, 8081568800
4038943859203, 8013363703
4047258589043, 7905918037
4055500928738, 7916682162
4063727267181, 8095302697
4072178010575, 8106630696
4080603083934, 8207133307
4089148510646, 7988926788
4097463626978, 7908129791
4105936051732, 8006515994
4114255268342, 8045490149
4122603070025, 7895309209
4130838823406, 8212475838
4139427163392, 8060431369
4147843735344, 8118120788
4156287837218, 8036105497
4164627889964, 8164757367
4173104136817, 8116712382
4181527803818, 8218366345
4190067347463, 8059100099
4198429245354, 8068730003
4206822296380, 8062938823
4215202752398, 8286928574
4223850112315, 8008507783
4232170818537, 8153989016
4240654168273, 8256388317
4249233186365, 12336639906
4261889111553, 8338008083
4270548625290, 8171890638
4279034118666, 8539824209
4287913827644, 8214054922
4296440877085, 8583997510
4305355941384, 8332702348
4314029421751, 8919298480
4323273071582, 9047005643
4332639489549, 8850000972
4341854744738, 8707683293
4351001964635, 8904454782
4360239000754, 8673875483
4369230527869, 8551198881
4378106721134, 8457467972
4386900608600, 8414202511
4395649542952, 8606642164
4404577216214, 8624071354
4413534109598, 8577043079
4422558639698, 8665002316
4431531336695, 8650585407
4440495940852, 8657065533
4449520324548, 8715166871
4458696935169, 8734787616
4467765598250, 8775271252
4476861547363, 8705117317
4489921022787, 8762275613
4499220215858, 8606818906
4508205742405, 8647688137
4517197522281, 8631050640
4526349788307, 8774438144
4535427185076, 8795306681
4544553846376, 8675372554
4553606436892, 8575436577
4562579283447, 8863874038
4571802306832, 8780071722
4580964288616, 8937883831
4590332796099, 8918703723
4599658011963, 8792946118
4608778730103, 8969241006
4618368808930, 8921378452
4627740772263, 9226788647
4637597888467, 9402291494
4647319146143, 9142234865
4656804438882, 8936308630
4666107775542, 9127677631
4675752603988, 9034662219
4685109199007, 8926298224
4694387801235, 8991034896
4703752777268, 9147816204
4713215733217, 8883381241
4722473878222, 8951155583
4731765276275, 8909017927
4741038804623, 9132993778
4750506910001, 9149867656
4760151322527, 9358671098
4769946968768, 9445665692
4779736664647, 9107816466
4789369965717, 13161064791
4802842158031, 9312292901
4812547635372, 9030908793
4821887508865, 9109325606
4831299035171, 9192997046
4840976903569, 9348490507
4850693963585, 9283383289
4860300119112, 9173375272
4869778811002, 9291596124
4879388416070, 9569913828
4889275776084, 9473057520
4899071868951, 9528946908
4908909176102, 9680537117
4918906980745, 13342181067
4932556132114, 9341084018
4942200896972, 9209989129
4951716269681, 9244486819
4961285031854, 9321506219
4970902864273, 9331577482
4980561097518, 9321642030
4990222162245, 13685215885
5004227462357, 9369633344
5013927553430, 9540012658
5023964229626, 9353843750
5033637475381, 9568859691
5043525463094, 9577730637
5053396387504, 9484120328
5063191657603, 9400194522
5072908581958, 9372821401
5082676539842, 9749238945
5092754658953, 9475188723
5102563341935, 9642278864
5112520093564, 9930339850
5122819652938, 9746201992
5132875417748, 9621502541
5142901632527, 9639203302
5152834274532, 9598730079
5162746444123, 13674662037
5176765170158, 9635977516
5186720260215, 9794358812
5196828446285, 9801881966
5206940604960, 9860828727
5217108565583, 9855299639
5227283797912, 10129265894
5237768721230, 9815018831
5247874880101, 9717911212
5258058953547, 9785680246
5268143105738, 9892116517
5278356125930, 9935519992
5288591975553, 13862913619
5302817488457, 10181270180
5313359215968, 10281950469
5323960912971, 10178243515
5334477383381, 10048495997
5344859834790, 10244055913
5355437630848, 10502472637
5366272397849, 10071738748
5376660645089, 10118121312
5387114959385, 10102263021
5397582802965, 10088892511
5408009385749, 10113118635
5418441533667, 10159597343
5428929628621, 10226923417
5439477390812, 10324654762
5450165549369, 10318045417
5460827893576, 10230612631
5471385665742, 10425241649
5482118358827, 10383076012
5492818331100, 10205448502
5503532615016, 10550381576
5514406065540, 10249451726
5524976919628, 10158246768
5535461638859, 10331185358
5546154085409, 10450435116
5556924568483, 10373416295
5567602063780, 10350490635
5578271386291, 10425908677
5589032569999, 14364732556
5603706035894, 10275395311
5614287871207, 10266769123
5624860826375, 10321733361
5635513778303, 10383756868
5646193070718, 10342006344
5656840279941, 10399007818
5667567186252, 10615544204
5678539568304, 10763948370
5689601168223, 10567792298
5700536866912, 10620995642
5711460985571, 10674262971
5722486099215, 10595137417
5733390319031, 10434148551
5744123715110, 10377108506
5754941372076, 10452622955
5765698284784, 10523176243
5776534530855, 10521260997
5787376852538, 10627389730
5798320885834, 10765499793
5809385291110, 10655194635
5820358605120, 10917391806
5831596307988, 10626419105
5842540722044, 10933752488
5853847991626, 10821571970
5865083192992, 10599892224
5875982165022, 10698078712
5887000758198, 10727906679
5898030154042, 10724608367
5909077060422, 10988673230
5920394679211, 10816855772
5931528140141, 10721588110
5942553566421, 10889478591
5953751016128, 11054747234
5965111366223, 10898202945
5976320121420, 10773691268
5987440416651, 10837426514
5998582634262, 10978512787
6009873216180, 10851379728
6021034073351, 11137659779
6032480166468, 11045453568
6043834254916, 11273119762
6055440425157, 11256317620
6067039030928, 11622242638
6079012678585, 11437545381
6090756535741, 11235869343
6102347523490, 11275972985
6113978792041, 11168440041
6125476921691, 11257390437
6137037217601, 11258693561
6148650222924, 11315904841
6160290575532, 11296324049
6171920129698, 11164589624
6183414179987, 11314099381
6195033479464, 11391275039
6206752225796, 11470196590
6218534608078, 11933113122
6230815162396, 11646998025
6242772632162, 11346256359
6254417601939, 11313249894
6266048536359, 11277015035
6277640990866, 11471140854
6289447344322, 11315138823
6301062487222, 11506858540
6312863385444, 11525097593
6324746393798, 11413347593
6336464164869, 11405873280
6348182185841, 11382219672
6359889605368, 11502496771
6371702084083, 11549388645
6383590207887, 11771500690
6395679770820, 11816573208
6407825960061, 11497849529
6419640161230, 11603885093
6431591102042, 11583098628
6443483752282, 11557979185
6455433175417, 11763204599
6467539451484, 11638413701
6479572847082, 11698038167
6491653967242, 11642593312
6503618561151, 11732185936
6515660553515, 12224702631
6528201202587, 12173597913
6540748412468, 12145193112
6553235256750, 12865226800
6566460126556, 12009396264
6578829875320, 11814903592
6590965121456, 12069332340
6603344826324, 12104940898
6615743977450, 12659689734
6628730516020, 12385461771
6641692223260, 12311176131
6654319031510, 12092995805
6666725695525, 12245330016
6679320346934, 11930035041
6691572322508, 12039960408
6703972609729, 12146241319
6716470587908, 12186713356
6728980493462, 12800937201
6742124302982, 13272641718
6755727039621, 13023710751
6769099780389, 12439324464
6781886635559, 12460734575
6794673726815, 12408438938
6807427843558, 12116947991
6819880499756, 12736202692
6833148256171, 12359822286
6845816756916, 12130651087
6858305793551, 12287363215
6871005375839, 12542088493
6883869408558, 12356352931
6896552923030, 12386726211
6909251210920, 12313864215
6921976296631, 12444788275
6934736658655, 12248065422
6947329307855, 16311670068
6963964939970, 12357193425
6976641598886, 12457934631
6989428773838, 12293011470
7002033522241, 12432768389
7014780469086, 12538068459
7027632639974, 12546359586
7040529815141, 12592656220
7053443514899, 12853530401
7066608749414, 16601425023
7083583424604, 12584432980
7096504378035, 12541418521
7109366182488, 13022894883
7122703998961, 12575563246
7135589323319, 12627117479
7148531678698, 12472982262
7161366506192, 12453820009
7174186724024, 12630017618
7187140633214, 12600224574
7200097281853, 12608288370
7213021574672, 12689384752
7226043925106, 12608513882
7239165725403, 12767947879
7252267587910, 12789169074
7265374062918, 12742281762
7278537164165, 12816410513
7291669318896, 12856197364
7304845599381, 12751134301
7317962387608, 12717015589
7331044286115, 12768054396
7344133966509, 12727215084
7357188938055, 12844387983
7370375364095, 12752812312
7383441736863, 12828906936
7396602743544, 12841886135
7409777531179, 12746954241
7422881929216, 12729384242
7435938164643, 12777097117
7449037501637, 12944487226
7462306979259, 12699048045
7475328603171, 12753991482
7488403461849, 13246535488
7501980881760, 12953601535
7515303570349, 12960009133
7528583847440, 13024193153
7541926400728, 13183173761
7555424861034, 12948181997
7568676997482, 13071548674
7582108111167, 13021766071
7595441941051, 13169635063
7608930059841, 13212040574
7622454158998, 13285586483
7636053944529, 13355877875
7649729579393, 13327322111
7663381908140, 13371516801
7677126221616, 13222599052
7690655307871, 16749758707
7707703045850, 12768510302
7720771471554, 12874191786
7733929222634, 12865736070
7747091593108, 13189802867
7760608188211, 13548548063
7774477619900, 13319911099
7788142971904, 13413270691
7801878788821, 13444324399
7815648188037, 13391587277
7829434669634, 13384699310
7843130723558, 13237028974
7856683196007, 13227404328
7870253799600, 13827383793
7884405833550, 13432155572
7898148422072, 13616664713
7912122827407, 13512746891
7926055592361, 13651769480
7940069132557, 13600728655
7954002874491, 13728484897
7968027179208, 13934370809
7982307599410, 13768085977
7996467009356, 13642858193
8010443090120, 13487558347
8024261992637, 13500805291
8038064866237, 13750262997
8052126523460, 13491153000
8065955177972, 14101674256
8080404279034, 14482407905
8095305076203, 14164647783
8109835273906, 17907779353
8128059190779, 18314677087
8146760778324, 14187151732
8161284434440, 14304335253
8175917931975, 14327429100
8190580035866, 17919375655
8208822415380, 13837188996
8222982993788, 13850626319
8237193688271, 13779059808
8251301896491, 13769694000
8265398593909, 13781106992
8279502491285, 13712195134
8293623041465, 13793555675
8307741456578, 13913139040
8321934091032, 13578879934
8335818520029, 13567638069
8349740468853, 13559723993
8363603073373, 13977462089
8377909763186, 13997121756
8392249569588, 13930221286
8406497393281, 13931100236
8420740426282, 13992331425
8435108469283, 13909104584
8449342695155, 14279936440
8463951570054, 14114403873
8478373701541, 14148718225
8493050478188, 14091501123
8507455467695, 14135903846
8521947903727, 14214834818
8536493750164, 14607020938
8551426386770, 14414479216
8566183491695, 14133661976
8580627195289, 14029214372
8594990143513, 14320135695
8609625665800, 14119138625
8624062019594, 14320734339
8638705884580, 14598148621
8653633489494, 14588739603
8668539751350, 14354749105
8683204657718, 14298117175
8697840108283, 14339262539
8712494426569, 18505420568
8731317353560, 14460696796
8746094532233, 14339458890
8760749204230, 14660659113
8775727710561, 14617456904
8790672870107, 14587928778
8805600298205, 14460582419
8820417489802, 14658697801
8835377929340, 14559832408
8850242122836, 14492984814
8865053013846, 14472771611
8879829891223, 14493079327
8894635138644, 14432220782
8909369711490, 14616708286
8924327895071, 14938504510
8939587425204, 14962663486
8954876582288, 14662300239
8969856660812, 15076476191
8985264333830, 14750092062
9000347494381, 14897835768
9015598685021, 14858187860
9030766612140, 14821517769
9045926042362, 14910772429
9061249388832, 14985960546
9076546188721, 14800729511
9091650928622, 14884922266
9106854370985, 15075189373
9122259091392, 14866967460
9137447229910, 15014188574
9152827337995, 14970676953
9168147868708, 15286302304
9183813861906, 15474427747
9199616391403, 15467907307
9215409110049, 15581326133
9231345605729, 15258866947
9246917478725, 14883041808
9262147801839, 15005859909
9277504121030, 14889397821
9292710137810, 15278745354
9308379487685, 14944373780
9323663929811, 15068692084
9339169219126, 15073524159
9354578571168, 15500706992
9370391431028, 14988433497
9385700929245, 14978707054
9400982556690, 19033028392
9420330301380, 15522276268
9436193845839, 15497889338
9452008731508, 15565816969
9467957849598, 15317710015
9483579165036, 15155113470
9499051541669, 15367050113
9514725989085, 15187215421
9530220596188, 15225883432
9545768369297, 15145396309
9561274133643, 15572612629
9577164179134, 15409474974
9592884564863, 15154166820
9608344686711, 14935890221
9623601173117, 14989619307
9638897647937, 15299273082
9654493165220, 15311642244
9670118437785, 15343434661
9685769074964, 15224871208
9701355755006, 15561650794
9717241778090, 15177700202
9732750232634, 15377041121
9748550836977, 15375395193
9764253033790, 15566129303
9780172091545, 15564248305
9796125316535, 15865041255
9812315522978, 15356175554
9827976765545, 15333210839
9843668742135, 15498314557
9859799316870, 15633031036
9875769494272, 15562878527
9891640660995, 15775045151
9907754729271, 19881079913
9927968811135, 16028167906
9944314033041, 15843182786
9960511019675, 15923295113
9976749852349, 15937885323
9993003834067, 15990315883
10009306304357, 15977786980
10025589830710, 15591012710
10041633966123, 15634623933
10057603272384, 15729904985
10073630298862, 15837682408
10089778385690, 15902501846
10105985200787, 15714376177
10122052351797, 15721526946
10138087088726, 15747548911
10154156805825, 15959169797
10170419887405, 15989981995
10186717526412, 16011772489
10203208608520, 15977719076
10219512614145, 16307297545
10236136118870, 16214864103
10252787719947, 15958122937
10269034710485, 16080937978
10285456384019, 16193431633
10301968476637, 16136481941
10318408910797, 16187258469
10334896279189, 16123559459
10351356929050, 16922715346
10368588070630, 16611646719
10385527071390, 16831344359
10402668235494, 16887881515
10419931559988, 16992625485
10437232695190, 16760123907
10454324836054, 16434940144
10471071538454, 16028306567
10487408976015, 16174364822
10503904152330, 16219695917
10520460277458, 16814384334
10537603566024, 17141997259
10555072139205, 16995642145
10572417140148, 16764424533
10589538507931, 16412842740
10606259376615, 16573893051
10623182014963, 16474229658
10639956583887, 16691797352
10656985276256, 17369357325
10674703943097, 16577739333
10691592099305, 16689174210
10708586568526, 16675001066
10725582758116, 16429581347
10742321645133, 16401924746
10759031548531, 16710322358
10776052210523, 16551225892
-------------
---commit---
1993310760714, 226317023
1993773710254, 299006403
1994553810000, 264720458
1995542184493, 246052069
1996551651728, 257543290
1997549422651, 265200415
1998534647383, 248783745
1999531599782, 224003276
2000555110751, 263747001
2001542334745, 334305119
2002552235616, 302194901
2003545020140, 250527033
2004543826897, 266532275
2005554452422, 322030328
2006584171610, 258051543
2007554569135, 261021747
2008542779108, 262214025
2009546941354, 244139351
2010551915872, 268602711
2011553883553, 252081474
2012562747280, 211908537
2013557935145, 255679674
2014546307559, 250041212
2015548359187, 258422817
2016553369863, 248508779
2017551773365, 241864469
2018540658606, 254369069
2019543083651, 227745494
2020548110481, 251378513
2021630938622, 254498657
2022739301103, 273060208
2023729853229, 254716508
2024693477012, 254004253
2025686202909, 273709306
2026744812364, 251354289
2027810311857, 255251561
2028996872221, 271417563
2030056249800, 248311685
2031104526591, 277407993
2032215365607, 286037239
2033382824189, 254457103
2034525404821, 258148756
2035685898535, 238195461
2036823000904, 245774711
2038004830255, 238043920
2039201045865, 261727492
2040441513409, 252333441
2041655002335, 313800056
2042982606992, 321474330
2044313801726, 255647201
2045631955934, 262319336
2046915260194, 255384879
2048227632449, 268436228
2049608615169, 438949559
2051209181902, 260815903
2052614205635, 247215771
2054000444978, 280865739
2055398894222, 298802974
2056846135968, 245038062
2058264539174, 248533496
2059724737488, 234478289
2061158075905, 283673935
2062701167675, 278099226
2064237383533, 283865463
2065766779987, 249677962
2067356620531, 241451386
2068938630721, 242225629
2070512595996, 248384047
2072071964680, 262010399
2073705327971, 253643268
2075363290459, 257056794
2077017011908, 249978363
2078685942232, 276003305
2080456085986, 285938466
2082181245430, 237780108
2083866828813, 255752730
2085599458262, 242537260
2087278337197, 238944295
2089019969404, 239267741
2090879992451, 333497745
2092702669436, 289964730
2094502440481, 246789386
2096278658492, 283436378
2098123771829, 252287365
2099999534138, 249735247
2101807138114, 250576982
2103669222427, 252683458
2105555667038, 257870548
2107500182999, 273329002
2109429183786, 243395102
2111401553210, 246856141
2113339233886, 239185706
2115310595937, 242089763
2117386162820, 237576064
2119398037673, 233365271
2121373474944, 247496919
2123404432283, 239717526
2125511508067, 237487585
2127583560665, 247590167
2129628216573, 281446011
2131759685719, 246247867
2133944236100, 422215519
2136288344652, 253254774
2138435400567, 251066165
2140564972311, 249254140
2142722115565, 239297032
2144919550869, 234194457
2147107130457, 243008753
2149306247319, 244691151
2151530979441, 278065445
2153827794677, 247996867
2156091958997, 247553795
2158485113799, 283225790
2160817456482, 277011110
2163227962522, 255393752
2165591620913, 239259546
2167909641451, 282611878
2170333707219, 244027192
2172757571200, 243797084
2175176981749, 319140344
2178135496649, 256492912
2180946119378, 263547409
2183488976273, 260641678
2186045008154, 267042398
2188595241168, 248336110
2191170980846, 255465861
2193833778349, 251289184
2196411829743, 255374634
2199076056264, 351131103
2201860878858, 241942497
2204480466326, 248533509
2207169173040, 243066906
2209878699679, 259738050
2212545256232, 301630521
2215307871718, 243491762
2218023743454, 256718270
2220789598030, 252123275
2223559039155, 246416527
2226305938642, 258096890
2229172398296, 267564980
2231988195685, 255075572
2234802939022, 246417936
2237655403969, 242245535
2240563238691, 238008762
2243375289181, 258189421
2246287575327, 260755751
2249123547306, 264017568
2252001045862, 250464509
2254904522883, 244450340
2257849721495, 272598549
2260761899491, 239701821
2263652744759, 250100334
2266624313140, 267502190
2269581378908, 246675495
2272529094643, 250996161
2275598712434, 251384060
2278637994589, 279386304
2281723930380, 264404706
2284810904803, 255426294
2287839478260, 257171349
2290926032774, 248198609
2294009614252, 259608580
2297147425403, 364152617
2300553289172, 250850775
2303685369610, 252005510
2306839501082, 250139929
2310053849760, 256611935
2313210528981, 246258542
2316458131835, 252391960
2319672051758, 252073307
2322894281593, 256247031
2326183240877, 244481120
2329465542307, 294234002
2332773767041, 245651721
2336051073280, 256823054
2339402011510, 257886150
2342778546600, 244900252
2346095294393, 240123851
2349469103373, 237790534
2352786291712, 245308267
2356223111755, 245617180
2359741415282, 332114705
2363236834848, 259021255
2366694297883, 265060908
2370281670849, 254576556
2373782587493, 259401361
2377354653979, 290553185
2380968088587, 299432653
2384543909106, 259293789
2388115798464, 238612294
2391607381835, 268847188
2395189466510, 239569040
2399013355761, 333927528
2402818974602, 250920278
2406494878684, 253262642
2410223485619, 252738838
2413842463311, 248082219
2417453778506, 257013714
2421090055224, 237556176
2424766775972, 240080074
2428536066437, 266637535
2432273218861, 273207619
2436079812201, 262756543
2439897693500, 250602879
2443780198999, 251881854
2447588877379, 300345370
2451419671056, 231017329
2455247511130, 244837687
2459057625106, 235925282
2462839512145, 244011960
2466655540380, 249342665
2470508220583, 245391286
2474464750263, 263300420
2478435819963, 244735712
2482502554664, 266711939
2486546682861, 274490262
2490550639319, 246394131
2494531321822, 289944157
2498605299152, 253489294
2502655383347, 256971672
2506824385912, 245363690
2510915312958, 241393807
2514999973397, 242167483
2519130362147, 255683155
2523361699035, 296055744
2527618231410, 269344075
2531840614098, 258227762
2536003245360, 245757875
2540280948544, 248800402
2544542686011, 246689842
2548842993618, 280337610
2553132146705, 256656590
2557405430679, 250083574
2561774632165, 403132051
2566232626037, 287269853
2570614268948, 247801466
2574971835652, 275407142
2579541506791, 260091851
2583955953335, 251405909
2588352435564, 313362475
2592829595353, 292996174
2597315840931, 242757494
2601755356097, 302780773
2606524211408, 264534746
2611596701222, 258452173
2616337382246, 265591009
2621088869505, 326497455
2626067083147, 273601191
2630975304318, 294709241
2636182443644, 318833297
2641173387360, 265847379
2646074980075, 288435202
2650993426223, 274027851
2655950243931, 281023726
2660998894427, 277079076
2666013755693, 339842638
2670934396288, 251637548
2675841035875, 251508559
2680525227674, 247295845
2685268237197, 265868839
2690006219693, 240601085
2694744730356, 244342631
2699577545223, 244463984
2704263856741, 239154074
2709110534991, 252393202
2713847293800, 241085064
2718725742989, 263423965
2723662200810, 274230967
2728554221674, 257112442
2733425420995, 254169050
2738384195345, 251977809
2743249304663, 253470172
2748227750401, 249038565
2753129488623, 244853244
2758142539664, 261203273
2763054720627, 258230975
2768016186765, 243913302
2773066230974, 259040301
2778219438794, 243839063
2783220589902, 292994674
2788340627898, 257016800
2793410204563, 231007703
2798271128437, 238866433
2803200259360, 238396137
2808138396472, 221899580
2813034722578, 249762186
2818007720480, 234493769
2822983005077, 270395195
2828013001251, 237676545
2833015348318, 239005699
2838053104263, 226977689
2843048711895, 226947325
2848324859753, 231988900
2853551863750, 233261354
2858744566044, 238809713
2863994465489, 260951901
2869264921711, 236001738
2874411957311, 245593784
2879876656589, 239892216
2885067099733, 236107203
2890380048548, 242369417
2895712341808, 238026006
2901049910529, 287183678
2906469135361, 234145516
2911980277706, 322989940
2921557532564, 242205057
2927044422877, 252837102
2932498062451, 241641220
2937968841306, 249699677
2943462483055, 272020722
2949044531829, 239228984
2954584147640, 240292375
2960412761170, 354393878
2966224628824, 240704379
2971806821623, 270666128
2977375698052, 255721794
2983010779984, 251241219
2988633488141, 241203951
2994355991514, 244521671
3000075163818, 245874630
3005751900381, 255129660
3011426343973, 265315808
3017193460503, 227799282
3022966916013, 228738345
3028795792928, 244711700
3034513511744, 248619891
3044439366366, 257472512
3050522757054, 251188280
3056365870738, 254428559
3062245057638, 249638096
3068129386078, 250637466
3073983000968, 241955495
3079929742181, 256393724
3085946997513, 271647592
3091945597602, 231027248
3097844870969, 258788223
3104002206215, 280064102
3109991852403, 244147299
3116334642753, 255775880
3122438295358, 275852692
3128577185922, 236759596
3134609321968, 240506372
3140753466055, 261750414
3146905885646, 251061395
3153082384866, 269081404
3159377495968, 246397941
3165919953417, 254212067
3172263291296, 258863616
3178778422951, 280641313
3185173888261, 252767662
3191848666513, 255393119
3198187176522, 251833590
3204564507281, 249437630
3210944553887, 284240335
3217509240450, 252276907
3223815962295, 298320178
3230310025183, 240015742
3236584361273, 249263897
3243153477613, 241979637
3249746166305, 242322757
3256098564313, 253696509
3262531528016, 266155976
3268935912171, 344175900
3275504921754, 242837447
3282033163009, 251661850
3288466684791, 238481304
3294778005106, 248617299
3301170521572, 237903469
3307494947426, 251560591
3313892768046, 248466881
3320357082920, 236114056
3326891518884, 343226030
3333443130149, 248110813
3340048886863, 254925152
3346613471563, 249065254
3353091837054, 232052669
3360013817356, 232884345
3366556925119, 249164105
3373069617175, 244622197
3379550770688, 242707403
3386114614023, 236475359
3392548442469, 228937651
3399332883683, 237681749
3406164990608, 232009404
3412856458694, 251122322
3419789107718, 310961309
3426652474284, 257012549
3433554816823, 245909638
3440322237848, 275555159
3447226892533, 467829781
3454403791929, 261615807
3461276688239, 253091526
3468136059217, 317436513
3475133208270, 308800795
3482179460578, 301258974
3489194500503, 262013287
3496178073636, 268660591
3503233302162, 240812379
3510344390406, 246394272
3517337901835, 238911210
3524341334697, 243416100
3531365697676, 254479793
3538385076354, 262559730
3545447035344, 269823587
3552496224579, 239287678
3559582069634, 268583268
3566703935414, 243942170
3573853945826, 235621831
3580956480319, 253694871
3588048226137, 251743813
3595709095024, 244951160
3602955436398, 242936467
3610145605473, 253374364
3617395115095, 249401602
3624683380254, 259932789
3632173295970, 258414517
3639521679844, 271661609
3646888986729, 350603445
3654456104642, 263975524
3661887211755, 242317593
3669315396194, 282972575
3676823617439, 258330281
3684259117437, 246250123
3691629483570, 245467667
3699002770820, 247437613
3706575639062, 357311326
3714116422294, 239657198
3721545968280, 258168213
3728932646654, 300448677
3736368677002, 236695527
3743833665820, 228008665
3751366379668, 240510894
3758901498661, 321883375
3766723745765, 240079905
3774518547984, 247840817
3782201401915, 243148192
3789781256887, 319056041
3797445432451, 250756310
3805131715370, 237717130
3812722049635, 309827935
3820413050974, 475607945
3828356235641, 233539729
3836280215392, 382488072
3844505924489, 244549340
3852606816891, 257974679
3860468143646, 387373333
3869050865423, 253206917
3876999292647, 246363075
3885142107778, 427573437
3893258798878, 281628949
3901536467423, 260929289
3909527709311, 269051393
3917729868620, 237975359
3925783266223, 253256435
3934003146766, 292186383
3941958635653, 339567942
3949979289828, 248938466
3957849286973, 281843303
3965917674533, 250491934
3973906290113, 239251957
3981913942332, 258210930
3989887415854, 249974923
3997913853577, 264803372
4005940455246, 244365624
4013897025519, 255658942
4022031273825, 249111386
4030299464105, 249984937
4038694847155, 248967801
4047015612394, 242928750
4055240603244, 260269681
4063481788112, 245442622
4071918057692, 259901496
4080353458387, 249569965
4088872179156, 276293302
4097202762369, 260811422
4105460203764, 475783342
4114008504031, 246715197
4122363541319, 239475934
4130566160011, 272609712
4139117982537, 309144436
4147556282861, 287415765
4156026852732, 260927397
4164386817602, 241021454
4172857161091, 246918637
4181286054945, 241699715
4189819884957, 247407088
4198193250059, 235941417
4206563017542, 259228568
4214950588128, 252111524
4223590476127, 259586235
4231923479270, 247290177
4240394870738, 259237435
4248977511771, 255626087
4261641704918, 247354240
4270296747495, 251826198
4278784741152, 249322086
4287659423292, 254352787
4296196843147, 243977617
4305092700801, 263184109
4313777060635, 252307260
4323015120727, 257899939
4332381481135, 257953774
4341553999362, 300693814
4350639137966, 362766215
4359993626916, 245326331
4368976796263, 253677401
4377845812754, 260847043
4386636959602, 263597374
4395391468095, 258024545
4404320818547, 256337626
4413267554215, 266501586
4422246387346, 312197970
4431294772896, 236510826
4440248246215, 247638757
4449215178240, 305094476
4458367176895, 329705900
4467502672863, 262871647
4476603112890, 258378419
4485641748272, 4279221819
4498747222408, 472938333
4507952037731, 253651101
4516953719202, 243748178
4525894843614, 454886237
4535185542385, 241587682
4544292552620, 261246685
4553345329876, 261050909
4562246220602, 333008955
4571566070625, 236182142
4580657775403, 306453727
4589961796412, 370945308
4599337803455, 320155423
4608512843796, 265829388
4617814600948, 554154823
4627421138962, 319579666
4637098826248, 499008576
4647067566302, 251524519
4656525620463, 278697796
4665863920513, 243727194
4675360637642, 391910763
4684851869271, 257277311
4694155780553, 231966429
4703446813102, 305905950
4712960687414, 254992501
4722161762126, 312055193
4731502961785, 262259976
4740734357866, 304387009
4750235947953, 270910092
4759718300198, 432967633
4769571375749, 375535990
4779457888447, 278714619
4788978611923, 391301513
4802597039049, 245064266
4812272837107, 274746803
4821643036096, 244418942
4831060450372, 238532504
4840678662355, 298190612
4850455772268, 238136068
4860044293370, 255769677
4869536551725, 242205751
4879134465381, 253894263
4889025712181, 250012192
4898816615653, 255198032
4908661770279, 247351943
4918651303143, 255625019
4932315213663, 240865751
4941957689005, 243152190
4951481336862, 234881205
4961044623518, 240331380
4970669519187, 233291629
4980300671096, 260369520
4989950063567, 272046250
5003971513772, 255895419
5013669092529, 258411570
5023655570279, 308606533
5033402915115, 234507243
5043267449829, 257941739
5053163174897, 233145609
5062946957582, 244631160
5072659829932, 248697517
5082346312046, 330172150
5092490720367, 263886378
5102290625777, 272662608
5112273492626, 246533363
5122515188591, 304392636
5132636795979, 238544830
5142614440869, 287139213
5152605317973, 228907647
5162497240780, 249156805
5176490971939, 274141954
5186471544641, 248674880
5196583732625, 244649963
5206696111608, 244428588
5216866405090, 242110221
5227026618353, 257115992
5237479695946, 288956055
5247647095783, 227717415
5257717020157, 341868261
5267910625583, 232412892
5278098360439, 257622408
5288357933160, 233976272
5302518356788, 299065109
5313065365031, 293785075
5323704235499, 256612284
5334208064770, 269264536
5344591907826, 267876521
5355175766520, 261809240
5366027835575, 244506522
5376419435589, 241153585
5386842037184, 272871392
5397285008022, 297741190
5407734877523, 274457672
5418191269399, 250209683
5428672655104, 256921002
5439227045381, 250290890
5449863709292, 301791356
5460578935076, 248902201
5471124669744, 260941743
5481873341004, 244962494
5492570505872, 247778110
5503154200643, 378362607
5514159135873, 246874009
5524720573717, 256293501
5535211448769, 250137932
5545860850407, 293183352
5556669432846, 255081146
5567361854702, 240154000
5578014240531, 257092783
5588764905121, 267613120
5603463236635, 242750515
5614045594564, 242225021
5624616765380, 244024072
5635249185357, 264536408
5645963767423, 229251295
5656602641769, 237583259
5667309574766, 257555146
5678250949959, 288563542
5689371176517, 229938996
5700257554911, 279272067
5711219536618, 241399479
5722203945075, 282087629
5733145721360, 244542290
5743888291176, 235375767
5754565462327, 375859121
5765461753943, 236473372
5776292949471, 241529301
5787117448481, 259350250
5798063860909, 256972185
5809151966873, 233273193
5820102913088, 255640494
5831348321650, 247932505
5842288437296, 252238476
5853553067041, 294883246
5864819662118, 263495851
5875749552611, 232559234
5886750740358, 249963759
5897791408767, 238678737
5908819413825, 257593797
5920154455858, 240166387
5931283025291, 245061712
5942313343696, 240172571
5953505014973, 245945965
5964868499145, 242812998
5976074274646, 245793580
5987184727049, 255636261
5998339837819, 242744045
6009627868347, 245292570
6020798607363, 235410036
6032235095095, 245017126
6043592723588, 241474260
6055185611927, 254758383
6066765734253, 273240357
6078741215365, 271407768
6090512758363, 243723107
6102078445378, 269023675
6113726189263, 252535364
6125217221131, 259629126
6136797598113, 239549344
6148370479692, 279671418
6160036901416, 253599027
6171647062582, 272999639
6183146384952, 267724914
6194795145225, 238268884
6206490409620, 261749923
6218285503612, 249035557
6230549182287, 265911991
6242527247724, 245315793
6254183371189, 234163153
6265799023117, 249445496
6277404075642, 236846800
6289189116434, 258154140
6300830674505, 231745959
6312630393536, 232919928
6324472919265, 273419457
6336224029469, 240079229
6347936559611, 245572346
6359631771962, 257776755
6371457839783, 244193768
6383315046620, 275107947
6395425053619, 254665285
6407564950528, 260954654
6419392242630, 247864390
6431337245332, 253798169
6443241053418, 242648491
6455105933993, 327188801
6467284394578, 255003122
6479311483208, 261309527
6491342961959, 310952611
6503369961480, 248545188
6515410017787, 250481882
6527958517573, 242631343
6540453749407, 294611883
6552960365847, 274837308
6566175138318, 284936576
6578532071617, 297750635
6590709654431, 255416446
6603097076374, 247695380
6615514671849, 229255462
6628469525564, 260937612
6641183339177, 508836448
6654076200051, 242776406
6666478007729, 247618805
6679069675853, 250605081
6691320176917, 252076008
6703691442919, 281102207
6716206510894, 264013853
6728722321575, 258117496
6741871280204, 252970171
6755466252851, 260723203
6768821233488, 278495815
6781607743713, 278836871
6794419742388, 253926946
6807176675951, 251110571
6819624270594, 256173063
6832899898199, 248305856
6845570843486, 245861271
6858048268327, 257469924
6870661324260, 343998607
6883621321374, 248030927
6896296053512, 256817413
6909005684080, 245468936
6921634644169, 341598479
6934486237260, 250348099
6947051685611, 277578456
6963709999637, 254884456
6976386820338, 254724870
6989187237129, 241483803
7001788663344, 244808465
7014532079245, 248336033
7027386459992, 246140953
7040247460050, 282302776
7053189165772, 254296104
7066360107386, 248589836
7083315107439, 266759713
7096235661349, 268664580
7109109017222, 257126960
7122460621504, 243322828
7135344809659, 244461255
7148281342111, 250283534
7161077758848, 288694231
7173887567891, 299101811
7186885035935, 255544136
7199822548684, 274677228
7212769064859, 252457829
7225781416615, 262452698
7238788127301, 377545530
7251997359513, 270174684
7265120395716, 253615062
7278185089970, 352019369
7291422911225, 246351849
7304593341071, 252206088
7317658136433, 304200427
7330804874293, 239356454
7343884351546, 249559602
7356941740647, 247144965
7370100621567, 274688331
7383188664786, 253016788
7396338849270, 263839310
7409508898120, 268574227
7422628677149, 253201263
7435683676682, 254434733
7448779769183, 257684769
7462064062233, 242861564
7475075387872, 253160307
7488139312164, 264095810
7501717006753, 263818592
7514998362769, 305155306
7528326215465, 257581081
7541668773823, 257572471
7555181386493, 243419982
7568436250121, 240693674
7581816416506, 291643321
7595197145763, 244740461
7608676774099, 253232140
7622208514122, 245589207
7635803013393, 250878651
7649475511027, 253992284
7663130868191, 250986082
7676818466292, 307701688
7690408689773, 246563226
7707467212269, 235780620
7720529606337, 241811050
7733706153844, 223016037
7746856959387, 234579983
7760352182725, 255951474
7774228652477, 248912260
7787857555021, 285362526
7801625674388, 253062235
7815393782331, 254350165
7829125755860, 308861530
7842885830842, 244835613
7856435012032, 248124801
7869990995543, 262750168
7884150204842, 255577592
7897901154843, 247212027
7911842148897, 280626822
7925761018357, 294519542
7939777442862, 291636818
7953737269383, 265551779
7967796542868, 230576056
7982056551502, 250993341
7996141215139, 325743299
8010206301653, 236731250
8023994547168, 267388673
8037828194876, 236612846
8051880821012, 245647026
8065686764682, 268354372
8080126875689, 277350461
8094957057488, 347963516
8109537059235, 298161390
8127806820353, 252314260
8146504670069, 256052623
8161013431502, 270945589
8175658392558, 259486986
8190320168512, 259784420
8208566545794, 255817966
8222726960803, 255973433
8236900510029, 293120079
8251046959312, 254881844
8265141649828, 256883839
8279257380972, 245055244
8293279647897, 343338702
8307475724507, 265674737
8321714240547, 219798812
8335573162871, 245300273
8349452276236, 288139504
8363362615127, 240400754
8377645131256, 264571344
8391974185532, 275328363
8406243070611, 254269057
8420493438238, 246934177
8434802988548, 305424363
8449097989365, 244650059
8463685408323, 266110570
8478130228461, 243419797
8492726054699, 324371055
8507206410155, 249002169
8521665018338, 282833166
8536227222612, 266473503
8551170584133, 255748562
8565903363058, 280070520
8580379029333, 248113283
8594730836899, 259249033
8609370527243, 255086782
8623810846253, 251116331
8638445287582, 260540522
8653367242837, 266190186
8668287113883, 252582516
8682961581585, 243020139
8697570581942, 269471137
8712246934376, 247431369
8731061676927, 255620810
8745845190860, 249284985
8760497470390, 251677442
8775479055157, 248599026
8790415370629, 257446075
8805321853232, 278388319
8820142867960, 274569245
8835139876150, 237995592
8850003332620, 238733930
8864800416491, 252539241
8879590584130, 239250072
8894386192793, 248890161
8909137030918, 232623254
8924073300472, 254537874
8939334441537, 252930540
8954623660501, 252868168
8969605506540, 251100628
8985000304927, 263970198
9000086556488, 260883871
9015320374611, 278257601
9030522004372, 244554310
9045650089543, 275897031
9060952643376, 296691614
9076304338425, 241793240
9091411692368, 239179088
9106608890353, 245423877
9122003278702, 255743360
9137193336757, 253835966
9152562198510, 265088455
9167862144581, 285645486
9183536449909, 277358771
9199355963225, 260370641
9215152285259, 256770547
9231061479998, 284070546
9246663413324, 254011457
9261885900761, 261844847
9277220147648, 283920385
9292460620161, 249460607
9308051668100, 327765315
9323391948469, 271925199
9338856814851, 312348222
9354307731986, 270783067
9370144654291, 246738179
9385445127784, 255748355
9400741174917, 241328173
9420079381303, 250863076
9435946453697, 247338473
9451757229722, 251447314
9467679535091, 278263647
9483335365084, 243758741
9498799680720, 251808554
9514482578177, 243356540
9529979281581, 241259913
9545511523387, 256789439
9560995752080, 278340507
9576913781829, 250338706
9592640445398, 244062831
9608101269963, 243373407
9623344209104, 256915842
9638652776932, 244812147
9654260476197, 232628870
9669868539243, 249843969
9685528488923, 240538529
9701055962385, 299740631
9716979200106, 262525850
9732497987202, 252188716
9748212332814, 338455684
9763994298593, 258677423
9779883930414, 288110921
9795799204142, 326056535
9812056860409, 258611451
9827737201116, 239510395
9843399259575, 269427480
9859287157362, 512103149
9875495691654, 273752427
9891390927737, 249676267
9907483075703, 271593922
9927698303642, 270450789
9944067772148, 246206782
9960228774543, 282190141
9976496095208, 253704240
9992758414641, 245359520
10009056329703, 249921227
10025349015903, 240759647
10041331701702, 302209381
10057329635953, 273579838
10073397333783, 232915090
10089539113758, 239214109
10105742512004, 242635778
10121804776086, 247519030
10137840489841, 246543503
10153896235987, 260515652
10170182504004, 237329805
10186474525152, 242947551
10202796434578, 412120746
10219249960163, 262601237
10235887952726, 248114159
10252540468197, 247195091
10268808350948, 226305626
10285184551262, 271776687
10301723588859, 244821299
10318169710789, 239143901
10334659502651, 236722104
10351086648335, 270223630
10368343373317, 244599422
10385266698664, 260315924
10402420844630, 247336741
10419623942794, 307562838
10436992467781, 240170960
10454059905918, 264872393
10470828764305, 242721955
10487164459055, 244462276
10503651515189, 252582457
10520190972966, 269248626
10537346279396, 257235045
10554816252654, 255830385
10572134435711, 282636145
10589276492791, 261964264
10606012901022, 246424257
10622900923642, 281037462
10639720212804, 236336025
10656713472593, 271748962
10674452892603, 250997425
10691351702183, 240343388
10708345652403, 240866373
10725329502993, 253198527
10742076393520, 245196917
10758788319020, 243175825
10775811074723, 241083789
10792671954026, 255164401
-------------
--------->>>>0<<<<---------