---updates---
19233952633169, 63983240
-------------
---reads---
18953004285811, 16730304671
18990489987153, 16426621723
19026950323307, 16610360493
19065070094605, 17365736801
19105619210550, 16943294167
19148324156228, 16905337636
19190018942044, 17605000434
19278038408794, 16748940502
19322871657679, 17973678649
19370885545231, 17123144185
19417394804409, 17454357612
19466155073723, 17465199595
19517553798580, 17932624596
19570460969640, 17791465048
-------------
---init---
18933003110694, 20001175117
18969824778068, 20665209085
19006987878107, 19962445200
19043645106280, 21424988325
19082514146524, 23105064026
19122631506120, 25692650108
19165296622084, 24722319960
19207700100587, 26252532582
19252117485156, 25920923638
19294860093993, 28011563686
19340913806727, 29971738504
19388079006428, 29315797981
19434925197113, 31229876610
19483692087764, 33861710816
19535563660898, 34897308742
-------------
---commit---
18969734590482, 90010522
19006916608876, 71122083
19043560683800, 84279589
19082435831406, 78259351
19122562504717, 68922734
19165229493864, 67072293
19207623942478, 76048719
19234016616409, 18100809527
19294787349296, 72692145
19340845336328, 68415778
19388008689416, 70269943
19434849162021, 75982593
19483620273318, 71774693
19535486423176, 77187167
19588252434688, 78036620
-------------
--------->>>>0<<<<---------