---updates---
958435540385, 179372143
1173726474665, 859066791
1218876072699, 719114554
1313981945435, 619157592
1363340110677, 267732812
1414501595241, 108696791
1471085340257, 523340525
1521271745371, 332594098
1578820767185, 68582140
-------------
---reads---
883715275608, 16824943874
920987891282, 16680959339
997236021624, 17309189586
1036983204960, 17530271001
1085347678152, 18161379526
1129929570030, 17871391453
1265708373894, 19082060562
-------------
---init---
864825391687, 18889883921
900609732375, 20378158907
937738149749, 20697390636
975649604962, 21586416662
1014619931131, 22363273829
1054587504014, 30760174138
1103580598658, 26348971372
1147890292071, 25836182594
1192501703237, 26374369462
1237924652131, 27783721763
1284875706990, 29106238445
1333794134022, 29545976655
1384059815498, 30441779743
1439165731968, 31919608289
1488056890995, 33214854376
1545487572391, 33333194794
-------------
---commit---
900540219482, 69362786
937668850621, 69127438
958614912528, 17034547347
1014545211210, 74612252
1054513475961, 73959040
1103509057678, 71458755
1147800961483, 89249537
1174585541456, 17916116518
1219595187253, 18329402599
1284790434456, 85202927
1314601103027, 19192952623
1363607843489, 20451928358
1414610292032, 24555384806
1471608680782, 16448152107
1521604339469, 23883176337
1578889349325, 22594609316
-------------
--------->>>>0<<<<---------