---updates---
887007213570, 608371770
1000097566508, 498643404
1040754432744, 846517932
1086087493895, 757132945
1219805351188, 800853285
1313179351432, 415556390
1363115569257, 481881494
1467598634950, 65445741
1522792396426, 68765435
-------------
---reads---
924951309242, 16414366280
962160209811, 16647929965
1131197044671, 17881831726
1174847804730, 18198610679
1266176402330, 18621750065
1415002910890, 20345525532
-------------
---init---
864728834245, 22278379325
905099690548, 19851618694
941435609674, 20724600137
978884384325, 21213182183
1018394845258, 22359587486
1062082839920, 24004653975
1106043811535, 25153233136
1149150137037, 25697667693
1193121033109, 26684318079
1238818991379, 27357410951
1284876902393, 28302449039
1333560529819, 29555039438
1383852438279, 31150472611
1435426226554, 32172408396
1487593506288, 35198890138
-------------
---commit---
887615585340, 17483983350
941365675522, 69754797
978808139776, 76073934
1000596209912, 17798531703
1041600950676, 20481779505
1086844626840, 19199089153
1149078876397, 71184263
1193046415409, 74542430
1220606204473, 18212705464
1284798152395, 78725239
1313594907822, 19965572479
1363597450751, 20254950439
1435348436422, 77745784
1467664080691, 19929380688
1522861161861, 22133903673
-------------
--------->>>>0<<<<---------