---updates---
883642053093, 960569047
957892753819, 718699447
1036037468585, 127987039
1079125495033, 469644632
1128994270509, 609961385
1313475619802, 132372650
1414676173697, 1921920657
1580425695666, 62401611
-------------
---reads---
920741383143, 16654413279
996651629665, 17019537044
1174448773077, 18262060545
1219446706243, 18531286520
1265638801494, 18943922675
1363640031060, 19866116893
1471115750112, 20642386397
1524446946387, 21868977857
-------------
---init---
864839659395, 18802393698
901332685059, 19408698084
937474824120, 20417929699
975380425931, 21271203734
1013743083200, 22294385385
1055360432495, 23765062538
1103950088746, 25044181763
1148766166390, 25682606687
1192774005799, 26672700444
1238049016406, 27589785088
1284652464931, 28823154871
1333360686305, 30279344755
1383580315663, 31095858034
1438909089355, 32206660757
1491827782775, 32619163612
1546399311350, 34026384316
-------------
---commit---
884602622140, 16729955426
937395796422, 78894555
958611453266, 16768784601
1013671166709, 71779792
1036165455624, 19194866401
1079595139665, 24354857244
1129604231894, 19161869054
1192710833622, 63117607
1237977992763, 70977456
1284582724169, 69674286
1313607992452, 19752650438
1383506147953, 74111639
1416598094354, 22310957214
1491758136509, 69592611
1546315924244, 83344530
1580488097277, 21183544552
-------------
--------->>>>0<<<<---------