---updates---
887699791086, 908250665
925781681972, 68417983
965050564446, 553558844
1215988072392, 84217346
1306417044835, 65356740
1354216382639, 389543268
1401530466368, 66120888
1454284091303, 332975506
1510206194301, 391140436
1567493326774, 66734281
-------------
---reads---
1003700777365, 16707414689
1042712130162, 17338952154
1083926796198, 18135450380
1127014440635, 17818952849
1170729921497, 18399199247
1259467622175, 18651405646
-------------
---init---
864759443147, 22940347939
905938292935, 19843389037
944479924432, 20570640014
981969075806, 21731701559
1020505234519, 22206895643
1060124283156, 23802513042
1102164895127, 24849545508
1144914038768, 25815882729
1189228733783, 26759338609
1232377194135, 27090428040
1278194558278, 28222486557
1324591341662, 29625040977
1371248795734, 30281670634
1422642623265, 31641468038
1476721885368, 33484308933
1533891630664, 33601696110
-------------
---commit---
888608041751, 17330028538
925850099955, 18629635519
965604123290, 16364687074
1020408192054, 96901171
1060051082316, 73141883
1102062246578, 102561908
1144833393484, 80589069
1189129120744, 99548433
1216072289738, 16304857394
1278119027821, 75461962
1306482401575, 18108875867
1354605925907, 16642821321
1401596587256, 21045993348
1454617066809, 22104764222
1510597334737, 23294253916
1567560061055, 18494913710
-------------
--------->>>>0<<<<---------