---updates---
883443414427, 147620449
1118391428045, 200105989
1250949070719, 650498031
1297296908808, 313085728
1396517296575, 61767711
1452707000152, 890063610
-------------
---reads---
920019521073, 16630209196
957346739537, 16887604807
995762645184, 17099238175
1034988064803, 17419556801
1075970252566, 18070883116
1159927912673, 18185257037
1204817162873, 18555354084
1346749568163, 19553067540
1507359637521, 20943642048
-------------
---init---
864612413046, 18831001381
900963495421, 19056025652
936721934706, 20624804831
974310699007, 21451946177
1012937117788, 22050947015
1052479447140, 23490805426
1094108403342, 24283024703
1135111543249, 24816369424
1178186643893, 26630518980
1223455333664, 27493737055
1268882631584, 28414277224
1316930964716, 29818603447
1366370018765, 30147277810
1420757460078, 31949540074
1473487318275, 33872319246
-------------
---commit---
883591034876, 17372332269
936649730269, 72105691
974234344344, 76231606
1012861883359, 75146630
1052407621604, 71740709
1094041135682, 67155565
1118591534034, 16519926808
1178113169710, 73395557
1223372516957, 82748001
1251599568750, 17283011064
1297609994536, 19320928071
1366302635703, 67339623
1396579064286, 24178334345
1453597063762, 19890228530
1528303279569, 73126709
-------------
--------->>>>0<<<<---------