---updates---
19059154693191, 68502091
19407448528790, 63109137
-------------
---reads---
18949609041234, 16758588421
18984902024313, 16279105574
19021121901001, 16528218766
19098087871859, 16544271737
19138511959640, 17235628832
19179840877781, 17327731677
19223816525324, 17425025272
19268498829683, 16952244780
19312702756056, 17297953723
19359201758203, 17201708404
19452817501792, 16997722945
19501473695635, 17565698312
19552795618780, 17677116013
-------------
---init---
18933061751181, 16547290053
18966437552428, 18464471885
19001253720625, 19868180376
19037722142921, 21432550270
19076373209260, 21714662599
19114700093737, 23811865903
19155818698586, 24022179195
19197246153959, 26570371365
19241320360989, 27178468694
19285523246515, 27179509541
19330073678205, 29128079998
19376470410173, 30978118617
19422949437689, 29868064103
19469881602841, 31592092794
19519116577052, 33679041728
-------------
---commit---
18966367629655, 69734828
19001181129887, 72439335
19037650119767, 71861881
19059223195282, 17149895670
19114632143596, 67763459
19155747588472, 70963312
19197168609458, 77426828
19241241550596, 78762748
19285451074463, 72124967
19330000709779, 72915114
19376403466607, 66866798
19407511637927, 15437745809
19469815224737, 66331184
19519039393947, 77127706
19570472734793, 69096334
-------------
--------->>>>0<<<<---------