---reads---
18954910690284, 17391180143
18992611133226, 17189207654
19031419831359, 17508387858
19071648912845, 17332135201
19112765086674, 17457614526
19156264874415, 17682709721
19199435411689, 17443838678
19242460258288, 17498232705
19288232959469, 17130758359
19332381191577, 16756958353
19378894055206, 17361272293
19426669780883, 17860024197
19476935684424, 21891225457
19532607438556, 17785422136
19585020292228, 17320928364
19636449950611, 18013639035
-------------
---init---
18933095496765, 21815193519
18972375954158, 20235179068
19009870371889, 21549459470
19049010515363, 22638397482
19089049098545, 23715988129
19130299179122, 25965695293
19174028414280, 25406997409
19216948092124, 25512166164
19260035654008, 28197305461
19305429142235, 26952049342
19349197127626, 29696927580
19396331903925, 30337876958
19444597853418, 32337831006
19498896221136, 33711217420
19550471162402, 34549129826
19602414518160, 34035432451
-------------
---commit---
18972301870427, 73965541
19009800340880, 69892760
19048928219217, 82150549
19088981048046, 67955175
19130222701200, 76411257
19173947584136, 80777818
19216879250367, 68791370
19259958490993, 77115534
19305363717828, 65370569
19349138149930, 58931930
19396255327499, 76531496
19444529805080, 67979105
19498826909881, 69258143
19550392860692, 78255367
19602341220592, 73249654
19654463589646, 87768577
-------------
--------->>>>0<<<<---------