---updates---
883011816834, 594928233
956127915568, 483866681
994710196140, 888929283
1164389444910, 68306937
1255570998418, 67497505
1348905222593, 63257158
1400083984366, 64291560
1453299665562, 298724347
1508441524948, 175808071
-------------
---reads---
919390766928, 16535945041
1038497068813, 17191564498
1078919845109, 17573640597
1121363603959, 17740005739
1207614107770, 18792206908
1300193670106, 19139063309
-------------
---init---
864797520323, 18214296511
900504804976, 18885961952
936000308954, 20127606614
973763117126, 20947079014
1016224618458, 22272450355
1055758053030, 23161792079
1096562554952, 24801049007
1139177739378, 25211705532
1180825913891, 26788193879
1226478731319, 29092267099
1272355545685, 27838124421
1319409514308, 29495708285
1369919438120, 30164546246
1421753894399, 31545771163
1475754863041, 32686661907
-------------
---commit---
883606745067, 16897920771
935926711969, 73429688
956611782249, 17151189526
995599125423, 20625394806
1055688633311, 69334703
1096493485706, 69001088
1139103609698, 74023592
1164457751847, 16368097516
1226406314678, 72352069
1255638495923, 16716999971
1319332733415, 76711620
1348968479751, 20950913455
1400148275926, 21605574908
1453598389909, 22156412479
1508617333019, 22326185911
-------------
--------->>>>0<<<<---------