---updates---
884903685277, 691682509
997440736741, 177647960
1039837397224, 770856526
1128791135468, 799163463
1173959941491, 629282135
1266419563039, 175454871
1362157640805, 450004422
1412568357909, 70811023
1519439698868, 151129522
1577857398490, 67102286
-------------
---reads---
922316303656, 16748514179
959520385348, 16846242725
1085541760176, 18370355327
1219836543502, 18640496414
1313741960397, 19019207935
1465731847514, 20654634245
-------------
---init---
864754458467, 20149226810
903427003876, 18889299780
939138761889, 20381623459
976438763663, 21001973078
1017636585907, 22200811317
1061350700498, 24191059678
1103986762079, 24804373389
1148988756968, 24971184523
1193031714803, 26804828699
1238559470512, 27860092527
1285436825339, 28305135058
1332831560057, 29326080748
1381705590693, 30862767216
1433612414134, 32119433380
1486461005537, 32978693331
1544263786879, 33593611611
-------------
---commit---
885595367786, 17831508492
939064817835, 73831540
976366628073, 71972873
997618384701, 20018146733
1040608253750, 20742366914
1103912115503, 74550663
1129590298931, 19398359881
1174589223626, 18442436838
1238477039916, 82361982
1266595017910, 18841764816
1332761168332, 70339592
1362607645227, 19097902567
1412639168932, 20973198575
1486386481759, 74476771
1519590828390, 24672917132
1577924500776, 16712570103
-------------
--------->>>>0<<<<---------