---reads---
18950988298047, 17586936060
18987853082838, 16907392976
19025557683366, 17283038898
19065809360908, 17005168488
19105345398277, 16589627985
19147226540681, 17248517737
19189706129229, 18404810569
19234951084561, 17352189573
19278405531886, 16838046170
19322144254012, 16666107762
19367252143339, 17016290955
19413260901086, 17273138530
19460770032762, 16982313959
19509324139868, 17217151596
19558761831794, 16992563260
-------------
---init---
18933040947955, 17947350092
18968645535229, 19207547609
19004837514798, 20720168568
19042911407925, 22897952983
19082888035187, 22457363090
19122010498871, 25216041810
19164550042054, 25156087175
19208188058496, 26763026065
19252380874114, 26024657772
19295319406443, 26824847569
19338884496165, 28367647174
19384339311739, 28921589347
19430615699847, 30154332915
19477819297274, 31504842594
19526612078869, 32149752925
-------------
---commit---
18968575234107, 70157178
19004760475814, 76882060
19042840722264, 70543290
19082814529396, 73377741
19121935026262, 75378597
19164475058418, 74927525
19208110939798, 77049342
19252303274134, 77552442
19295243578056, 75774962
19338810361774, 74080329
19384268434294, 70829846
19430534039616, 81607812
19477752346721, 66903833
19526541291464, 70738260
19575754395054, 96407756
-------------
--------->>>>0<<<<---------