---updates---
1038345351438, 270781024
1122665234531, 932329060
1214097698206, 63258407
1310991788382, 80028717
1354545368286, 103872050
1565787241483, 65267789
-------------
---reads---
883848180473, 16530846658
919457615702, 16574637597
956601796269, 16761899229
998941369681, 16950124128
1079807997561, 17833239808
1168500135892, 19297695824
1259469659220, 18792994153
1402175788933, 20119731563
1454230850382, 20855860340
1508942987142, 21484435867
-------------
---init---
864850061298, 18998119175
900444244933, 19013370769
936104163098, 20497633171
973429457555, 25511912126
1015959988553, 22385362885
1056303298759, 23504698802
1097713196521, 24952038010
1143060517285, 25439618607
1187871900471, 26225797735
1232158979319, 27310679901
1278333264087, 32658524295
1324790844359, 29754523927
1371467102609, 30708686324
1422374476034, 31856374348
1475158636574, 33784350568
1530564581920, 35222659563
-------------
---commit---
900379027131, 65080463
936032253299, 71856275
973363695498, 65640639
1015891493809, 68350828
1038616132462, 17687103056
1097641237369, 71861524
1123597563591, 19462882059
1187797831716, 73983262
1214160956613, 17997981614
1278262653373, 70539202
1311071817099, 13718952157
1354649240336, 16817832394
1422295520496, 78905644
1475086710722, 71882824
1530427423009, 137091379
1565852509272, 19810506033
-------------
--------->>>>0<<<<---------