---reads---
18951741721016, 17137834652
18988367119647, 16529012272
19024611069541, 16476988839
19063364159146, 17485456727
19103293413424, 16715891965
19144324603334, 16856758679
19185448842261, 17715295853
19229010026199, 17073467106
19273873276043, 17279710733
19318258784135, 16675274919
19363597333049, 17263511144
19412334732037, 17073055231
19459894117538, 16999551408
19508509108122, 17159619138
19558078345230, 17813235176
-------------
---init---
18933013775109, 18727945907
18968946555679, 19420563968
19004977464770, 19633604771
19041151430609, 22212728537
19080924079064, 22369334360
19120078160731, 24246442603
19161252253745, 24196588516
19203237165471, 25772860728
19246157903895, 27715372148
19291223661088, 27035123047
19335006918079, 28590414970
19380929535785, 31405196252
19429482100350, 30412017188
19476967976969, 31541131153
19525736750632, 32341594598
-------------
---commit---
18968879555668, 66823811
19004896131919, 81186056
19041088058380, 63229145
19080849615873, 74310601
19120009305389, 68696906
19161181362013, 70813724
19203164138114, 72981254
19246083493305, 74357081
19291152986776, 70622072
19334934059054, 72804256
19380860844193, 68635900
19429407787268, 74275194
19476893668946, 74255782
19525668727260, 67980138
19575891580406, 75756519
-------------
--------->>>>0<<<<---------