---reads---
18954821701508, 16987894138
18991547860552, 16524944452
19028264213074, 16660913078
19066576172854, 17022056741
19107325514556, 16845499704
19149823080247, 17326964249
19192916502071, 18509327886
19242263074895, 17249830768
19287102099189, 16817176481
19333210762786, 17738784426
19385177075680, 17146695737
19432831415469, 17158641745
19481033178597, 17228309567
19530994074635, 17408237099
19581360036307, 16932872757
19632835999125, 18076188604
-------------
---init---
18933065902496, 21755799012
18971879198124, 19668662428
19008146633565, 20117579509
19044998583505, 21577589349
19083674031417, 23651483139
19124242483784, 25580596463
19167221536450, 25694965621
19211500125994, 30762948901
19259583760796, 27518338393
19303998516920, 29212245866
19351020556841, 34156518839
19402392372846, 30439042623
19450061829658, 30971348939
19498347811393, 32646263242
19548471833727, 32888202580
19598358112495, 34477886630
-------------
---commit---
18971809595646, 69419201
19008072805004, 73679565
19044925126152, 73315817
19083598229595, 75675926
19124171014260, 71401727
19167150044496, 71442098
19211425829957, 74246448
19259512905663, 70812947
19303919275670, 79168200
19350949547212, 70965476
19402323771417, 68548572
19449990057214, 71726087
19498261488164, 86264279
19548402311734, 69476571
19598292909064, 65150225
19650912187729, 72550618
-------------
--------->>>>0<<<<---------