---reads---
18952572046446, 17194100705
18990798692794, 20431081830
19032374228412, 17211674248
19072132541864, 16883512457
19112461362308, 17239180818
19155877993848, 17008136863
19198960919902, 17994007416
19242933855161, 17596497649
19288600945178, 17489919417
19334096392464, 17127236921
19381365189596, 16976855302
19428996640434, 16961804579
19477258288921, 17146315709
19526672211096, 17474739273
19579049962899, 17907287624
19630236469980, 17614750408
-------------
---init---
18932927379964, 19644666482
18969837817097, 20960875697
19011302245837, 21071982575
19049658602434, 22473939430
19089081371792, 23379990516
19129771494132, 26106499716
19172962711168, 25998208734
19217021226943, 25912628218
19260607397228, 27993547950
19306161722435, 27934670029
19351296716945, 30068472651
19398411542235, 30585098199
19446028230848, 31230058073
19494475662545, 32196548551
19544221586501, 34828376398
19597029747413, 33206722567
-------------
---commit---
18969766147151, 71526539
19011229774624, 72300378
19049585902660, 72579061
19089016054321, 65240037
19129700543126, 70885932
19172886130711, 76506053
19216954927318, 66243515
19260530352810, 76989430
19306090864595, 70810413
19351223629385, 73039920
19398342044898, 69445173
19445958445013, 69733084
19494404604630, 71006281
19544146950369, 74589356
19596957250523, 72444451
19647851220388, 63230346
-------------
--------->>>>0<<<<---------