---updates---
887045239110, 552503884
1127606225831, 987306158
1264765980596, 869704573
1311897970550, 74057363
1360952230515, 68428312
1463812353559, 867638175
-------------
---reads---
924817647510, 16544202433
961665744794, 16806952577
999801195227, 16960710109
1039077636241, 21222228413
1084331863198, 17980159695
1173308552053, 18314938611
1218341676014, 18413335923
1411436171705, 20315922032
1519276246898, 24649660422
-------------
---init---
864704919921, 22340319189
905281839324, 19535808186
941439709813, 20226034981
978593632208, 21207563019
1016833539874, 22244096367
1060371673730, 23960189468
1102390961826, 25215264005
1147821042178, 25487509875
1191691673869, 26650002145
1236825674496, 27940306100
1283318311547, 28579659003
1331464492651, 29487737864
1380805965770, 30630205935
1431824540771, 31987812788
1486426486146, 32849760752
-------------
---commit---
887597742994, 17683979182
941361849943, 77718119
978472697371, 120788311
1016761905336, 71528448
1060299864654, 71726835
1102312022893, 78816339
1128593531989, 19227439077
1191623490664, 68112063
1236755011937, 70588169
1265635685169, 17682573500
1311972027913, 19492397245
1361020658827, 19785266482
1431752093737, 72394933
1464679991734, 21746444960
1543925907320, 65669523
-------------
--------->>>>0<<<<---------