---updates---
1076864988913, 733888675
1118566589391, 70904787
1206730397240, 68963346
1256233908011, 395848940
1345638775323, 959894072
1452566577699, 72532842
-------------
---reads---
884815555468, 16521041487
920615450215, 16728641886
957902606760, 16757407596
995811043621, 17011174195
1035138672027, 18192724217
1162435836362, 17934125308
1297680816268, 18926975062
1400281396043, 20081811966
1506459495957, 21089380663
-------------
---init---
864615952679, 20199602789
901407588670, 19207861545
937418262436, 20484344324
974732677659, 21078365962
1012888098793, 22250573234
1053397470532, 23467518381
1094634053003, 23932536388
1136881849667, 25553986695
1180482430859, 26247966381
1225244102234, 30989805777
1269664863266, 28015953002
1316676575410, 28962199913
1369441884364, 30839511679
1420434970617, 32131607082
1473330358995, 33129136962
-------------
---commit---
901336596955, 70882762
937344092101, 74055248
974660014356, 72548244
1012822217816, 65754565
1053331396244, 65990024
1077598877588, 17035083873
1118637494178, 18244285845
1180369961670, 112298445
1206799360586, 18444672924
1256629756951, 13035056413
1316607791330, 68714673
1346598669395, 22843165660
1420363208009, 71717802
1452639110541, 20691208523
1527548876620, 72329211
-------------
--------->>>>0<<<<---------