---updates---
883275912241, 325958260
995202676152, 397180144
1121435025023, 169444769
1168008541972, 64502853
1263625704351, 93727604
1307987998521, 63862717
1463248603280, 344970499
-------------
---reads---
919765141051, 16872098619
957037748274, 16805991574
1038812100936, 17131820561
1079226462878, 17703635803
1217295942205, 18571749746
1356456051774, 23481069283
1410943067349, 20302195500
1518460147542, 20791007638
-------------
---init---
864821520238, 18454392003
900748053519, 19017087532
936719492962, 20318255312
973919369012, 21283307140
1016633434324, 22178666612
1056013820300, 23212642578
1096998891464, 24436133559
1142809470904, 25199071068
1191105164202, 26190778003
1235935324098, 27690380253
1279230065005, 28757933516
1327196883648, 29259168126
1380004886954, 30938180395
1431318544565, 31930058715
1486220527802, 32239619740
-------------
---commit---
883601870501, 17145999924
936637239670, 82137889
973843739848, 75463041
995599856296, 21033478047
1055943921497, 69811151
1096930098681, 68697406
1121604469792, 21204902414
1168073044825, 23032094733
1235867691951, 67563551
1263719431955, 15510581560
1308051861238, 19144970537
1379937121057, 67713544
1431245262849, 73241036
1463593573779, 22626906520
1539251155180, 67305735
-------------
--------->>>>0<<<<---------