---updates---
961318308478, 67905991
998774298635, 60132007
1167026479683, 71518556
1209880543952, 751556602
1350967520553, 64715442
-------------
---reads---
887082874813, 16477046670
923368449103, 16734239436
1040228972513, 17318050215
1081280968734, 17621649214
1123482503692, 18016018873
1254987347506, 18746922810
1302440333479, 19047583089
1400448504378, 19780702665
1451870027325, 20698857391
1505470926739, 20689745985
-------------
---init---
864700968713, 22381906100
903626510029, 19741939074
940173459932, 21144848546
977533962592, 21240336043
1017819489342, 22409483171
1057620557881, 23660410853
1098971433660, 24511070032
1141567415716, 25459063967
1183749960444, 26130583508
1227200868714, 27786478792
1273811943405, 28628390074
1321563246017, 29404274536
1370349519997, 30098984381
1420296666462, 31573360863
1472642675976, 32828250763
-------------
---commit---
903559921483, 66441704
940102688539, 70614714
961386214469, 16147566334
998834430642, 18984953873
1057547022728, 73472150
1098902617948, 68710278
1141498522565, 68775416
1167097998239, 16651883949
1210632100554, 16568737073
1273734270316, 77610361
1321487916568, 75273173
1351032235995, 19317251608
1420229207043, 67419723
1472568884716, 73740218
1526160672724, 70414750
-------------
--------->>>>0<<<<---------