---updates---
916825904600, 774116489
1029331641929, 58677492
1069336954316, 115201337
1292285929221, 329359464
1393309096669, 285604466
1481849875776, 70957924
-------------
---reads---
881567609788, 16523744191
953344054254, 16617371412
990690506545, 16732116319
1111095905687, 21466432221
1156920886441, 17523640865
1200492583632, 18387326599
1245835521025, 18707829070
1343192800730, 19463057670
1428442493600, 20840472405
-------------
---init---
864691532883, 16876076905
898161995122, 18663909478
933615472688, 19728581566
970031550216, 20658956329
1007496880456, 21834761473
1046298622901, 23038331415
1086922215769, 24173689918
1132629909238, 24290977203
1174533599859, 25958983773
1218950992263, 26884528762
1264618064730, 27667864491
1314502724752, 28690075978
1362732703339, 30576393330
1397127315791, 31315177809
1449354091220, 32495784556
-------------
---commit---
898091353979, 70452510
917600021089, 16015327987
969961425666, 70009496
1007422622864, 74094817
1029390319421, 16908218371
1069452155653, 17469978204
1132562337908, 67493040
1174444527306, 89022392
1218879910231, 71042412
1264543350095, 74631328
1292615288685, 21887397261
1362655858400, 76785887
1393594701135, 3532563727
1449282966005, 71081092
1481920833700, 16379198620
-------------
--------->>>>0<<<<---------