---updates---
18953652995247, 73034493
19242038467468, 66017354
-------------
---reads---
18992604357368, 16538348199
19030381989028, 17034259105
19070042869523, 18260915966
19111623631125, 16859724676
19153957545644, 17079374952
19196560394925, 18042212923
19287098883646, 17017356855
19333653533249, 17014828126
19380491501312, 16580391313
19426851060656, 17365388406
19475629536609, 17020028963
19525261704819, 17151916515
19576122015104, 17685069480
-------------
---init---
18932975016762, 20677978485
18971758124369, 20846232999
19009223589973, 21158399055
19047486855149, 22556014374
19088374229878, 23249401247
19128557897323, 25399648321
19171106182269, 25454212656
19214673653252, 27364814216
19260607895702, 26490987944
19304197243797, 29456289452
19350743108151, 29748393161
19397138241781, 29712818875
19444292159929, 31337376680
19492719449039, 32542255780
19542480813868, 33641201236
-------------
---commit---
18953726029740, 18032027017
19009142705567, 80707083
19047416248133, 70466662
19088303785489, 70326463
19128483355801, 74473450
19171036920596, 69200980
19214602607848, 70966390
19242104484822, 18503355875
19304116240501, 80958362
19350668361375, 74727056
19397071892625, 66301754
19444216449062, 75660594
19492649565572, 69831386
19542413621334, 67138693
19593807084584, 70039996
-------------
--------->>>>0<<<<---------