---reads---
18953864670910, 17305101598
18991963091709, 16705921702
19029310576988, 16995108838
19068383707702, 17140834278
19108113599057, 16832947990
19150055152460, 17476673589
19192465745713, 18322226696
19236871628294, 17113982889
19280638448190, 16845074027
19325919599497, 17515371449
19372839151869, 17270025024
19420688196758, 17005229177
19468380884868, 17380003646
19518557199088, 17398571930
19569499406721, 16935403357
19619665147071, 17162357213
-------------
---init---
18933001264638, 20863406272
18971242607862, 20720483847
19008744909964, 20565667024
19046373461343, 22010246359
19085593994449, 22519604608
19125017435264, 25037717196
19167605011379, 24860734334
19210860714131, 26010914163
19254055263657, 26583184533
19297565372671, 28354226826
19343501057769, 29338094100
19390184363990, 30503832768
19437765002816, 30615882052
19485832824642, 32724374446
19536026920331, 33472486390
19586504539084, 33160607987
-------------
---commit---
18971169772508, 72658630
19008669013411, 75752772
19046305685826, 67635036
19085524541980, 69328657
19124946547047, 70803928
19167531826049, 73113671
19210787972409, 72681866
19253985611183, 69596031
19297483522217, 81800570
19343434970946, 66032601
19390109176893, 75142127
19437693425935, 71520993
19485760888514, 71881848
19535955771018, 71099638
19586434810078, 69680593
19636827504284, 74334835
-------------
--------->>>>0<<<<---------