---updates---
19024781095595, 63810055
-------------
---reads---
18951093851679, 17275667268
18988324452170, 16637909530
19064986742365, 17249713292
19104845600823, 16808466575
19146655285121, 16711885516
19188747400029, 19079271271
19234847096098, 20894026171
19282086327097, 16604620389
19326373630760, 16910206195
19372481734233, 16929723487
19419013322380, 17070235376
19466521036058, 17003154530
19515196618871, 17142198157
19564693119322, 17046868993
19616139165947, 17265993450
-------------
---init---
18933037094239, 18056757440
18968442925703, 19881526467
19005028621545, 19752474050
19043470592447, 21516149918
19082310691860, 22534908963
19121726789999, 24928495122
19163439000253, 25308399776
19207904768618, 26942327480
19255814315083, 26272012014
19298762099587, 27611531173
19343356211119, 29125523114
19389482433066, 29530889314
19436152902339, 30368133719
19483603856926, 31592761945
19532414587667, 32278531655
19581811675123, 34327490824
-------------
---commit---
18968369518947, 73271639
19004962361700, 66078413
19024844905650, 18625545859
19082236455657, 74113336
19121654067398, 72625129
19163367170637, 71767652
19207826671300, 78048130
19255741122269, 73142111
19298690947486, 71101096
19343283836955, 72318443
19389411457720, 70923358
19436083557756, 69282738
19483524190588, 79621139
19532338817028, 75717642
19581739988315, 71639972
19633405159397, 71838491
-------------
--------->>>>0<<<<---------