---updates---
19147553091856, 70488985
19235570420344, 74349366
19283898082713, 69064143
-------------
---reads---
18951335031646, 16751682963
18988085660776, 17140857592
19025881097873, 17716827443
19066303708084, 17454245232
19106212453477, 16765639375
19190517762598, 18084315434
19331334342003, 16942988259
19378071481267, 17156908886
19425761655807, 18129783201
19475671662556, 17402358108
19525941410657, 17904104316
19577557922291, 16739172195
19627847939378, 17525725429
-------------
---init---
18933023691600, 18311340046
18968160495962, 19925164814
19005292227983, 20588869890
19043698823241, 22604884843
19083824987299, 22387466178
19123051494942, 24501596914
19165942776087, 24574986511
19208683828866, 26886591478
19257157153172, 26740929541
19303706628179, 27627713824
19348345731375, 29725749892
19395298952908, 30462702899
19444000673785, 31670988771
19493142458748, 32798951909
19543921687422, 33636234869
19594368011525, 33479927853
-------------
---commit---
18968086714609, 73596208
19005226518368, 65561327
19043597925316, 100756435
19083757953316, 66919047
19122978092852, 73259539
19147623580841, 18319127172
19208602078032, 81595630
19235644769710, 21512274647
19283967146856, 19739425511
19348277330262, 68353641
19395228390153, 70507282
19443891439008, 109180513
19493074020664, 68383868
19543845514973, 76118182
19594297094486, 70855861
19645373664807, 78415231
-------------
--------->>>>0<<<<---------