---updates---
19023537542570, 66783938
19414825034506, 91298152
-------------
---reads---
18950932258111, 16555869407
18986754678264, 16499154313
19063470868745, 16976852731
19103257442893, 17322521188
19145743721961, 17351423120
19188123902582, 18175635416
19232594477228, 17246190281
19276786941470, 17079670073
19321301574617, 16949095558
19366675643019, 17198571243
19466060433838, 17177798881
19515826978194, 17171453133
19565451699377, 16940142186
-------------
---init---
18933097444921, 17834813190
18967558700494, 19195977770
19003326062194, 20211480376
19042163665042, 21307203703
19080519682472, 22737760421
19120654338750, 25089383211
19163201083222, 24922819360
19206373184691, 26221292537
19249912090141, 26874851329
19293948121067, 27353453550
19338319291812, 28356351207
19383943483765, 30881550741
19435614447435, 30445986403
19483309976642, 32517001552
19533082582660, 32369116717
-------------
---commit---
18967488127518, 70420148
19003253832577, 72076924
19023604326508, 18559234348
19080447721476, 71865621
19120579964081, 74280838
19163095145081, 105871792
19206299537998, 73590293
19249840667509, 71375955
19293866611543, 81455321
19338250670175, 68565106
19383874214262, 69174988
19414916332658, 20698032041
19483238232719, 71692814
19532998431327, 84099148
19582391841563, 63223491
-------------
--------->>>>0<<<<---------