---updates---
19474530474198, 67308072
-------------
---reads---
18951888643945, 17173184257
18988576625096, 16957581242
19026035930393, 17066590005
19065036544784, 17389045359
19106376468265, 17101027754
19148522651565, 17066256308
19191084495599, 17393187894
19235344301091, 21491528678
19285601154087, 17761468808
19332280213891, 17385135010
19379613895678, 16892986436
19426579344637, 16914921431
19527797015695, 17354117625
19578358235569, 17090351024
19629506799880, 17610898368
-------------
---init---
18932962718875, 18925925070
18969129631759, 19446993337
19005600880750, 20435049643
19043181912110, 21854632674
19082504906694, 23871561571
19123549486813, 24973164752
19165656902995, 25427592604
19208546298716, 26798002375
19256911874781, 28689279306
19303442742705, 28837471186
19349766419541, 29847476137
19396574312408, 30005032229
19443565328256, 30965145942
19495581293703, 32215721992
19545222183243, 33136052326
19595539883918, 33966915962
-------------
---commit---
18969061828202, 67567284
19005534206338, 66564465
19043102520398, 79248374
19082425590143, 79190041
19123477496019, 71905295
19165588907873, 67932490
19208477683493, 68563300
19256835829769, 75999140
19303362622895, 80072004
19349665348901, 101015520
19396506882114, 67375931
19443494266068, 70966208
19474597782270, 20983447548
19545151133320, 70995919
19595448586593, 91246562
19647117698248, 72873598
-------------
--------->>>>0<<<<---------