---updates---
883383660362, 225336869
961531340016, 62975218
1125854908170, 734282363
1261845945468, 65856867
1406426964870, 66382856
-------------
---reads---
920172728947, 20496875942
999062526432, 17047589261
1038905554233, 21077298207
1083594175854, 17714865618
1172844695952, 17823691769
1216527190823, 17914564342
1306986344876, 19606120425
1356057923176, 19915182363
1461970766629, 20633028804
1515650723753, 21119782324
1570333146724, 21404017698
-------------
---init---
864841776555, 18541883807
901138593314, 19034135633
940743479608, 20787860408
977715051964, 21347474468
1016184818585, 22720735648
1060055007946, 23539167908
1101383367056, 24471541114
1147621742656, 25222953296
1190732659235, 25794531588
1234511800507, 27334144961
1278620154900, 28366189976
1326657756280, 29400166896
1376047604540, 30379360330
1430390069439, 31580697190
1482725995418, 32924728335
1536846755617, 33486391107
-------------
---commit---
883608997231, 17529452099
940669604889, 73708335
961594315234, 16120592031
1016110115693, 74604071
1059982852440, 72074741
1101309041472, 74201420
1126589190533, 21032514664
1190668387721, 64216648
1234441755165, 69961286
1261911802335, 16708300083
1326592465301, 65242105
1375973105539, 74442512
1406493347726, 23896675940
1482603795433, 122157554
1536770506077, 76208539
1591737164422, 100061823
-------------
--------->>>>0<<<<---------