---updates---
886181430477, 428459323
1039863973841, 743682912
1128075512858, 519518842
1313186089814, 412322394
1361603947592, 998393546
1411918195513, 62217055
1464408838214, 202290795
-------------
---reads---
924106283366, 16919394288
961834159299, 16786515213
1000097262776, 17189567346
1084883412467, 17989964701
1173836023459, 18286928874
1218199159960, 18628283723
1264606165356, 18948335878
1520325514644, 20758258289
-------------
---init---
864791064623, 21390365854
904440036667, 19666246699
941094978622, 20739180677
978686894290, 21410368486
1017356745749, 22507228092
1060858613974, 24024798493
1102948447312, 25127065546
1148282429387, 25553594072
1192193618885, 26005541075
1236901011419, 27705153937
1283629656111, 29556433703
1331896222799, 29707724793
1381223869078, 30694326435
1432397369435, 32011468779
1487078451033, 33247063611
-------------
---commit---
886609889800, 17829961465
941025677654, 69148803
978620674512, 66069978
1017286830122, 69799316
1040607656753, 20250875462
1102873377168, 74958692
1128595031700, 19687327335
1192122952333, 70612866
1236827443683, 73514586
1283554501234, 75091698
1313598412208, 18297741250
1362602341138, 18621481219
1411980412568, 20416912970
1464611129009, 22467285430
1541083772933, 76392203
-------------
--------->>>>0<<<<---------