---updates---
19242474741968, 124922968
-------------
---reads---
18952945914655, 17089660348
18991487414945, 20316542081
19032874216102, 17538737663
19072720249144, 17013306725
19113407016324, 17023010322
19155236969529, 16931333860
19197480577790, 18123856337
19288573743054, 17540473287
19334788436834, 17033351782
19382233721146, 17284735029
19430667584989, 17010045570
19479097349304, 17593230739
19530769101128, 18286526053
19583705834513, 17204719071
-------------
---init---
18933042813521, 19903101134
18970108123304, 21379291641
19011872125915, 21002090187
19050484533449, 22235715695
19089805348443, 23601667881
19130499085882, 24737883647
19172248235800, 25232341990
19215674758042, 26799983926
19260802723319, 27771019735
19306186962264, 28601474570
19351886454535, 30347266611
19399589887155, 31077697834
19447748564032, 31348785272
19496770689703, 33998411425
19549135453087, 34570381426
-------------
---commit---
18970035575003, 72409845
19011803957026, 67929122
19050412953765, 71461052
19089733555869, 71630108
19130430026646, 68980195
19172168303389, 79858467
19215604434127, 70245188
19242599664936, 18202989294
19306114216341, 72697890
19351821788616, 64622267
19399518456175, 71377851
19447677630559, 70879029
19496690580043, 80064186
19549055627181, 79779109
19600910553584, 73267472
-------------
--------->>>>0<<<<---------