---reads---
18953171381012, 17104758565
18991959440215, 21128759575
19034795962858, 17316784657
19074675873566, 17328616857
19115398163704, 17487800915
19158748998483, 17880291305
19203140464732, 17648496211
19247263600572, 17478176501
19292438592995, 17466862480
19338369005872, 17039123404
19385667468549, 17202311181
19433735849543, 16813824739
19481243847504, 17478210731
19532092298266, 17784894259
19584559870878, 17283745265
19639525570457, 17339593119
-------------
---init---
18932989662105, 20181718907
18970356849176, 21602591039
19013163149202, 21632813656
19052186887622, 22488985944
19092073826313, 23324337391
19132957724881, 25791273602
19176721300243, 26419164489
19220858442728, 26405157844
19264893174732, 27545418263
19309978457650, 28390548222
19355473177090, 30194291459
19402961157343, 30774692200
19450617157963, 30626689541
19498796311594, 33295986672
19549954579100, 34605291778
19601967741290, 37557829167
-------------
---commit---
18970276139577, 80531890
19013088199790, 74712522
19052112747515, 73892481
19092004490423, 69181645
19132885964619, 71683125
19176629289788, 91921666
19220788960943, 69435530
19264741777073, 151349443
19309905455475, 72948327
19355408129276, 64998409
19402869779730, 91331674
19450549674282, 67439166
19498722058235, 74201933
19549877192525, 77338258
19601843616143, 124072974
19656865163576, 75139300
-------------
--------->>>>0<<<<---------