---updates---
994983777948, 610222362
1157328507659, 273134305
1200091606020, 501990612
1245722480870, 62723590
1293186128262, 427915345
1499248998411, 350092499
-------------
---reads---
882110369800, 16831526433
918106054470, 16833642688
955224105220, 16996005362
1032094361755, 17320902318
1072627895578, 17742811979
1114317718330, 18466178296
1343928388696, 19645227985
1394129251842, 19946609279
1445668307822, 20411319578
-------------
---init---
864739002842, 17371366958
899018450678, 19087603792
935011771656, 20212333564
972289975134, 22693802814
1010211807394, 21882554361
1049490256468, 23137639110
1090449785032, 23867933298
1132854939583, 24473568076
1174781513983, 25310092037
1219217254720, 26505226150
1264853452485, 28332675777
1314769677011, 29158711685
1363654892507, 30474359335
1414148826950, 31519480872
1466151696636, 33097301775
-------------
---commit---
898941896233, 76378184
934939697158, 72021013
972220110582, 69696646
995594000310, 14617702297
1049415264073, 74911802
1090370707557, 78986179
1132783896626, 70944333
1157601641964, 17179769162
1200593596632, 18623617624
1245785204460, 19068179849
1293614043607, 21155596982
1363573616681, 81224884
1414075861121, 72919400
1466079627400, 72003753
1499599090910, 20908723916
-------------
--------->>>>0<<<<---------