---reads---
18953450376908, 17275652224
18990677793817, 16255354031
19026545156698, 16258244057
19064590124509, 17146901193
19104382915712, 16714253612
19145573836285, 17079172930
19186950876335, 17316825621
19229835820638, 16991599619
19273258505272, 16942956199
19317058061051, 17016757685
19362658301170, 16649129959
19409223069433, 16845826654
19455416576287, 16556715437
19502631955747, 17002282060
19551706783161, 16855592502
-------------
---init---
18932976941038, 20473435870
18970794609208, 19883184609
19006997880235, 19547276463
19042866417060, 21723707449
19081816647463, 22566268249
19121170283557, 24403552728
19162724550852, 24226325483
19204341745860, 25494074778
19246902306558, 26356198714
19290270942735, 26787118316
19334143312331, 28514988839
19379384570831, 29838498602
19426144756363, 29271819924
19472045156191, 30586799556
19519711509125, 31995274036
-------------
---commit---
18970726029132, 68401864
19006933147848, 64671444
19042803400755, 62906895
19081737025702, 79503543
19121097169324, 73038151
19162653009215, 71484275
19204267701956, 73989172
19246827420257, 74864250
19290201461471, 69429304
19334074818736, 68438478
19379307431129, 77084990
19426068896087, 75810007
19471973291724, 71817244
19519634237807, 77215313
19568562375663, 81485774
-------------
--------->>>>0<<<<---------