---updates---
886099858809, 494297119
924108955531, 494159801
964521463248, 84480462
1042723712432, 881827539
1087750422000, 850129853
1131958162916, 638695571
1176602980077, 1002874526
1225133276014, 86007873
1271886978963, 75825513
1320328786448, 268779476
1473055517463, 570160968
-------------
---reads---
1003079223615, 16844618776
1369810407003, 19780108128
1420543049470, 20376762322
1529989580241, 20499815185
1584719399357, 21597833884
-------------
---init---
864777204985, 21322653824
904634932319, 19474023212
944031815822, 20489647426
981713530477, 21365693138
1019993170421, 22730542011
1064017349741, 23733072259
1106913438443, 25044724473
1150852866007, 25750114070
1198657577839, 26475698175
1244032239356, 27854739607
1291084581101, 29244205347
1339782166831, 30028240172
1389658633221, 30884416249
1440983974406, 32071543057
1497377333495, 32612246746
1550568605244, 34150794113
-------------
---commit---
886594155928, 18040698790
924603115332, 19428571846
964605943710, 17107316247
1019923842391, 69137125
1043605539971, 20411702465
1088600551853, 18312764020
1132596858487, 18255975345
1177605854603, 21051674888
1225219283887, 18812885514
1271962804476, 19121707905
1320597565924, 19184563146
1389590515131, 68066729
1440919811792, 64108161
1473625678431, 23751604924
1550489395426, 79159417
1606317233241, 79050657
-------------
--------->>>>0<<<<---------