---updates---
19561831602514, 67552521
-------------
---reads---
18950152868191, 16991682045
18986544726362, 16652359294
19023663297557, 16981089056
19063278206289, 17403202034
19102899658162, 16916559283
19144365828387, 17306628937
19187142781165, 17519339273
19230647811425, 20927187525
19278280595880, 16684207558
19322841558199, 17020770760
19368113403156, 17042553404
19414138538674, 17188648514
19461674211962, 17077528673
19511737040889, 17294193218
19615860029181, 17237132872
-------------
---init---
18932874205130, 17278663061
18967235663994, 19309062368
19003286229857, 20377067700
19040718020545, 22560185744
19080781169631, 22118488531
19119888175974, 24477652413
19161749422662, 25393358503
19204752528304, 25895283121
19251646475448, 26634120432
19295031681052, 27809877147
19339933017892, 28180385264
19385222438320, 28916100354
19431393776263, 30280435699
19478821579840, 32915461049
19529105998972, 32725603542
19582595708459, 33264320722
-------------
---commit---
18967144550236, 90931788
19003197085656, 89030441
19040644386613, 73513805
19080681408323, 99534808
19119816217445, 71801928
19161672457324, 76892150
19204662120438, 90352222
19251574998950, 71423796
19294964803438, 66832550
19339862328959, 70641545
19385155956560, 66437996
19431327187188, 66539556
19478751740635, 69785546
19529031234107, 74673863
19561899155035, 20696501626
19633097162053, 68277272
-------------
--------->>>>0<<<<---------