---updates---
884562884785, 63058497
921896264449, 701453353
1136924390206, 62063675
1315681167956, 67767385
1415614294605, 986920205
1472099749672, 502422657
1584635346272, 63442612
-------------
---reads---
963045997695, 16934724717
1001520081625, 20984401747
1045304593383, 21098715263
1091737553704, 19114942732
1176992860125, 18280258427
1221936569448, 18527600120
1268162800256, 18900857031
1364827045660, 19982167418
1530015206953, 21299405520
-------------
---init---
864815575850, 19747308935
902524577099, 19371687350
942470362213, 20575635482
980048015674, 21472065951
1022576417830, 22728175553
1066500095104, 25237458600
1110930794978, 25993595228
1151121951792, 25870908333
1195343601993, 26592967455
1240557162968, 27605637288
1287136894858, 28544273098
1335220138996, 29606906664
1384885542796, 30728751809
1439828402563, 32271347109
1496693954359, 33321252594
1551378823821, 33256522451
-------------
---commit---
884625943282, 17898536741
922597717802, 19872591072
979980722412, 67198789
1022504483372, 71795528
1066403308646, 96699389
1110852496436, 78166646
1136986453881, 14135431476
1195273118552, 70417575
1240464169568, 92940257
1287063657287, 73163461
1315748935341, 19471156276
1384809213078, 76285511
1416601214810, 23227128464
1472602172329, 24091731584
1551314612473, 64152559
1584698788884, 22046768721
-------------
--------->>>>0<<<<---------