---reads---
18951856749746, 16408907685
18987195808524, 16652116280
19024631664870, 17014860325
19063604413128, 17513504117
19103522779560, 16901831231
19145349961615, 17086649936
19187511468126, 18252677478
19231905339132, 17688329468
19277325685595, 17494289550
19323072417667, 17444273956
19370026603036, 16907783164
19416017404933, 17131942370
19463968323598, 17498465527
19513148372907, 17185056015
19567260532537, 17316225256
19617971866240, 17189267215
-------------
---init---
18933078320880, 18778428866
18968325080883, 18870727641
19003918197028, 20713467842
19041740862057, 21863551071
19081220723987, 22302055573
19120493222854, 24856738761
19162509232165, 25002235961
19205837399840, 26067939292
19249672596198, 27653089397
19294895195223, 28177222444
19340594608348, 29431994688
19387007331129, 29010073804
19433219629086, 30748694512
19481542341807, 31606031100
19530407084341, 36853448196
19584647044129, 33324822111
-------------
---commit---
18968265657431, 59274577
19003847924804, 70173833
19041646525195, 94158738
19081117917245, 102683824
19120424610791, 68513806
19162436611551, 72568006
19205764145604, 73203059
19249593668600, 78874977
19294819975145, 75177109
19340516691623, 77861126
19386934386200, 72890668
19433149347303, 70235192
19481466789125, 75500305
19530333428922, 73600306
19584576757793, 70235501
19635161133455, 72929474
-------------
--------->>>>0<<<<---------