---reads---
18953031787856, 17719951711
18991446568422, 16715532144
19028561646980, 16701128262
19067136037769, 17103360984
19106944755672, 21168751244
19155244189887, 17480081765
19198049804937, 17757530573
19242446625423, 16710240263
19286121215578, 16774595448
19330871582832, 16677839847
19376650463901, 17312043184
19424551375078, 17189565904
19473528783556, 21700901679
19528876449431, 17696702701
19580857685057, 17266427076
19632183335412, 17917500201
-------------
---init---
18933048528006, 19983259850
18970831720964, 20614847458
19008227509718, 20334137262
19045342464477, 21793573292
19084316133787, 22628621885
19128191475035, 27052714852
19172804720204, 25245084733
19215876894835, 26569730588
19259226597893, 26894617685
19302968310423, 27903272409
19347616997469, 29033466432
19394032303812, 30519071266
19441818877828, 31709905728
19495296956802, 33579492629
19546646020012, 34211665045
19598196208362, 33987127050
-------------
---commit---
18970751739567, 79859200
19008162100566, 65212609
19045262775242, 79518384
19084239398753, 76643681
19128113506916, 77883113
19172724271652, 80390305
19215807335510, 69510767
19259156865686, 69679760
19302895811026, 72454023
19347549422679, 67529969
19393962507085, 69744546
19441740940982, 77889221
19495229685235, 67219868
19546573152132, 72825376
19598124112133, 72048748
19650100835613, 75090164
-------------
--------->>>>0<<<<---------