---updates---
19268578460346, 65484416
-------------
---reads---
18950515529049, 16524641971
18986029677799, 16324464090
19022404159097, 16681964563
19060901114296, 16963096065
19100171311991, 16802016465
19141415902638, 16937603078
19182372314975, 17238385384
19225291710043, 16778572975
19312882968355, 17028742981
19358095173389, 17009459407
19405550046397, 17041537308
19453222290378, 16894854767
19501297735412, 17272183932
19551123141866, 16919229404
19601442506163, 17747316352
-------------
---init---
18933118314210, 17397214839
18967111098472, 18918579327
19002423895887, 19980263210
19039157879387, 21743234909
19077937272648, 22234039343
19117256089382, 24159813256
19158425063551, 23947251424
19199681264455, 25610445588
19242160309627, 26418150719
19285800237154, 27082731201
19329987220164, 28107953225
19375190649296, 30359397101
19422677591027, 30544699351
19470189708032, 31108027380
19518648059689, 32475082177
19568109334968, 33333171195
-------------
---commit---
18967040171020, 70739474
19002354141889, 69596777
19039086123660, 71613982
19077864210361, 72944757
19116973328456, 282720397
19158353505716, 71485805
19199610700359, 70507739
19242070283018, 89939796
19268643944762, 17156223369
19329911711336, 75439990
19375104632796, 85968985
19422591583705, 85952670
19470117145145, 72514638
19518569919344, 78071615
19568042371270, 66916473
19619189822515, 82300530
-------------
--------->>>>0<<<<---------