---updates---
920470072449, 132629761
961832161846, 800252356
999518678730, 87679282
1040489052398, 117198255
1172650272927, 119374801
1218196617629, 410907672
-------------
---reads---
884523178593, 16650422732
1085798987664, 17810871780
1129064937802, 17836111394
1264171426797, 18823242291
1311825243437, 19289717397
1360629454143, 19551837385
1411072064234, 20071699850
1464845383053, 21034567485
1519079013380, 20863945261
-------------
---init---
864863540315, 19659638278
901247249432, 19222823017
941017690834, 20814471012
977937780194, 21580898536
1018084725184, 22404327214
1061881667979, 23917319685
1103681356012, 25383581790
1146969951594, 25680321333
1191945851043, 26250766586
1237094474528, 27076952269
1283065707996, 28759535441
1331183841511, 29445612632
1380248853219, 30823211015
1431245608687, 33599774366
1485951402271, 33127611109
-------------
---commit---
901173601325, 73474354
920602702210, 20414827460
962632414202, 15305199868
999606358012, 18478260113
1040606250653, 21275334810
1103609859444, 71431971
1146901049196, 68825981
1172769647728, 19176125461
1218607525301, 18486894745
1282994669088, 70984726
1331114960834, 68844040
1380181291528, 67521206
1431143764084, 101794546
1485879950538, 71396336
1539942958641, 61185131
-------------
--------->>>>0<<<<---------