---updates---
954796037432, 800907356
1072074755838, 562262053
1247910675970, 684239277
1293298199026, 299238062
1394079327447, 531071542
1498772460270, 85189467
1554140972307, 94369134
-------------
---reads---
882623439721, 16506161436
918216885022, 16581953159
992686601773, 16841474728
1031640592880, 17296532975
1115340201009, 17605711614
1157852332353, 17954783842
1202142692959, 18445425146
1344742243357, 19476216064
1445920694069, 20436079653
-------------
---init---
864848042712, 17775397009
899202528569, 19014356453
934869948900, 19926088532
972085053679, 20601548094
1009599509597, 22041083283
1049004629045, 23070126793
1090833065392, 24507135617
1133015871957, 24836460396
1175876423417, 26266269542
1220660497928, 27250178042
1265235771905, 28062427121
1315412202238, 29330041119
1364287052073, 29792275374
1414643125260, 31277568809
1466433166914, 32339293356
1520752125209, 33388847098
-------------
---commit---
899129601157, 72780986
934798838181, 70943299
955596944788, 16487989434
1009528076501, 71323176
1048937125855, 67390738
1072637017891, 18195968234
1132945912623, 69906240
1175807116195, 69253158
1220588118105, 72307493
1248594915247, 16640802060
1293597437088, 21814717123
1364218459421, 68547646
1394610398989, 20032667534
1466356773722, 76335200
1498857649737, 21894431467
1554235341441, 57937782078
-------------
--------->>>>0<<<<---------