---updates---
19029823985810, 94764836
-------------
---reads---
18953284311307, 17613202940
18991661382883, 17174771081
19069831808918, 17016347627
19109719714613, 16839932584
19151221184278, 16721136264
19193054716574, 18259659536
19238089180393, 16844229080
19281310138531, 16888139692
19325452406608, 16715050067
19370810980490, 17226713790
19417605662572, 16971039600
19465212397832, 17154199492
19515563172826, 17760185931
19568410567597, 18307684546
19621780060667, 18089180469
-------------
---init---
18933055004745, 20229306562
18970972754272, 20688628611
19008912567324, 20911418486
19047549291601, 22282517317
19086916594887, 22803119726
19126627428019, 24593756259
19168016122823, 25038593751
19211383828776, 26705351617
19255003594989, 26306543542
19298276401902, 27176004706
19342237912744, 28573067746
19388107052214, 29498610358
19434645341443, 30567056389
19482444089510, 33119083316
19533402765519, 35007802078
19586797263906, 34982796761
-------------
---commit---
18970897514247, 75064840
19008836153964, 76289469
19029918750646, 17630376270
19086848156545, 68313903
19126559647197, 67700956
19167942320542, 73719997
19211314376110, 69406717
19254933409473, 70131661
19298198278223, 78077969
19342167456675, 70406840
19388037694280, 69311982
19434576702172, 68586964
19482366597324, 77435542
19533323358757, 79352195
19586718252143, 78951315
19639869241136, 75448063
-------------
--------->>>>0<<<<---------