---reads---
18950465183810, 16713384470
18986243859186, 16541505368
19023048996702, 17103660625
19062196665276, 17147262894
19101825935531, 16831037018
19143338905642, 17036757257
19184537931456, 17330767817
19227525521179, 17133802586
19270991926352, 17055925933
19315186060708, 16906251554
19360551679449, 16866488365
19407438383054, 16918312413
19454345688949, 17020479401
19503833336590, 17909843662
19554702182267, 18014722071
-------------
---init---
18933006995133, 17458188677
18967254024717, 18989834469
19002857496535, 20191500167
19040223414733, 21973250543
19079425520389, 22400415142
19118736525598, 24602380044
19160449461676, 24088469780
19201941957750, 25583563429
19244735174203, 26256752149
19288115236123, 27070824585
19332166688805, 28384990644
19377486551464, 29951831590
19424423860803, 29921828146
19471442995713, 32390340877
19521814159506, 32888022761
-------------
---commit---
18967178568280, 75376470
19002785364554, 72029792
19040152657327, 70599710
19079343928170, 81466054
19118656972549, 79457102
19160375662899, 73712498
19201868699273, 73206898
19244659323765, 75802936
19288047852285, 67329327
19332092312262, 74330565
19377418167814, 68334664
19424356695467, 67111169
19471366168350, 76775986
19521743180252, 70931588
19572716904338, 117992934
-------------
--------->>>>0<<<<---------