---updates---
19194827341093, 83512677
-------------
---reads---
18953835074312, 17620386237
18992818932080, 16505974993
19030556346694, 17144564849
19070255718558, 17507393517
19111042741244, 17336685519
19152639935436, 16741694970
19242445805355, 16636628243
19285989622701, 16685294331
19330830529632, 16913291793
19377416990053, 17046450980
19424542278764, 16990236121
19472480846956, 17261000154
19522869935163, 17752912313
19578453506394, 17384509104
-------------
---init---
18933050735175, 20784339137
18971525703205, 21293228875
19009405626383, 21150720311
19047778888959, 22476829599
19087839012366, 23203728878
19128448846717, 24191088719
19169450259355, 25377081738
19216524788225, 25921017130
19259150141086, 26839481615
19302744489033, 28086040599
19347816022290, 29600967763
19394538359550, 30003919214
19441600390570, 30880456386
19489863591129, 33006344034
19540699369336, 37754137058
-------------
---commit---
18971455460549, 70099664
19009324907073, 80569160
19047700911543, 77832968
19087763112075, 75776568
19128379426763, 69336400
19169381630406, 68553096
19194910853770, 21613873721
19259082433598, 67656195
19302674917032, 69519577
19347743821425, 72143032
19394463441033, 74865302
19441532514885, 67820719
19489741847110, 121692367
19540622847476, 76477630
19595838015498, 81186978
-------------
--------->>>>0<<<<---------