---updates---
19369036065684, 70083740
-------------
---reads---
18951176568139, 16607074300
18987286584463, 16348157094
19023784982090, 16866074121
19062424180474, 17645848426
19102913763704, 16847913149
19143439072778, 16756885068
19184199517833, 18100790293
19228694258858, 20828217530
19276563501159, 17195440192
19321700725919, 17768172434
19419281684548, 17005865252
19466849732834, 17112276460
19515535328132, 17895957433
19567079360695, 17276435185
19617667715667, 18060399842
-------------
---init---
18932905496297, 18271071842
18967850369410, 19436215053
19003706021665, 20078960425
19040717662662, 21706517812
19080141933994, 22771829710
19119825580536, 23613492242
19160278321626, 23921196207
19202369537774, 26324721084
19249596690450, 26966810709
19293833275498, 27867450421
19339547704667, 29488361017
19389857062936, 29424621612
19436363586813, 30486146021
19484027706341, 31507621791
19533514292184, 33565068511
19584431888283, 33235827384
-------------
---commit---
18967783642439, 66526152
19003634741557, 71153925
19040651056211, 66495780
19080070028900, 71809377
19119761676853, 63828993
19160195957846, 82278014
19202300308126, 69182157
19249522476388, 74167562
19293758941351, 74282345
19339468898353, 78727548
19369106149424, 20750847447
19436287549800, 75984167
19483962009294, 65649183
19533431285565, 82953642
19584355795880, 76047254
19635728115509, 69770359
-------------
--------->>>>0<<<<---------