---updates---
955285991267, 321778568
994346802900, 250870982
1077586478343, 1016733336
1209160652157, 103116931
1400478805334, 113660651
1453587451947, 1101394461
1508673551723, 930379447
1564631992730, 72465364
-------------
---reads---
883083246853, 16490990282
918811045584, 16513879788
1037427305147, 17032415044
1121532109814, 17949794648
1164664076908, 18117267808
1254179618853, 18952121521
1301618948913, 19197005210
1350556644319, 19435499054
-------------
---init---
864746751108, 18336495745
899646247839, 19164797745
935398441598, 19887549669
973298898561, 21047904339
1015273284680, 22154020467
1054541110174, 23045368169
1096603517334, 24928592480
1139556066881, 25108010027
1182850774257, 26309877900
1226800044387, 27379574466
1273202712604, 28416236309
1320885948621, 29670695698
1370064039213, 30414766121
1421934914992, 31652536955
1476253864958, 32419686765
1531360554727, 33271438003
-------------
---commit---
899574237135, 71894998
935324925372, 73364314
955607769835, 17690958246
994597673882, 20675489501
1054459720191, 81305734
1078603211679, 18000228965
1139481904462, 74090422
1182781344716, 69349627
1209263769088, 17536212288
1273131740374, 70928327
1320815954123, 69955198
1369992143373, 71845437
1400592465985, 21342401119
1454688846408, 21564992388
1509603931170, 21756566112
1564704458094, 21145811181
-------------
--------->>>>0<<<<---------