---updates---
884430624996, 178655352
921023749733, 653480781
962016871281, 585962872
1124205194886, 398832616
1259205502285, 69713163
1302727628902, 114922610
1353917072142, 61992914
1401583684662, 1016311273
1507804325771, 67391235
-------------
---reads---
1000658631156, 17070587446
1040281308513, 17240018191
1081491522572, 17904426904
1168595684271, 18095323118
1213282077048, 18477520262
1454244953802, 20658593130
1561844913932, 21172988604
-------------
---init---
864783323736, 19647301260
901813774272, 19209975461
941582473873, 20434397408
979168257699, 21490373457
1017795667112, 22485641401
1057591778730, 23899743842
1099482890123, 24722304763
1143314611210, 25281073061
1186795155194, 26486921854
1231835179098, 27370323187
1274351506145, 28376122757
1324407827836, 29509244306
1371047152140, 30536532522
1422464412809, 31780540993
1474979788417, 32824537354
1528644648453, 33200265479
-------------
---commit---
884609280348, 17204369375
921677230514, 19905075991
962602834153, 16565275258
1017729218602, 66410515
1057521326704, 70366717
1099395949476, 86854960
1124604027502, 18710516034
1186691007389, 104077676
1231759597310, 75528640
1259275215448, 15076233004
1302842551512, 21565208825
1353979065056, 17068041231
1402599995935, 19864365982
1474903546932, 76186320
1507871717006, 20772894940
1583017902536, 76813910
-------------
--------->>>>0<<<<---------