---updates---
19422944819806, 69870697
-------------
---reads---
18956383744286, 16881517364
18993244510057, 16801390084
19031193182395, 17319498147
19070971096508, 17392081020
19111655317752, 17273986408
19154083861437, 16864138541
19195857378556, 17097536355
19239563724642, 17049954626
19282827563067, 16818044209
19328332978428, 17558289328
19375777429086, 17085509363
19475239910354, 16901256801
19525271503703, 17564338282
19576432523697, 17196164181
19627291689531, 17323514316
-------------
---init---
18933011760927, 23371983359
18973342787990, 19901722067
19010120402175, 21072780220
19048585668987, 22385427521
19088438841550, 23216476202
19129001238761, 25082622676
19171017511161, 24839867395
19213020021700, 26543702942
19256692537763, 26135025304
19299716690762, 28616287666
19345958897483, 29818531603
19392932105888, 30012713918
19445224407890, 30015502464
19492219737885, 33051765818
19542905789935, 33526733762
19593709699663, 33581989868
-------------
---commit---
18973265261650, 77353748
19010045900141, 74369689
19048512680542, 72882435
19088363177528, 75518336
19128929304160, 71868337
19170947999978, 69451377
19212954914911, 65037887
19256613679268, 78810533
19299645607276, 71033286
19345891267756, 67575925
19392862938449, 69058212
19423014690503, 22209654830
19492141167155, 78523915
19542835841985, 69896839
19593628687878, 80957360
19644615203847, 65252737
-------------
--------->>>>0<<<<---------