---updates---
882210219653, 390290279
954848059869, 745769426
993283457225, 330913018
1032239882778, 361246374
1073690955862, 1924196795
1116330563911, 262139555
1159496742760, 125758418
1249909997808, 689465790
1296666180098, 941791498
1345611364243, 983896363
1451935849835, 68375381
1506131479564, 475322745
-------------
---reads---
918513221732, 16657110778
1203747656961, 18596636517
1399995954703, 20236043947
1560847074716, 20609907773
-------------
---init---
864669663909, 17540555744
899378729340, 19134492392
935241262956, 19606796913
972768926094, 20514531131
1011031015094, 21208867684
1050564259105, 23126696757
1091825662594, 24504901317
1134137905266, 25358837494
1177574856227, 26172800734
1222414288321, 27495709487
1268447249386, 28218930712
1316497372050, 29113992193
1369152500347, 30843454356
1420306158231, 31629691604
1473078647877, 33052831687
1526768925303, 34078149413
-------------
---commit---
882600509932, 16778093959
935170332510, 70841088
955593829295, 17174938794
993614370243, 17416525842
1032601129152, 17963080505
1075615152657, 16210397741
1116592703466, 17545151731
1159622501178, 17952293412
1222344293478, 69885297
1250599463598, 17847733161
1297607971596, 18889339994
1346595260606, 22557189219
1420231998650, 74113745
1452004225216, 21074366836
1506606802309, 20162074980
1581456982489, 74502794
-------------
--------->>>>0<<<<---------