---updates---
882395440115, 276911480
993535923381, 60187619
1117416625937, 181774314
1158265421601, 339843389
1248780562969, 821189667
1295607995046, 997890948
1345553534665, 71951712
1504340024356, 60566516
-------------
---reads---
918749901780, 16679162984
955928451203, 16616011286
1032547693887, 17125374425
1072925144274, 17729347455
1203039562697, 18513842591
1399752205537, 19961932798
1451311580038, 20261797764
1554678142556, 21176873901
-------------
---init---
864817473641, 17577966474
899578883016, 19171018764
935497854894, 20430596309
972610800125, 20925123256
1010839163165, 21708530722
1049743619928, 23181524346
1090723948489, 26692677448
1133589096302, 24676325299
1177148576108, 25890986589
1221621643682, 27158919287
1267679504500, 27928490546
1316056928062, 29496606603
1368754289760, 30997915777
1419787496319, 31524083719
1471647590867, 32692433489
1521461357699, 33216784857
-------------
---commit---
882672351595, 16906381094
935429064764, 68681955
972544462489, 66164974
993596111000, 17242966368
1049673068312, 70487771
1090654491729, 69346732
1117598400251, 15990596253
1158605264990, 18543268056
1221553405288, 68170748
1249601752636, 18077699688
1296605885994, 19450985172
1345625486377, 23128756927
1419714138335, 73308297
1471573377802, 74156704
1504400590872, 17060718290
1575855016457, 71093362
-------------
--------->>>>0<<<<---------