---updates---
19029075265546, 77357777
-------------
---reads---
18953599201630, 17045898375
18990640506394, 16926384086
19069393555882, 17094962369
19109667933589, 16959046516
19151586746013, 16834474539
19194338405263, 18148346429
19240027386924, 17651872892
19285634209861, 17346894185
19332406152445, 17564056815
19380240232461, 17038965641
19429086187764, 17094269940
19477762121040, 17483997204
19528259678093, 18018549446
19582005466239, 17793482989
19634220390428, 18011673262
-------------
---init---
18933111852133, 20487349497
18970714854476, 19925651918
19007644504197, 21430761349
19047057376708, 22336179174
19086562754905, 23105178684
19126704406647, 24882339366
19168492120562, 25846284701
19212567507346, 27459879578
19257754077587, 27880132274
19303056729474, 29349422971
19350071280407, 30168952054
19397353505357, 31732682407
19446248104262, 31514016778
19495341010224, 32918667869
19546354956650, 35650509589
19599933597700, 34286792728
-------------
---commit---
18970645100005, 69622247
19007566890480, 77438775
19029152623323, 17904619084
19086488518251, 74117131
19126626980105, 77338793
19168421220552, 70823475
19212486751692, 80705084
19257679259816, 74793480
19302981104046, 75580243
19349970209260, 101019044
19397279198102, 74254057
19446180457704, 67586069
19495246118244, 94844372
19546278227539, 76681326
19599798949228, 134595117
19652232063690, 78972096
-------------
--------->>>>0<<<<---------