---reads---
18951637151249, 16522655275
18987374325617, 16468281793
19024062127630, 16469088919
19062253034340, 17488149405
19102815543592, 17185484641
19144185929052, 16987055523
19185222837218, 17663556359
19229226013680, 17218816215
19273046203322, 16751676537
19316636332173, 16786818043
19361320072479, 16758699576
19408188885358, 17129695451
19455333521107, 16964317199
19504174883390, 18019442948
19555688252046, 17731046149
-------------
---init---
18932960871002, 18676280247
18968240671369, 19133654248
19003912958548, 20149169082
19040599426338, 21653608002
19079819088171, 22996455421
19120079046012, 24106883040
19161242737181, 23980100037
19202958892568, 26267121112
19246519130962, 26527072360
19289869226614, 26767105559
19333489421193, 27830651286
19378155308564, 30033576794
19425389495578, 29944025529
19472371382986, 31803500404
19522295628915, 33392623131
-------------
---commit---
18968159806524, 80675400
19003842607410, 70211136
19040531216549, 68066603
19079741183745, 77787122
19120001028233, 77931179
19161172984575, 69690955
19202886393577, 72448846
19246444829895, 74253121
19289797879859, 71297699
19333423150216, 66224136
19378078772055, 76485303
19425318580809, 70853634
19472297838306, 73492125
19522194326338, 101249596
19573419298195, 70181589
-------------
--------->>>>0<<<<---------