---updates---
885325309857, 269624914
1037234762098, 86481843
1079268696202, 336202758
1129365094485, 228982512
1419129255660, 68070318
-------------
---reads---
923037560718, 16571188327
960335553251, 16839373738
998459134337, 16781578697
1179023992027, 18596158981
1224552268926, 18618989920
1270848420624, 18913009700
1318613623092, 19402904372
1368079565124, 20035492498
1472042201976, 20629435377
1525566808596, 21275823707
1580493432594, 21702829300
-------------
---init---
864737062868, 20588246989
903677142965, 19360417753
939681629684, 20653923567
977247292345, 21211841992
1015316015447, 21918746651
1055868239794, 23400456408
1104377747001, 24987347484
1149426978845, 29597013182
1197689302088, 26862966838
1243244612202, 27603808422
1289834309944, 28779313148
1338093137375, 29986427749
1388185959525, 30943296135
1440250677128, 31791524848
1492740897714, 32825910882
1546924380503, 33569052091
-------------
---commit---
885594934771, 18082115451
939608749045, 72698616
977174926989, 72199724
1015240713034, 75074842
1037321243941, 18546904653
1079604898960, 24772707425
1129594076997, 19832833888
1197620151008, 69100677
1243171258846, 73285361
1289761430324, 72827421
1338016527464, 76569712
1388115057622, 70843938
1419197325978, 21053310390
1492671637353, 69205059
1546842632303, 81708533
1602196261894, 94567336
-------------
--------->>>>0<<<<---------