---updates---
881673434180, 68620740
917348882583, 318815545
954870424184, 739396047
1031874874630, 736478551
1158586146200, 1020989039
1294957668897, 65311987
1344913110622, 711244951
1394290162692, 301941177
-------------
---reads---
992901154483, 16928131805
1072931149095, 18012498700
1115339485864, 18001742932
1202881874219, 18083554476
1247909277399, 18655087254
1445884212400, 20565813264
1499721684925, 21157441578
1554450928513, 20982767068
-------------
---init---
864644404631, 17029029549
898656654157, 18692228426
934690285014, 20180139170
971916506205, 20984648278
1009907479567, 21967395063
1049379867162, 23551281933
1091012499170, 24326986694
1133414855051, 25171291149
1176947754880, 25934119339
1221033298053, 26875979346
1266639834844, 28317834053
1315587319953, 29325790669
1364548259065, 29741903627
1414866331277, 31017881123
1466523387745, 33198297180
1520962564863, 33488363650
-------------
---commit---
881742054920, 16912101452
917667698128, 17022435485
955609820231, 16306531090
1009829286288, 78044474
1032611353181, 16768460858
1090943647795, 68770094
1133341228796, 73520032
1159607135239, 17340554138
1220965428695, 67814407
1266564364653, 75383771
1295022980884, 20564270406
1345624355573, 18923860550
1394592103869, 20274175232
1466450025664, 73308179
1520879126503, 83386958
1575433695581, 78539489
-------------
--------->>>>0<<<<---------