---updates---
881964853813, 652190014
918540053071, 60548984
956184304980, 413208732
995126534384, 485419150
1039266103595, 346578870
1084692158888, 62713279
1130304409690, 299021009
1176001474500, 595087992
1225637196076, 280448373
1528100628974, 504996765
-------------
---reads---
1271798774108, 18955368698
1319865922958, 19522343532
1369212330918, 19832091258
1420279486987, 20511598400
1473186376231, 21152677226
-------------
---init---
864833284788, 17131569025
899965555644, 18574497427
936056907009, 20127397971
973969137558, 21157396826
1016429597720, 22836505875
1060283900602, 24408258286
1105357201022, 24947208668
1150053971410, 25947503090
1198406579157, 27230616919
1243850303585, 27948470523
1290822872980, 29043049978
1339458684032, 29753646886
1389118823851, 31160663136
1440860663190, 32325713041
1494413562033, 33687066941
-------------
---commit---
882617043827, 17348361659
918600602055, 17456142716
956597513712, 17371452446
995611953534, 20817541902
1039612682465, 20671109615
1084754872167, 20602229507
1130603430699, 19450444385
1176596562492, 21809940941
1225917644449, 17932613720
1290754142806, 68683564
1339388266490, 70381713
1389044422176, 74349858
1440791085387, 69525280
1494339053457, 74463870
1528605625739, 18606650077
-------------
--------->>>>0<<<<---------