---updates---
1034351860568, 258414344
1078280077288, 319307749
1121936617949, 672822759
1217017895733, 58164564
1262327707083, 311830198
1355629705894, 65798861
1454753512335, 847260515
-------------
---reads---
883654401237, 16470079234
919261337730, 16749194276
956626769643, 16892588226
994670128510, 17244466602
1168131723697, 22626251102
1306428669469, 19335184863
1402282994702, 20257719300
1510084180875, 20983635395
-------------
---init---
864768506057, 18885895180
900189771825, 19071565905
936084197298, 20542572345
973588547950, 21081580560
1011986501386, 22365359182
1054753419719, 23526657569
1096826936302, 25109681647
1142590479205, 25541244492
1190824406472, 26193489261
1235757888679, 26569818404
1278980470060, 27448199409
1325831866046, 29797839848
1371698176556, 30584818146
1422613254471, 32140257864
1476982603902, 33101576973
-------------
---commit---
900124480471, 65155784
936010532006, 73553529
973519357869, 69046190
1011914595112, 71793733
1034610274912, 20143050561
1078599385037, 18227432938
1122609440708, 19980968579
1190757974799, 66369430
1217076060297, 18681764359
1262639537281, 16340884125
1325763854332, 67944266
1355695504755, 16002633975
1422540714002, 72479590
1455600772850, 21381793583
1531067816270, 73261769
-------------
--------->>>>0<<<<---------