---updates---
19117274927719, 132229914
-------------
---reads---
18955858162237, 17743583838
18994789523611, 17260562525
19033603511614, 17397631537
19075354969393, 18003022267
19157995507917, 16892227846
19201413232061, 17533573739
19245668805719, 17441169965
19291535349381, 17183896917
19338334324483, 17574686246
19386511036870, 17419144712
19435000689387, 17194254017
19482626069166, 17163505801
19532596367860, 17693338351
19584830851423, 17304624038
19636229099207, 17931210250
-------------
---init---
18933122576561, 22735585676
18973676611725, 21112911886
19012124624854, 21478886760
19051075362924, 24279606469
19093428959508, 23845968211
19133263844202, 24731663715
19174956719439, 26456512622
19219017765307, 26651040412
19263213087630, 28322261751
19308802233164, 29532091319
19355988630728, 30522406142
19404008984715, 30991704672
19452296689631, 30329379535
19499857634268, 32738733592
19550355786393, 34475065030
19602205176833, 34023922374
-------------
---commit---
18973601746075, 74640014
19012050086136, 74336144
19051001143151, 74041428
19093357991660, 70761459
19117407157633, 15856550377
19174887735763, 68908523
19218946805800, 70904191
19263109975684, 103067999
19308719246298, 82939167
19355909010729, 79568390
19403930181582, 78755301
19452194943404, 101700364
19499789574967, 68005021
19550289706211, 66027848
19602135475461, 69654037
19654160309457, 76471225
-------------
--------->>>>0<<<<---------