---updates---
18988944565260, 66303742
-------------
---reads---
18951788179323, 17273982389
19027122624442, 17389661289
19066308104807, 17967888720
19107115089441, 16751152397
19149259224869, 16916293996
19190848754165, 18340211798
19235211477645, 17251690749
19279471085978, 17307864758
19326019763562, 17573678066
19373360272378, 17328108276
19420647084372, 17414461100
19468749752445, 17194984200
19518226268805, 17352946323
19569363761714, 17532510675
-------------
---init---
18933070122795, 18718056528
18969135546591, 19809018669
19006272177304, 20850447138
19044592916870, 21715187937
19084348953503, 22766135938
19123934172288, 25325052581
19166246134473, 24602619692
19209262150978, 25949326667
19252527132983, 26943952995
19296853907729, 29165855833
19343662828581, 29697443797
19390762585220, 29884499152
19438132694478, 30617057967
19486054791437, 32171477368
19535650513620, 33713248094
-------------
---commit---
18969062161712, 73228292
18989010869002, 17261187614
19044512285731, 80492642
19084275993527, 72861628
19123866241838, 67842170
19166175518865, 70558995
19209188965963, 73135669
19252463168394, 63910896
19296778950736, 74912594
19343593441628, 69324020
19390688380654, 74150119
19438061545472, 71100227
19485944736645, 110008401
19535579215128, 71249966
19586896272389, 76689157
-------------
--------->>>>0<<<<---------