---updates---
917038998276, 562178109
953779034517, 64212102
1030352847827, 245481196
1112090142872, 62101577
1247598866262, 72274319
1293109547175, 487151954
1343804212448, 62076236
1394287929621, 300137961
-------------
---reads---
881688781778, 16540874510
991832156368, 16841472746
1070840793454, 17426584840
1157996926614, 18146634432
1202293116866, 18001563114
1445550089677, 20602112079
1499213167535, 20933685267
1553319629318, 20613582141
-------------
---init---
864708778182, 16980003596
898296695066, 18742303210
934024249211, 19754785306
970885234368, 20946922000
1008748247992, 21604599835
1048218407984, 22622385470
1088336733123, 23753409749
1132908146108, 25088780506
1176219377839, 26073739027
1220367610957, 27231255305
1265060293430, 28049253745
1314989612883, 28814599565
1364121742531, 30166187090
1414392672855, 31157416822
1466220931082, 32992236453
1520230310742, 33089318576
-------------
---commit---
898229656288, 64467844
917601176385, 16422906421
953843246619, 17041829427
1008673629114, 74510963
1030598329023, 17620015704
1088267378294, 69242907
1112152244449, 20755841641
1176143561046, 75753704
1220294679980, 72860290
1247671140581, 17389091846
1293596699129, 21392854126
1343866288684, 20255402948
1394588067582, 19804555493
1466152201756, 68676639
1520146852802, 83404777
1573933211459, 78522444
-------------
--------->>>>0<<<<---------