---updates---
992589255236, 65817250
1155696567718, 65446148
1197838670782, 68569703
1228996876213, 70089448
1273220876006, 393253155
1370761919526, 69432174
1475030482228, 73090099
-------------
---reads---
882591268208, 16388100256
917756246542, 16503287724
954692540390, 16831808515
1030577080722, 16750281684
1070202315368, 18388539851
1112861629385, 17809077809
1321317142043, 19242920107
1422008078664, 20550883026
-------------
---init---
864752517125, 17838751083
899047236885, 18709009657
934333310662, 20359229728
971598844737, 20990410499
1009175077455, 21402003267
1047387843039, 22814472329
1088662452760, 24199176625
1130746777136, 24949790582
1172120742746, 25717928036
1202264217943, 26732658270
1245534519189, 27686356817
1292513109839, 28804032204
1340631875066, 30130044460
1390820494487, 31187584177
1442633444082, 32397038146
-------------
---commit---
898979368464, 67725778
934259534266, 73629666
971524348905, 74365593
992655072486, 16519922004
1047327362406, 60393461
1088590855219, 71513289
1130670707194, 75962062
1155762013866, 16358567176
1197907240485, 4356897237
1229066965661, 16467503283
1273614129161, 18898950550
1340560062150, 71758875
1370831351700, 19989092168
1442558961690, 74435853
1475103572327, 22765730076
-------------
--------->>>>0<<<<---------