---reads---
18954279427790, 17133698632
18991046667451, 16816533207
19028144433481, 17149212724
19067563905282, 17142339850
19107484901982, 16954455661
19149674395660, 17000259179
19191328943929, 18423289693
19235782049631, 16796660113
19278890967601, 16732588799
19322809554796, 16681500355
19372061311427, 17437469627
19420380860749, 17106872819
19468883586632, 17585386844
19518295359167, 17011095172
19569607493881, 17531897161
19620482240402, 17272274989
-------------
---init---
18933015751875, 21263675915
18971481652533, 19565014918
19007934499554, 20209933927
19045366185095, 22197720187
19084781831564, 22703070418
19124506122212, 25168273448
19166743402858, 24585541071
19209828367886, 25953681745
19252645346478, 26245621123
19295691351631, 27118203165
19339570042075, 32491269352
19389575052634, 30805808115
19437567698353, 31315888279
19486535806705, 31759552462
19535378950658, 34228543223
19587214991390, 33267249012
-------------
---commit---
18971413126422, 68405800
19007863200658, 71180816
19045293646205, 72431806
19084706245132, 75464193
19124439357643, 66698795
19166674654839, 68690888
19209752233622, 76078425
19252578709744, 66584062
19295623556400, 67751472
19339491055151, 78936024
19389498781054, 76211495
19437487733568, 79916413
19486468973476, 66780436
19535306454339, 72441192
19587139391042, 75555833
19637754515391, 72641745
-------------
--------->>>>0<<<<---------