---updates---
19065187196616, 287005402
19635879431840, 71351171
-------------
---reads---
18952589537205, 16274701120
18988038937079, 16917701837
19025767044446, 17580766694
19106263845725, 17231460570
19150333019856, 17356045602
19194036657777, 18177611492
19241140467528, 17216262817
19286574788920, 17213572980
19332870205270, 17686242457
19381245829238, 17224515304
19429292341510, 16714740366
19476371940136, 20966811413
19529673957511, 17302874134
19582932541962, 18113811161
-------------
---init---
18933086407152, 19503130053
18968975035346, 19063901733
19005029641383, 20737403063
19043417762215, 21769434401
19083906378242, 22357467483
19123567993511, 26765026345
19167767068417, 26269589360
19212302696377, 28837771151
19258432764575, 28142024345
19303857395112, 29012810158
19350634788924, 30611040314
19398547038862, 30745302648
19446073262965, 30298677171
19497422866766, 32251090745
19547042912121, 35889629841
19601144240301, 34735191539
-------------
---commit---
18968864238325, 110612115
19004956638916, 72858084
19043347811140, 69789653
19065474202018, 18432059796
19123495306295, 72613136
19167689065458, 77947287
19212214269269, 88407775
19258356730345, 75986257
19303788361900, 68982629
19350556447727, 78295928
19398470344542, 76640650
19446007081876, 66136965
19497338751549, 84069582
19546976831645, 66025491
19601046353123, 97791771
19635950783011, 16658362269
-------------
--------->>>>0<<<<---------