---updates---
19235015038071, 68681482
-------------
---reads---
18950002904110, 16571064957
18985267391086, 17056528539
19023833315083, 17671217290
19065029383423, 17360880963
19105172954236, 17115647577
19147261789217, 16872387846
19189328845157, 19156747712
19282758797591, 16636726632
19327276572507, 16981653036
19373525164798, 16794649714
19419409750345, 16685642071
19466362800137, 16992648893
19515895973121, 17546124959
19567346268606, 17855107775
19620299242272, 17491037848
-------------
---init---
18932874205177, 17128698933
18966639762081, 18627629005
19002402999813, 21430315270
19041590426140, 23438957283
19082458860299, 22714093937
19122363818346, 24897970871
19164202180015, 25126665142
19208573483953, 26441554118
19256123643239, 26635154352
19299468120990, 27808451517
19344327708860, 29197455938
19390388756111, 29020994234
19436163556854, 30199243283
19483430296900, 32465676221
19533518885355, 33827383251
19585274072749, 35025169523
-------------
---commit---
18966573969067, 62902366
19002323919625, 78929512
19041504532373, 85749111
19082390264386, 68479292
19122288601813, 75144384
19164134177063, 67952225
19208485592869, 87744633
19235083719553, 21039857457
19299395524223, 72551551
19344258225543, 69430055
19390319814512, 68885877
19436095392416, 68112927
19483355449030, 74794641
19533442098080, 76736124
19585201376381, 72644402
19637790280120, 72764802
-------------
--------->>>>0<<<<---------