---updates---
955364967165, 234669116
1164739917553, 64869968
1353512081859, 66966858
1453294558923, 312791423
1508867335390, 744182560
-------------
---reads---
882517131698, 16831608544
918583583941, 16640144553
998258504774, 16629721008
1037189917092, 17205280708
1078495253697, 17746271106
1121168690566, 18110537683
1207282813441, 18387732102
1253148789412, 18843303983
1300383846592, 23250788749
1401658069035, 20148360938
-------------
---init---
864868378644, 17648753054
899438062031, 19145521910
935295205188, 20069761977
973002961816, 25255542958
1014960846117, 22229070975
1054496310535, 23998943162
1096324873630, 24843816936
1139353146061, 25386771492
1181109891434, 26172922007
1225743297599, 27405491813
1272065413534, 28318433058
1323704026596, 29808055263
1370625627033, 31032442002
1421877865295, 31416693628
1475993089102, 32874246288
-------------
---commit---
899348740242, 89234185
935223728494, 71347467
955599636281, 17403177592
1014888225782, 72502587
1054395197800, 101027072
1096241524803, 83280097
1139279228249, 73840730
1164804787521, 16305044038
1225670545543, 72709494
1271992093395, 73271881
1323634635341, 69322129
1353579048717, 17046531511
1421806429973, 71380030
1453607350346, 22385694655
1509611517950, 21487088608
-------------
--------->>>>0<<<<---------