---updates---
19477039984119, 62992392
-------------
---reads---
18956364229198, 17698310703
18995297406457, 17186689592
19035307558879, 17606335846
19075786413117, 16729098471
19115568223649, 17296237552
19158143771183, 17158192462
19201379879978, 18480509355
19246577777931, 16985039918
19290672172666, 16836483733
19335393883426, 16921777416
19382275308366, 17091192346
19429594916588, 16731411011
19531948163761, 17534895092
19584723495424, 17894467407
19636964712116, 17629985820
-------------
---init---
18933114130146, 23250099052
18974141485290, 21155921167
19012560994960, 22746563919
19052988393807, 22798019310
19092586845178, 22981378471
19132936061757, 25207709426
19175379623310, 26000256668
19219933058681, 26644719250
19263631626873, 27040545793
19307599041616, 27794841810
19352387512362, 29887796004
19399442901800, 30152014788
19446416048077, 30623936042
19499479222396, 32468941365
19549547576241, 35175919183
19602690158282, 34274553834
-------------
---commit---
18974062539901, 78745783
19012484096049, 76733409
19052913894725, 74331865
19092515511588, 71206219
19132864461201, 71502012
19175301963645, 77602944
19219860389333, 72615162
19263562817849, 68755716
19307508656399, 90338661
19352315660842, 71799127
19399366500712, 76354259
19446326327599, 89617394
19477102976511, 22376182661
19549483058853, 64462578
19602617962831, 72146272
19654594697936, 72602117
-------------
--------->>>>0<<<<---------