---updates---
18987466775999, 140819331
-------------
---reads---
18950154688912, 17323187832
19024095279871, 16679615769
19062138595001, 17435052814
19102177238793, 16709461987
19143827013785, 16945714474
19184956050752, 17329948842
19227746614614, 20521357489
19274664069137, 16902231668
19318525784121, 17022837502
19364346424323, 17113273102
19412135477060, 17203461742
19459396220592, 16860445531
19507839473119, 17416805664
19560060067488, 17960049548
19613287455131, 21304033543
-------------
---init---
18932884230017, 17270458895
18967546653379, 19920122620
19004413029913, 19682249958
19040848362279, 21290232722
19079652927239, 22524311554
19118957422661, 24869591124
19160845869276, 24110181476
19202360292669, 25386321945
19248338364154, 26325704983
19291637802012, 26887982109
19335626551462, 28719872861
19381537949351, 30597527709
19429411736373, 29984484219
19476339842100, 31499631019
19525331823301, 34728244187
19578102773482, 35184681649
-------------
---commit---
18967477876744, 68625137
18987607595330, 16805312441
19040774895640, 73324354
19079573647815, 79173181
19118886700780, 70625561
19160772728259, 73072550
19202285999594, 74235187
19248267972103, 70345715
19291566300805, 71443105
19335548621623, 77881273
19381459697425, 78200922
19429338938802, 72743302
19476256666123, 83129757
19525256278783, 75499906
19578020117036, 82604485
19634591488674, 77638166
-------------
--------->>>>0<<<<---------