---reads---
18953976721947, 16303297112
18990044808730, 16130537206
19025626728177, 16393368899
19062936613613, 17096184953
19102295400519, 16741813744
19143458478099, 17045617750
19184445544526, 17985093247
19228415965296, 21148266548
19276176734744, 16986156654
19320499561162, 17054986815
19366092372666, 17005492716
19414738332436, 16976708396
19462341731519, 17111371664
19511300176895, 17070093635
19564933805424, 17067460936
19616299492573, 17167162376
-------------
---init---
18932952893129, 21023828818
18970346648658, 19698160072
19006245922539, 19380805638
19042088545037, 20848068576
19080105325231, 22190075288
19119109133764, 24349344335
19160575147910, 23870396616
19202501735031, 25914230265
19249641088808, 26535645936
19293240593215, 27258967947
19337620623653, 28471749013
19383187846361, 31550486075
19431782866253, 30558865266
19479523119599, 31777057296
19528441090285, 36492715139
19582072560851, 34226931722
-------------
---commit---
18970280019059, 66448691
19006175345936, 70428822
19042020097076, 68295424
19080032798566, 72401648
19119037214263, 71824983
19160504095849, 70994190
19202430637773, 71041678
19249564231844, 76815983
19293162891398, 77649129
19337554547977, 66027530
19383097865382, 89926676
19431715040832, 67779192
19479453103183, 69971437
19528370270530, 70774465
19582001266360, 71242575
19633466654949, 76373942
-------------
--------->>>>0<<<<---------