---updates---
917072560443, 527904716
954280173913, 330202567
1030929507549, 680687235
1072154780049, 453072153
1157246711328, 354585911
1199900855856, 692357103
1497447134572, 65975836
-------------
---reads---
881999082607, 16496524450
991811406602, 16906235947
1113945595408, 17872898172
1245151810923, 18538973784
1290994539614, 22958113682
1343386819125, 19642761974
1393170978048, 19872526761
1444454529500, 20442996371
1534932027110, 21509905879
-------------
---init---
864803796998, 17195285609
898564820516, 18507739927
934482998268, 19797175645
971095503437, 20715903165
1008794847858, 22134659691
1048927964244, 23226815805
1089636235020, 24309360388
1131891262757, 25355448571
1173830661463, 26070194393
1218211014281, 26940796642
1263759682642, 27234856972
1314027115739, 29359703386
1363104249092, 30066728956
1413119310120, 31335219380
1464980523008, 32466611564
1501093241469, 33838785641
-------------
---commit---
898495607057, 68992166
917600465159, 16882408099
954610376480, 16484994711
1008717642549, 77081837
1031610194784, 17317635505
1072607852202, 17028290482
1131818493580, 72673962
1157601297239, 16229259375
1200593212959, 17617745762
1263690784707, 68849784
1313952653296, 74408528
1363029581099, 74611053
1413043504809, 75749216
1464897525871, 82936813
1497513110408, 3580055188
1556441932989, 74969880
-------------
--------->>>>0<<<<---------