---reads---
18954416863862, 17295730648
18992376630000, 16709176404
19031021202082, 17353930015
19070860568160, 17104448015
19111154292770, 17149242490
19154941163282, 17160281653
19198179659116, 17424097159
19242022450424, 17490518585
19287120815444, 17600159350
19332631467363, 17097177797
19379512995988, 17206618985
19431232715051, 17438049577
19480521808557, 17337836390
19529550303944, 17005351853
19580405805460, 17219629912
19631742958289, 18323569837
-------------
---init---
18933090483511, 21326380351
18971785086978, 20591543022
19009153548747, 21867653335
19048445844609, 22414723551
19088051369028, 23102923742
19128386927747, 26554235535
19172174749690, 26004909426
19215674039600, 26348410824
19259579078679, 27541736765
19304788151807, 27843315556
19349797775524, 29715220464
19396792038266, 34440676785
19448742618687, 31779189870
19497926852069, 31623451875
19546630863857, 33774941603
19597698055270, 34044903019
-------------
---commit---
18971712594510, 72412825
19009085806404, 67590666
19048375132097, 70568297
19087965016175, 86229860
19128303535260, 83310395
19172101444935, 73254481
19215603756275, 70228779
19259512969009, 66064955
19304720974794, 67132275
19349728645160, 69085870
19396719614973, 72359646
19448670764628, 71808735
19497859644947, 67162659
19546555655797, 75158013
19597625435372, 72570407
19650066528126, 85907284
-------------
--------->>>>0<<<<---------