---updates---
882340679577, 267718955
993709994210, 890232510
1074189807968, 427209475
1120836510167, 60987599
1160309452805, 288402809
1250055202408, 563153821
1296956614930, 719194487
1345947847668, 659761403
1400315077461, 317043828
1455038661932, 562874336
1564125365766, 66721736
-------------
---reads---
919253093476, 16557869027
956023131308, 16728510752
1033462697330, 17464809995
1204003597415, 18987709320
1509000049641, 21269976020
-------------
---init---
864619916042, 17720763535
900157688232, 19095405244
935880882459, 20142248849
972820221442, 20889772768
1011247621321, 22215076009
1050993685853, 23196122115
1092496068992, 28340441175
1134692348370, 25617104435
1177998100217, 26005497198
1223064256605, 26990945803
1268676377897, 28280237033
1316722778996, 29225068672
1369621440860, 30693636601
1421516588657, 33522073275
1475537544532, 33462505109
1530345894232, 33779471534
-------------
---commit---
882608398532, 17549153896
935810962503, 69767873
972751642060, 68477107
994600226720, 16647307650
1050927507325, 66069235
1074617017443, 17878923895
1120897497766, 13794782472
1160597855614, 17400180806
1222991306735, 72895602
1250618356229, 18057956716
1297675809417, 19046903050
1346607609071, 23013773695
1400632121289, 20884389940
1455601536268, 19935971869
1530270025661, 75812972
1564192087502, 21214344445
-------------
--------->>>>0<<<<---------