---updates---
997332162454, 272570067
1039490657021, 105060696
1172150500430, 63559266
1265065906327, 569608742
1312376075191, 245725887
1518662144847, 69089695
1571329043012, 66015014
-------------
---reads---
884771646634, 17058071398
921358837345, 16715881406
958893656208, 17085008678
1084860274148, 18078433984
1127935717623, 18144251189
1218608958091, 18771661178
1361750563806, 19606792897
1412672218469, 20611975464
1465191295025, 20437821462
-------------
---init---
864652623252, 20119023382
901915072951, 19443764394
938163430197, 20730226011
976050771819, 21281390635
1017406911660, 22083745361
1061098286229, 23761987919
1103020488030, 24915229593
1146170288348, 25980212082
1191773026422, 26835931669
1237454130353, 27611775974
1283948229486, 28427845705
1332091569478, 29658994328
1381421297862, 31250920607
1433359265951, 31832029074
1485700472673, 32961672174
1537372863081, 33956179931
-------------
---commit---
901829718032, 85179750
938074718751, 88560753
975978664886, 71934822
997604732521, 19802131723
1039595717717, 21502487729
1102938708132, 81741333
1146079968812, 90282843
1172214059696, 19558903672
1237380619269, 73439560
1265635515069, 18312660915
1312621801078, 19469721084
1381357356703, 63887257
1433284193933, 75032659
1485629116487, 71297122
1518731234542, 18641571418
1571395058026, 21167565824
-------------
--------->>>>0<<<<---------