---updates---
887591305517, 1017964180
1040302481479, 310830746
1085678145169, 60278056
1219257646388, 340033611
1312464217655, 127309929
1518848976678, 757214778
-------------
---reads---
925232863172, 17027310301
962622851561, 16822671963
1000775739044, 16911347578
1131051566925, 17892667899
1174709642562, 18363590629
1265566474284, 18624127024
1363189951478, 19666288032
1413132374739, 19943118139
1465095997128, 20691213069
1573157462996, 21109214235
-------------
---init---
864710787663, 22880517854
905496546001, 19736317171
942332354121, 20290497440
979518799604, 21256939440
1017760882426, 22541599053
1061567251068, 24110894101
1105813483651, 25238083274
1149046317455, 25663325107
1193138387921, 26119258467
1238308964806, 27257509478
1284260163512, 28204054143
1333153969517, 30035981961
1382930479905, 30201894834
1433174033755, 31921963373
1485859041517, 32989935161
1540321607805, 32835855191
-------------
---commit---
888609269697, 16887091990
942260173473, 72064217
979445523524, 73129950
1017687086622, 73666281
1040613312225, 20953834059
1085738423225, 20074963635
1148944234824, 102005158
1193073233191, 65101157
1219597679999, 18711235857
1284190601308, 69491237
1312591527584, 20562405695
1382856239510, 74194279
1433075492878, 98486248
1485787210197, 71773118
1519606191456, 20715377896
1594266677231, 76271179
-------------
--------->>>>0<<<<---------