---updates---
918231451500, 370505187
955311704036, 287872928
994287080320, 332250499
1037800331350, 62933402
1209725015764, 67158605
1350095197202, 62634046
1401166971173, 462022594
1454090166950, 517532509
-------------
---reads---
882955127745, 16447052076
1079721818983, 17871653806
1122183830655, 17890174779
1165416475116, 17971961533
1254431398107, 18783839784
1301757783555, 19055044886
1510501058800, 23031109689
-------------
---init---
864809656139, 18145471606
899469221352, 18762230148
935353496923, 19958207113
973456725619, 20830354701
1015496745920, 22303585430
1056087730276, 23634088707
1097665657590, 24518173065
1140147046541, 25269428575
1183461406328, 26263609436
1226984408949, 27446989158
1273293513086, 28464270469
1320880501795, 29214695407
1370109101362, 31057869811
1422123432880, 31966734070
1476416754496, 34084304304
-------------
---commit---
899402179821, 66970296
918601956687, 16751390382
955599576964, 17857000251
994619330819, 20877240408
1037863264752, 18224387636
1097593472789, 72115915
1140074005434, 72982577
1183388436649, 72890245
1209792174369, 17192197057
1273215237891, 78231659
1320812828441, 67592346
1350157831248, 19951222616
1401628993767, 20494396577
1454607699459, 21809019715
1533532168489, 184200297
-------------
--------->>>>0<<<<---------