---updates---
18986567324350, 67671629
-------------
---reads---
18950773175874, 16782615916
19025484943243, 17118765292
19065585798245, 17755750418
19106583061571, 17065363577
19148672173592, 17155068796
19190837960703, 18037308895
19235438739929, 17222101827
19279786234832, 17305118922
19325393566870, 17267757200
19371578370718, 17153679516
19418151005165, 17313251549
19465840177372, 17196687373
19515288405003, 17778845005
19566915528074, 17351177686
-------------
---init---
18933076255148, 17696920726
18967627667302, 18939657048
19004608468355, 20876474888
19042684507136, 22901291109
19083408034200, 23175027371
19123720500740, 24951672852
19165900289863, 24937670840
19208947989643, 26490750286
19252736454211, 27049780621
19297201677856, 28191889014
19342724416734, 28853953984
19388803221572, 29347783593
19435587005003, 30253172369
19483104283743, 32184121260
19533148457837, 33767070237
-------------
---commit---
18967555791790, 71750099
18986634995979, 17973313671
19042603708535, 80646942
19083341548663, 66346528
19123648425148, 72000218
19165827242388, 72995805
19208875269598, 72649039
19252660841756, 75561013
19297091353754, 110269813
19342661324070, 63044662
19388732050234, 71122733
19435464256714, 122697137
19483036864745, 67370696
19533067250008, 81155316
19584266705760, 79968807
-------------
--------->>>>0<<<<---------