---updates---
916578179000, 62030411
1197929150859, 693187969
1229230587500, 364745728
1371426816816, 195042193
1530828611830, 65479498
-------------
---reads---
881835516942, 16240630681
953091171016, 16638781042
990295224226, 16824506786
1028825231928, 17140892119
1068850562236, 17723247184
1110681162788, 17913768193
1153845468626, 17911502355
1273152522361, 18923571757
1321135203433, 19636542081
1424331620253, 20392888899
1476903823691, 20580345357
-------------
---init---
864772299192, 17063217750
898146778042, 18431400958
933395127845, 19696043171
969803197156, 20492027070
1007191654558, 21633577370
1046037471084, 22813091152
1086643294198, 24037868590
1128668078933, 25177389693
1171827546396, 26101604463
1202081881276, 27148706224
1245319875804, 27832646557
1292152746298, 28982457135
1340847871581, 30578945235
1391031322946, 33300297307
1444788397419, 32115426272
1497557062065, 33271549765
-------------
---commit---
898076147623, 70470544
916640209411, 16754770802
969729952058, 73096930
1007119731012, 71799509
1045966124047, 71260434
1086573809420, 69398350
1128594930981, 73076534
1171756970981, 70439219
1198622338828, 3459462029
1229595333228, 15724488275
1292076094118, 76603889
1340771745514, 76068259
1371621859009, 19409412383
1444724509152, 63831250
1497484169048, 72837503
1530894091328, 21555096644
-------------
--------->>>>0<<<<---------