---reads---
18952937596730, 17106053746
18989630371611, 16663646719
19026704134343, 17003693305
19065705392669, 17633949066
19106917632748, 17091539792
19149887874787, 16860457380
19192542839933, 19338168945
19239449499031, 17379256622
19283447307193, 16779096795
19328368376879, 16986624556
19375471099487, 17401467492
19427923090724, 17010352027
19476392844279, 17020517115
19524752992699, 17317848236
19575293481351, 17167343682
19626608887586, 17237297513
-------------
---init---
18932915368415, 20022228315
18970107690069, 19522681542
19006377220935, 20326913408
19043778613617, 21926779052
19083422305749, 23495326999
19124099728762, 25788146025
19166827971092, 25714868841
19211956896193, 27492602838
19256914422040, 26532885153
19300348377338, 28019999541
19345440710653, 30030388834
19392958363564, 34964727160
19445047659008, 31345185271
19493481388167, 31271604532
19542143936093, 33149545258
19592533807119, 34075080467
-------------
---commit---
18970043650476, 63857737
19006294018330, 83053216
19043707827648, 70640674
19083339341735, 82877488
19124009172540, 90475021
19166748332167, 79575160
19211881008878, 75832415
19256828755653, 85621404
19300226403988, 121925774
19345355001435, 85661999
19392872566979, 85753230
19444933442751, 114163809
19493413361394, 67973565
19542070840935, 73041445
19592460825033, 72938517
19643846185099, 76654078
-------------
--------->>>>0<<<<---------