---updates---
883872823398, 719249108
957371936641, 244676375
996095044222, 510087089
1039505845774, 114387774
1127192690542, 408128993
1266843042788, 795886665
1307506687947, 70301912
1356726955851, 65336823
1406745090519, 61538736
1462281972776, 317012401
-------------
---reads---
920989349312, 16501280727
1084293976038, 18266835462
1172802079166, 17999725159
1217108704196, 18328282303
1515738341799, 21263044368
1570684660446, 21528615434
-------------
---init---
864857369433, 19015453965
901988834118, 19000515194
937554607841, 19817328800
975197417969, 20897626253
1017099359389, 22406486385
1060644535540, 23649440498
1102629934310, 24562756232
1148044524711, 24757554455
1190869216913, 26239487283
1235504340300, 31338702488
1278828502666, 28678185281
1326960457381, 29766498470
1376342014094, 30403076425
1430610252304, 31671720472
1482965131772, 32773210027
1537075285114, 33609375332
-------------
---commit---
884592072506, 17396617966
937490630039, 63835573
957616613016, 17580634083
996605131311, 20494098519
1039620233548, 21024239135
1102560811500, 69028633
1127600819535, 20443579989
1190801804325, 67389763
1235436986499, 67290898
1267638929453, 11189503063
1307576989859, 19383397652
1356792292674, 19549667645
1406806629255, 23803561544
1462598985177, 20366095991
1537001386167, 73850342
1592213275880, 76668405
-------------
--------->>>>0<<<<---------