---reads---
18952968214874, 16670984248
18989145396986, 17419507121
19028516316519, 17934265718
19069486821163, 17531924667
19110474044852, 17244256634
19152908897900, 17234705153
19197300558738, 18491604540
19244770650039, 21160610023
19294366127147, 17148127451
19340467728749, 17477018564
19388660577021, 17000886507
19436489760675, 17513635537
19485733447934, 17615234910
19537018696410, 18007500891
19589256482016, 16848077819
19640331202481, 17460054411
-------------
---init---
18933044731043, 19923483831
18969721553485, 19423843501
19006648854457, 21867462062
19046524367908, 22962453255
19087092142004, 23381902848
19127795375730, 25113522170
19170222978161, 27077580577
19215862550967, 28908099072
19265999238108, 28366889039
19311586166661, 28881562088
19358016399258, 30644177763
19405728055494, 30761705181
19454069555796, 31663892138
19503431890999, 33586805411
19555104830946, 34151651070
19606176625266, 34154577215
-------------
---commit---
18969639199122, 82144020
19006564904107, 83809209
19046450582237, 73642417
19087018745830, 73308808
19127718301486, 76988830
19170143603053, 79313660
19215792163278, 70337812
19265931260062, 67923312
19311514254598, 71860475
19357944747313, 71578997
19405661463528, 66521534
19454003396212, 66099113
19503348682844, 83163898
19555026197301, 78587481
19606104559835, 72018254
19657791256892, 70803800
-------------
--------->>>>0<<<<---------