---reads---
18955088278807, 16868882733
18991952201713, 16613694624
19029181973293, 17025654170
19067993688985, 18512726020
19109778837990, 17389433362
19152361921865, 17522536218
19194999253711, 18244018615
19240027743918, 17057786226
19284331008301, 16914521700
19329206493585, 17060983891
19375859124018, 16922788923
19422500244245, 17212813712
19471070349470, 21488702281
19526807126651, 17753465181
19578828442493, 17189641305
19629642078441, 17735189068
-------------
---init---
18933057164947, 22031113860
18972029797959, 19922403754
19008630640667, 20551332626
19046274046696, 21719642289
19086577951223, 23200886767
19127248068399, 25113853466
19169950897098, 25048356613
19213318111745, 26709632173
19257161339273, 27169669028
19301311153416, 27895340169
19346336735742, 29522388276
19392844616107, 29655628138
19439783905772, 31286443698
19492645918148, 34161208503
19544640345309, 34188097184
19596099268542, 33542809899
-------------
---commit---
18971957161540, 72443475
19008565896337, 64585698
19046207627463, 66281387
19086506415005, 71418542
19127168271352, 79701401
19169884458083, 66378228
19213243272326, 74785319
19257085530144, 75785936
19301245530001, 65571965
19346267477476, 69214858
19392781912941, 62649985
19439713057957, 70801806
19492559051751, 86812765
19544560591832, 79706845
19596018083798, 81129903
19647377267509, 79233881
-------------
--------->>>>0<<<<---------