---updates---
917467636272, 134787411
1030570267530, 60432357
1158270738559, 332301964
1344013645399, 586211476
1393661966471, 930071821
1497961123869, 70012232
1534858427375, 71461758
-------------
---reads---
882015888960, 16659864121
954871411419, 16940294087
992684026138, 16536607132
1072421147654, 18059161176
1115003186400, 17893033923
1202834589316, 18418648005
1248629794156, 18512119865
1295313500759, 19254748644
1444705333441, 20458815995
-------------
---init---
864811568236, 17204320724
898748761778, 18718874494
934883487037, 19987924382
971888307560, 20795718578
1009290642604, 21279624926
1049118062105, 23303085549
1090546012930, 24457173470
1132974739162, 25295999397
1176519116264, 26315473052
1221330153901, 27299640255
1267212808305, 28100692454
1314693209340, 29320436059
1363618796201, 30043170270
1413575629904, 31129703537
1465239585075, 32721538794
1501432053864, 33426373511
-------------
---commit---
898675753081, 72829775
917602423683, 17280913507
971811705506, 76426300
1009220633270, 69939869
1030630699887, 18487297681
1090480308830, 65608207
1132896220323, 78427172
1158603040523, 17916012785
1221253237321, 76863975
1267141914021, 70842048
1314568249403, 124897822
1344599856875, 19018904172
1394592038292, 18983541683
1465164149436, 75378276
1498031136101, 3400819238
1534929889133, 21867607677
-------------
--------->>>>0<<<<---------