---reads---
18955462244327, 17179448271
18993035087279, 16725289277
19030766915022, 16779006150
19069354204818, 17888366634
19110377910447, 16955068623
19152177702344, 16966734057
19196888960415, 19305128698
19243944366786, 16724375326
19287397391825, 16821741381
19332758757515, 17830861372
19381202112376, 16686676720
19427709044153, 16666442678
19475040051904, 16822973200
19524853238790, 17412723079
19576287625227, 17665076575
-------------
---init---
18933063840983, 22398403344
18972717559537, 20317527742
19009840212543, 20926702479
19047618267200, 21735937618
19087314498879, 23063411568
19127463413301, 24714289043
19169266552797, 27622407618
19216271926309, 27672440477
19260737188416, 26660203409
19304297415534, 28461341981
19350732929972, 30469182404
19397952856552, 29756187601
19444446283747, 30593768157
19491933773524, 32919465266
19542331203246, 33956421981
-------------
---commit---
18972641692598, 75748114
19009760376556, 79688196
19047545921172, 72247695
19087242571452, 71773813
19127332979070, 130340246
19169144436401, 122055443
19216194089113, 77792721
19260668742112, 68392234
19304219133206, 78238376
19350589618887, 143264056
19397888789096, 64014009
19444375486831, 70744112
19491863025104, 70696696
19542265961869, 65187140
19593952701802, 81386233
-------------
--------->>>>0<<<<---------