---updates---
916215302946, 396529812
939576692796, 63605270
965234800819, 371080598
1170012583233, 59347390
1218161459237, 429582233
1263863756819, 739538689
1462143757767, 103778722
1510148585014, 452432393
-------------
---reads---
881157694258, 16273165896
1003907549872, 17197285588
1044249202186, 17259117235
1085159209005, 17374813132
1127177868628, 17755604047
1307256739501, 19037559052
1355482033322, 19813652643
1405824634156, 24214841083
-------------
---init---
864679667082, 16478027176
897529705205, 18685597741
920203246823, 19373445973
944857497238, 20377303581
982359692180, 21547857692
1021212231269, 23036970917
1061593117125, 23566091880
1102624819267, 24553049361
1145005307320, 25007275913
1191375524919, 26785934318
1236190866849, 27672889970
1279397019838, 27859719663
1326397618030, 29084415292
1375366167614, 30458466542
1430115060717, 32028697050
1477199788680, 32948796334
-------------
---commit---
897430860154, 98641768
916611832758, 3591263229
939640298066, 5217070361
965605881417, 16753684463
1021104835460, 107260053
1061508319421, 84756181
1102534022137, 90729145
1144933472675, 71739701
1170071930623, 21303527277
1218591041470, 17599742558
1264603295508, 14793683576
1326294298553, 103263638
1375295685965, 70441925
1430039475239, 75538825
1462247536489, 14952204247
1510601017407, 23536612622
-------------
--------->>>>0<<<<---------