---updates---
1071014391364, 88376843
1339452385609, 58881142
1424065324931, 93983462
1478134561690, 85710850
-------------
---reads---
881144523577, 16529624744
916321558354, 16530553166
952988679161, 16881116012
991276082060, 17046957180
1030576476442, 17264394739
1113389451090, 17479723521
1155451602436, 17814366828
1199365980281, 18286228197
1244592157576, 18923401346
1291464690453, 19068665191
1373252748617, 19628337258
1531990450725, 21798189654
-------------
---init---
864671504229, 16473019348
897773760265, 18547798089
932926949920, 20061729241
969944830716, 21331251344
1008397291306, 22179185136
1047917689387, 23096701977
1088926037754, 24463413336
1130938245309, 24513357127
1173340383856, 26025596425
1217723578236, 26868579340
1263583059285, 27881631168
1310597785836, 28854599773
1343069896055, 30182852562
1392957052485, 31108272446
1445105932466, 33028629224
1498113954691, 33876496034
-------------
---commit---
897674148321, 99462604
932852111520, 74688320
969869795173, 74891684
1008323039240, 74139879
1047840871181, 76697182
1071102768207, 17823196583
1130869174611, 68996772
1173265969264, 74332766
1217652208478, 71330316
1263515558922, 67446759
1310533355644, 64360116
1339511266751, 3558578338
1392881085875, 75922775
1424159308393, 20946579774
1478220272540, 19893631995
1553788640379, 73523068
-------------
--------->>>>0<<<<---------