---reads---
18951083265180, 16871991026
18987081321481, 16634910884
19024690097105, 17173837493
19064202553080, 17251608757
19104086361890, 16987153546
19146461865590, 17223745377
19188938021012, 18761700482
19234499492744, 17188942101
19278786969853, 17111926252
19323536228835, 17100824999
19369542504662, 17154986016
19416252327563, 17013015394
19464166799874, 21241596703
19518994384951, 17794730321
19570767816336, 17365764084
-------------
---init---
18932979086456, 18104178724
18968020832796, 19060488685
19003789745307, 20900351798
19041936085367, 22266467713
19081732066207, 22354295683
19121141148770, 25320716820
19163751276261, 25186744751
19207813534373, 26685958371
19251759163883, 27027805970
19295968030880, 27568197955
19340703932138, 28838572524
19386766522713, 29485804850
19433339071676, 30827728198
19485483883994, 33510500957
19536869411499, 33898404837
-------------
---commit---
18967955256206, 65372262
19003716232365, 73397490
19041863934598, 72025778
19081454161837, 277795477
19121073515436, 67561642
19163685610967, 65603211
19207699721494, 113756979
19251688434845, 70683473
19295898896105, 69065399
19340637053834, 66825955
19386697490678, 68982605
19433265342957, 73673162
19485408396577, 75433054
19536789115272, 80196674
19588133580420, 75082721
-------------
--------->>>>0<<<<---------