---updates---
920885636263, 711899456
962419615130, 238113510
1000510478999, 106925072
1124613601378, 990728505
1172849808165, 749372037
1218864603405, 748101872
1265403791194, 222025041
1414006210559, 99711635
1466264421437, 64069116
-------------
---reads---
885118481823, 16504838059
1041532751379, 17549023562
1082824464618, 17137331228
1313044074326, 19745439367
1363071515725, 20052709211
1519608092056, 20517542623
-------------
---init---
864865651488, 20252830335
901691118184, 19194518079
941333645896, 21085969234
978989923288, 21520555711
1018612174376, 22920577003
1059154884879, 23669579739
1100032111695, 24581489683
1147390938064, 25458870101
1192162173822, 26702429583
1237740996817, 27662794377
1284136505796, 28907568530
1332865447658, 30206068067
1383192916703, 30813293856
1433832538798, 32431882639
1487367639501, 32240452555
-------------
---commit---
901623319882, 67655387
921597535719, 19735959025
962657728640, 16332023418
1000617404071, 17994654533
1059081774941, 73028560
1099961795846, 70184691
1125604329883, 21786506154
1173599180202, 18562915388
1219612705277, 18128208554
1265625816235, 18510647280
1332789513693, 75893693
1383124224936, 68639662
1414105922194, 19726560557
1466328490553, 21039100637
1540125634679, 68951737
-------------
--------->>>>0<<<<---------