---updates---
885188303204, 422931371
922877231597, 729213077
1040740106476, 863270512
1086057908711, 545009476
1175045609295, 554976973
1312139323168, 475279695
1361032820070, 565286715
1463977498271, 620393592
1519906969639, 687347984
-------------
---reads---
963675428557, 16819985581
1001770249633, 16854349342
1131408572623, 17710560945
1219387654982, 18026415033
1264638545356, 18902731655
1411519456666, 20312387309
1579082544093, 21627221117
-------------
---init---
864677339276, 20510963928
903152440666, 19724790931
942938790437, 20736638120
980568735394, 21201514239
1018695006416, 22045100060
1062301167920, 23756740791
1106264256580, 25144316043
1149186669797, 25858939498
1193594166960, 25793488022
1237479693964, 27158851392
1283614724956, 28524598212
1331684114890, 29348705180
1381021543090, 30497913576
1431931692697, 32045805574
1486618414193, 33288555446
1544492496805, 34590047288
-------------
---commit---
885611234575, 17541050331
923606444674, 19332208870
980495414138, 73180782
1018624598975, 70317968
1041603376988, 20697679207
1086602918187, 19661247359
1149119133568, 67439018
1175600586268, 17993533150
1237414070015, 65573613
1283541277011, 73380362
1312614602863, 19069420768
1361598106785, 19423408882
1431831843975, 99793092
1464597891863, 22020478221
1520594317623, 23898107205
1600709765210, 71653085
-------------
--------->>>>0<<<<---------