---updates---
921112571101, 486095543
962581472310, 64086306
1000896293365, 767762023
1041227696462, 375842763
1129945885671, 656773684
1271386953416, 70239021
1368304389135, 69636011
1472551034297, 97053401
-------------
---reads---
885490814381, 16435597675
1087141509949, 18213877920
1179834690242, 18423865848
1225005589237, 18499287720
1319140275698, 19427881684
1419638582504, 20355224080
1530142167617, 20834985748
1584272126377, 21348629556
-------------
---init---
864667681362, 20823133019
901992060322, 19120510779
941782285646, 20799186664
979390142981, 21506150384
1018818560778, 22409135684
1063252859148, 23888650801
1105427030949, 24518854722
1150224901086, 29609789156
1198332095897, 26673493340
1243581187679, 27805765737
1290498250049, 28642025649
1338669201043, 29635188092
1388490498643, 31148083861
1440067100737, 32483933560
1497160803165, 32981364452
1551050493017, 33221633360
-------------
---commit---
901926412056, 65493522
921598666644, 20183451361
962645558616, 16744421461
1001664055388, 17154380514
1041603539225, 21649237300
1105355387869, 71523756
1130602659355, 19622141639
1198258556090, 73487703
1243504876957, 76270050
1271457192437, 19041005954
1338568157382, 100988702
1368374025146, 20116423693
1439993806584, 73249978
1472648087698, 24512665524
1550977153365, 73288203
1605620755933, 71914626
-------------
--------->>>>0<<<<---------