---updates---
19104530582756, 66894138
-------------
---reads---
18950271296340, 16899972951
18985897170366, 16824426925
19024204658421, 17542542829
19064384740614, 17257015812
19150518430316, 17749452017
19194266462737, 17520085445
19238073402939, 16953365175
19282132474554, 17337456247
19328464658811, 17198031453
19375058462986, 17090166423
19422102166236, 17382087684
19470869967908, 17467234711
19521571335734, 17332556973
19572384854181, 17015711912
19622708386874, 17673970056
-------------
---init---
18933028759966, 17242536374
18967238409471, 18658760895
19002818686738, 21385971683
19041836178455, 22548562159
19081708470650, 22822112106
19124672766547, 25845663769
19168344289645, 25922173092
19211864335191, 26209067748
19255091424169, 27041050385
19299544336225, 28920322586
19345735658355, 29322804631
19392221142644, 29881023592
19439556671774, 31313296134
19488413641428, 33157694306
19538976985232, 33407868949
19589469243446, 33239143428
-------------
---commit---
18967171269291, 66956678
19002721597291, 96927574
19041747201250, 88836772
19081641756426, 66519922
19104597476894, 20075206804
19168267882333, 76356758
19211786548182, 77739553
19255026768114, 64611801
19299469930801, 74355218
19345662690264, 72923681
19392148629409, 72466790
19439484253920, 72373830
19488337202619, 76385190
19538903892707, 73037577
19589400566093, 68623606
19640382356930, 78071663
-------------
--------->>>>0<<<<---------