---updates---
956359712653, 250461822
1117331084986, 272750681
1205209121683, 65910432
1250680473537, 920451881
1345520096570, 79584298
1398795873248, 62599164
1507790985671, 57970244
1562049839399, 63656400
-------------
---reads---
884022329592, 16772058001
919875077858, 16494974389
995247318512, 17043263601
1034600060453, 17133370895
1075117730255, 17492145965
1160267551240, 18293460729
1297183633161, 19111721405
1453020307751, 21995865225
-------------
---init---
864801606185, 19220723407
900865750885, 19009326973
936456151654, 19903560999
974431787593, 20815530919
1012354858368, 22245202085
1051807426715, 23310303540
1092690970583, 24640114403
1134861447705, 25406103535
1178674388322, 26534733361
1223720728643, 26959744894
1269070173486, 28113459675
1316369649950, 29150446620
1368938633318, 29857239930
1421229222546, 31791085205
1475094550864, 32696434807
1528838667815, 33211171584
-------------
---commit---
900794387593, 71225807
936370052247, 85923134
956610174475, 17821459751
1012290582113, 64168565
1051733431348, 73911089
1092609876220, 81008270
1117603835667, 17257540974
1178561011969, 113167059
1205275032115, 18445616633
1251600925418, 17469211926
1316295354566, 74238684
1345599680868, 23338921753
1398858472412, 22370642161
1475016172976, 78324475
1507848955915, 20989668269
1562113495799, 21282727971
-------------
--------->>>>0<<<<---------