---updates---
918839028370, 769617649
1033224543198, 382807581
1074248965472, 341710485
1116179576521, 417844751
1159784269683, 817999465
-------------
---reads---
883114772449, 16739446206
955843888671, 16603630871
993877931099, 17038809702
1203715980007, 18118278626
1248695707759, 18712970076
1295602399267, 19045972497
1344137511534, 19625711466
1393967310104, 19739559754
1444915127302, 20543482201
1497718498438, 21316442184
-------------
---init---
864872432703, 18242339746
899920405182, 18918623188
935831072729, 20012815942
972519824119, 21358106980
1010997139795, 22227403403
1050789062171, 23459903301
1092068975347, 24110601174
1134375192218, 25409077465
1177756630871, 25959349136
1221906950174, 26788757585
1267514908281, 28087490986
1314753190944, 29384320590
1363837276916, 30130033188
1413781754599, 31133372703
1465538059256, 32180439182
-------------
---commit---
899854218655, 65999828
919608646019, 16222281374
972447519542, 72185290
1010916740801, 80282017
1033607350779, 17181602546
1074590675957, 17478239979
1116597421272, 17777723870
1160602269148, 17154307837
1221834258633, 72652063
1267408677835, 106180021
1314648371764, 104795020
1363763223000, 73999852
1413706869858, 74826524
1465458609503, 79401328
1519034940622, 116847606
-------------
--------->>>>0<<<<---------