---updates---
915534536019, 68271304
938548540704, 66926793
965337694741, 277469214
1005647798474, 93812543
1045998744837, 612174417
1091494074202, 112839005
1179984849081, 67165287
1226525035303, 76512525
1272519989427, 88467456
1420579752233, 65233557
1473250670418, 385850191
1531016831103, 622365749
-------------
---reads---
881026128321, 16296956679
1136227422025, 17816714155
1320542308815, 19332951268
1369883583248, 19885954665
-------------
---init---
864614109224, 16412019097
897414809109, 18119726910
918953075150, 19595465554
944683967202, 20653727539
982146184645, 23501613829
1023441994886, 22556749951
1067169387093, 24324687109
1111417023894, 24810398131
1154117302236, 25867546845
1199317164081, 27207871222
1244875043922, 27644945505
1291886885034, 28655423781
1339940019073, 29943564175
1389839918856, 30739833377
1441268784919, 31981885499
1497588190804, 33428640299
-------------
---commit---
897323085000, 80802830
915602807323, 3350127958
938615467497, 6068305090
965615163955, 16530772558
1005741611017, 17700265957
1046610919254, 20558380044
1091606913207, 19810057532
1154044136180, 73063938
1180052014368, 19265078142
1226601547828, 18273394851
1272608456883, 19278385757
1339875260083, 64708804
1389769537913, 70323654
1420644985790, 20623746450
1473636520609, 23951627924
1531639196852, 21206851122
-------------
--------->>>>0<<<<---------