parsing config file ./lvconfig26.conf
parsing done
<<<<< redos: 0 >>>>>
----- insert -----
5.24967
3.8103
912.688
661.776
806.053
453.398
301.912
684.577
166.224
171.401
483.564
381.68
396.679
714.729
687.329
593.802
508.432
226.604
417.102
678.235
352.936
945.178
808.708
407.66
400.738
961.991
247.576
470.689
897.393
749.182
756.17
694.706
750.391
614.89
671.116
432.404
3.64444
3.41865
3.30156
3.97947
4.29612
517.281
522.27
700.204
688.125
806.801
781.74
252.96
584.133
373.653
429.82
855.248
559.608
487
757.526
500.032
495.522
463.742
722.846
892.559
329.34
900.794
503.412
345.141
336.116
875.3
750.345
260.57
457.481
532.043
320.081
3.47394
370.441
786.34
463.166
664.677
605.903
591.095
58.1633
130.87
3.43007
48.4025
844.965
28.3051
178.007
3.76497
3.6774
3.52193
3.36856
163.335
3.62715
3.14649
112.96
835.521
3.68957
4.52306
359.608
506.029
3.55235
228.767
----------------
insert (avg): 434.536
----------------
----- init -----
6.66476
4.47112
5.18429
5.70216
8.04371
6.26431
7.50619
7.92038
9.11306
9.0097
9.35256
18.4037
9.9059
10.7378
11.6452
11.6193
13.2191
12.2588
13.1034
13.8351
20.7879
15.917
15.0283
20.086
16.7409
19.9691
17.2992
17.8751
17.4141
17.3857
18.5525
20.8959
19.8793
21.2455
20.467
25.131
20.8264
19.7714
21.775
22.8588
22.7185
23.8149
24.8551
24.3423
24.725
26.3417
26.7078
33.2987
32.6761
36.2473
35.5968
30.7244
27.7889
34.6846
30.0459
35.7613
35.6691
38.0528
31.1915
34.4957
39.5865
33.4854
38.2703
34.8525
36.5513
39.3441
36.4699
42.7426
35.9921
35.8742
39.0295
40.5066
36.025
36.8607
43.1701
38.8331
41.6465
42.5708
42.5138
41.3785
40.0315
49.4386
39.7058
49.0883
48.0846
42.4889
42.455
45.8447
52.0646
45.8085
46.0075
45.3041
46.1054
53.2721
45.8892
45.73
53.2116
57.0365
48.7573
49.4037
----------------
init (avg): 29.1504
----------------
----- commit -----
34.934
52.9563
331.442
186.641
544.187
690.748
303.207
826.609
817.403
507.367
599.858
593.432
274.423
303.238
391.014
480.315
760.719
569.631
308.556
632.768
35.312
172.142
572.89
582.228
17.2118
735.538
512.228
86.5045
231.513
225.098
288.564
226.077
363.054
309.322
548.672
25812.3
182.026
1180.65
6523.62
541.741
87.4632
450.765
274.843
286.919
167.089
190.961
713.765
383.289
590.915
537.13
109.903
413.638
478.191
212.302
463.696
469.326
496.654
247.671
75.0712
627.268
65.0909
460.5
619.381
626.709
85.0062
216.349
694.144
506.201
433.144
640.484
26502.6
48.1337
174.327
496.625
294.071
354.475
365.282
899.82
826.354
1560.42
296.878
114.394
922.568
778.921
4754.19
284.754
3435.36
2059.64
54.8353
1971.88
3552.05
218.544
110.897
3127.75
2145.13
217.253
434.747
25625.2
44.8366
203.162
----------------
commit (avg): 1418.55
----------------
# Loading records:	100
skipping run
