parsing config file ./lvconfig4.conf
parsing done
<<<<< redos: 0 >>>>>
----- insert -----
3.71632
419.197
290.181
819.538
70.6283
965.427
972.256
145.749
746.149
536.234
506.988
618.883
488.438
606.613
458.035
634.702
488.591
872.588
597.267
927.924
393.433
410.138
764.955
861.809
470.748
285.256
335.178
452.926
459.967
732.269
451.135
853.905
657.099
418.956
550.014
901.529
888.524
968.813
931.601
966.059
3.88831
473.37
954.09
911.906
512.921
405.857
456.598
711.964
496.475
537.221
280.754
571.158
641.185
695.152
345.058
452.022
852.375
734.56
793.067
852.126
605.234
412.765
724.505
183.103
673.545
797.295
380.336
613.261
385.128
756.381
377.606
772.484
541.154
443.138
436.502
3.50126
295.197
898.079
873.062
878.159
326.834
690.247
453.327
856.215
3.2398
3.66335
216.727
5.1265
122.707
4.23439
4.32882
168.707
3.16759
4.18372
430.188
3.42781
3.26175
3.56669
3.6803
3.49142
----------------
insert (avg): 499.659
----------------
----- init -----
5.86879
4.30781
4.88232
7.02125
6.17227
9.54917
11.1827
7.98498
8.67099
8.93413
9.04303
10.023
18.4683
10.5612
10.5931
11.6424
13.3562
12.9903
13.6263
15.4904
13.9063
13.7435
16.8534
15.941
16.9864
26.0678
20.5534
17.3273
17.3798
18.4665
17.8403
19.4394
20.5437
20.1115
21.3237
21.2447
25.5304
21.7742
20.6889
22.9241
25.7602
21.7806
23.3412
22.2642
47.649
25.7838
25.4861
24.889
27.6901
35.3038
26.9325
35.738
28.0875
28.3467
37.1233
29.6975
32.1606
30.664
34.1601
30.2686
41.2478
40.4511
34.7125
42.9697
39.6195
37.5815
41.4606
35.1904
42.2834
41.8407
41.0702
37.6638
38.0961
39.9138
38.7997
38.6722
38.3493
42.2907
44.4401
43.589
44.4541
41.4219
47.2949
43.7597
43.299
45.0075
42.3175
43.0352
42.9313
48.754
45.6704
47.954
43.525
57.4411
55.3548
50.4955
46.1572
52.9171
49.2482
47.112
----------------
init (avg): 29.2053
----------------
----- commit -----
532.234
704.982
173.317
924.136
23.1668
20.0114
845.325
242.831
455.066
484.344
370.803
492.211
385.55
529.368
354.379
498.025
113.122
390.495
60.1254
592.856
570.672
219.213
127.664
505.994
688.732
645.315
528.592
522.704
249.57
532.88
125.28
322.511
561.708
435.061
67.651
84.9472
9.66751
47.6058
10.7222
26462.5
12.9556
22.8222
66.2399
443.55
567.045
516.409
263.982
474.046
427.579
692.069
394.252
330.636
279.923
613.528
520.756
113.179
235.554
171.739
118.204
352.357
547.908
247.081
767.29
287.916
164.405
576.519
351.827
572.691
204.247
579.692
190.465
420.785
516.28
523.07
26508
115.251
62.6101
81.8554
79.054
628.458
268.619
497.949
98.4662
983.027
1317.3
346.199
1607.7
177.932
4029.58
1528.27
122.63
2076.07
857.325
472.236
1916.92
9.86605
1212.19
2560.54
330.974
4084.18
----------------
commit (avg): 1054.52
----------------
# Loading records:	100
skipping run
