parsing config file ./lvconfig11.conf
parsing done
<<<<< redos: 0 >>>>>
----- insert -----
4.08977
727.277
142.132
522.436
741.563
253.717
797.738
599.451
845.502
722.24
546.648
666.001
913.755
506.038
158.133
852.136
536.428
734.371
874.625
182.243
897.91
782.715
847.098
331.941
327.711
390.168
876.776
827.195
839.067
709.174
209.439
776.832
255.47
721.391
764.616
3.65512
3.51623
767.822
670.099
728.581
110.712
522.394
393.826
217.904
701.436
631.442
856.639
326.472
83.1654
503.88
526.221
539.673
477.032
512.989
504.762
614.368
152.637
655.048
868.104
422.942
594.113
473.253
311.816
599.128
871.769
716.532
232.923
696.278
3.36999
199.049
630.162
595.606
654.649
870.412
665.343
222.889
924.15
743.21
28.3738
4.23518
314.103
3.2324
3.58499
3.95194
3.43342
444.402
3.46335
3.49329
269.4
771.082
463.546
3.32152
29.493
3.30008
4.25036
135.993
640.849
877.709
941.634
940.748
----------------
insert (avg): 485.776
----------------
----- init -----
51.3696
4.32578
4.94856
5.05525
7.36062
6.33647
8.37154
7.41282
8.80059
8.48073
11.5408
9.45701
11.9732
10.3761
11.5855
12.1333
11.289
11.239
13.0772
13.1222
15.1816
13.7129
15.0853
17.7485
15.2007
16.3644
23.2242
17.3017
16.3039
17.7543
18.3738
18.3082
20.4887
21.1899
21.7045
20.6892
20.2259
25.6577
22.5208
22.059
26.6947
24.4189
33.5335
24.7028
25.6928
27.0511
29.0826
29.2588
33.7467
28.4077
32.7044
28.3476
29.9195
29.9029
31.8708
28.7392
30.6135
33.6646
34.9264
32.5899
32.5315
33.3739
32.3761
33.8353
41.3963
35.2831
41.2726
39.034
35.04
35.3579
38.627
46.2596
38.4986
41.3154
47.519
43.4243
40.1407
42.752
47.8869
41.4052
49.0734
40.4913
41.7826
41.4313
41.924
41.514
43.1009
48.3707
50.6116
44.451
46.4681
43.412
50.9476
46.9612
54.9552
49.7509
53.9407
52.4863
46.8621
49.4459
----------------
init (avg): 29.2853
----------------
----- commit -----
175.911
852.716
472.583
254.477
739.227
190.491
395.351
143.102
269.422
442.161
323.407
74.3366
486.325
828.068
134.609
454.365
254.197
112.51
807.006
85.6704
200.728
139.043
651.922
654.337
593.547
100.485
156.317
145.652
270.575
774.663
203.527
722.984
258.528
217.122
33784.6
342.285
31.0565
306.539
246.045
863.077
453.012
571.757
756.858
274.022
340.79
117.551
640.226
884.73
467.146
440.191
432.596
493.518
454.653
466.156
365.987
806.581
311.365
97.5426
543.539
372.894
494.216
657.935
364.832
86.3011
249.541
725.355
262.82
25625
103.858
329.835
360.943
305.04
88.9816
286.45
734.548
33.4677
212.404
926.336
1439.4
150.193
1578.5
3640.18
1975.18
2124.95
13.9919
1599.16
1721.26
261.474
184.519
490.535
3808.44
63.7185
2223.86
2473.02
10.8643
302.527
69.2776
10.7381
9.70539
9.34754
----------------
commit (avg): 1134.59
----------------
# Loading records:	100
skipping run
