parsing config file ./lvconfig5.conf
parsing done
<<<<< redos: 0 >>>>>
----- insert -----
3.95947
522.235
314.05
359.169
886.273
520.101
441.75
712.575
900.477
418.83
870.863
407.023
737.216
494.699
227.033
566.141
166.064
607.284
941.313
967.467
775.039
943.669
863.878
829.297
846.125
864.741
744.806
616.397
954.524
550.425
521.857
522.37
762.844
632.114
712.292
4.52498
3.4332
661.966
823.805
739.445
353.211
292.096
585.429
124.817
538.225
732.448
504.465
576.026
477.981
365.85
945.232
487.909
924.88
794.57
481.899
842.621
161.569
811.343
847.274
633.263
398.89
575.436
473.885
345.482
362.341
520.231
353.457
3.37073
725.031
583.733
892.275
804.872
806.717
434.424
330.613
231.37
3.56158
155.929
4.57646
352.627
3.48301
3.33239
3.8004
479.031
3.24823
3.6435
46.0958
3.60831
3.96312
3.6806
647.614
430.022
923.571
918.095
907.839
3.8262
298.019
933.72
894.118
940.881
----------------
insert (avg): 517.296
----------------
----- init -----
5.43779
4.58074
5.14661
6.43554
6.51383
6.15207
11.1826
7.13699
8.87831
9.1234
9.83122
10.2752
9.67396
9.79754
10.5688
12.1784
22.3306
17.5401
14.1595
17.8224
15.4252
15.6336
18.2685
22.5801
15.4131
16.6123
17.7607
16.8802
21.8125
18.3355
19.5674
19.7725
22.4571
30.7508
25.1365
20.5635
22.5069
28.5163
23.1036
22.6636
22.9191
23.4352
24.1601
31.3913
25.1438
24.7498
24.492
26.845
32.3092
35.7583
27.7751
35.9822
29.7637
33.1852
30.908
30.3501
32.8432
30.7542
32.685
33.8467
41.8041
32.8833
34.3042
34.4413
35.4702
36.0946
43.7908
39.9511
33.205
35.5215
39.1408
42.8989
39.5771
38.5101
41.4912
39.6848
37.953
45.2244
41.7428
39.3523
47.7162
39.3568
42.2093
47.9096
41.2184
44.7972
50.7374
51.0628
49.1786
43.2385
44.0636
45.1933
44.3759
44.8608
45.0114
48.7279
51.7474
46.2384
45.3219
49.225
----------------
init (avg): 29.0305
----------------
----- commit -----
322.006
680.277
634.608
110.711
470.856
548.382
280.828
87.2261
572.188
120.139
581.987
251.692
496.747
761.034
423.722
811.855
374.809
44.5529
19.4289
208.268
36.2447
118.316
150.006
135.745
119.018
238.358
364.134
25.519
430.988
462.857
454.28
214.129
338.206
268.008
27213.6
6987.26
54.478
152.433
234.678
624.722
682.53
389.858
844.964
436.832
243.51
473.841
392.949
490.598
598.159
27.4473
474.91
46.2208
171.77
486.676
139.059
792.976
158.73
120.141
332.559
559.236
392.245
491.781
619.506
601.863
443.274
603.936
26187.4
12.1001
378.28
71.3596
148.824
156.765
526.152
628.159
726.003
1548.63
210.397
1050.65
509.392
1266.6
2308.66
3592.21
165.607
2001.04
3354.01
454.251
1340.55
4548.81
4156.06
110.863
522.323
32.0594
36.3108
48.0851
25587
9.57665
20.2479
60.4299
10.6423
30.3749
----------------
commit (avg): 1392.5
----------------
# Loading records:	100
skipping run
