parsing config file ./lvconfig9.conf
parsing done
<<<<< redos: 0 >>>>>
----- insert -----
4.8165
459.851
575.972
564.725
313.379
382.037
609.293
193.049
196.073
978.112
253.666
888.373
508.832
248.951
582.628
541.767
741.704
383.287
929.285
269.709
914.288
358.095
803.097
626.003
594.514
949.689
573.208
838.736
689.348
438.841
587.484
926.832
267.607
454.113
501.426
6.10317
42.429
835.576
3.27731
410.588
926.046
957.742
612.519
471.653
515.548
640.058
313.759
767.8
667.812
719.611
320.949
865.796
315.975
90.9864
408.19
723.383
590.123
711.175
730.155
767.046
506.215
543.969
795.213
889.892
750.678
495.95
456.732
931.045
668.095
500.436
307.461
330.559
3.21333
3.3955
589.819
745.477
620.568
931.84
294.048
671.914
207.503
4.16075
664.716
3.94532
3.1502
423.414
3.4754
3.27283
760.574
4.11969
3.79904
3.84717
3.77176
50.5085
4.26993
3.57239
3.46896
10.789
3.60516
3.5956
----------------
insert (avg): 457.692
----------------
----- init -----
6.08198
4.01771
4.6132
5.2914
5.84782
6.91214
7.76838
9.77112
11.4996
9.86628
18.3561
9.77788
9.99147
10.9914
10.7877
12.4777
12.2322
13.1871
13.4999
14.297
14.1189
15.3415
15.1446
14.535
16.0199
20.4604
16.3299
16.776
21.8989
18.4999
20.2809
20.4247
22.9445
19.6539
20.9142
21.0137
20.3566
24.6512
20.2036
21.7066
22.1952
22.4367
22.5832
23.2353
31.7609
24.4351
28.6995
27.1405
28.351
27.8887
29.2307
30.1052
28.9545
37.6725
27.9118
29.6573
31.8164
29.7922
31.5856
33.2509
33.3747
34.8769
36.3112
41.6742
35.1913
34.4325
36.9984
42.4746
37.6175
41.1409
44.109
40.8901
36.0407
35.7358
38.9672
45.0258
50.6673
43.5893
40.8795
45.0648
44.1133
47.7439
41.5864
50.0291
43.4679
40.9027
43.4942
45.4621
45.7149
43.6219
44.5518
47.6501
47.0376
55.6763
47.1956
48.3421
53.4882
56.2568
52.0627
48.7618
----------------
init (avg): 28.8947
----------------
----- commit -----
161.286
419.112
429.051
684.995
608.72
381.37
800.157
787.797
13.7947
727.778
101.554
481.421
744.04
401.409
447.309
245.847
603.217
57.8486
718.609
73.3954
620.617
182.864
361.443
386.375
30.6165
410.293
146.352
288.378
540.998
396.386
49.1929
708.754
527.189
480.078
26091.5
812.829
139.435
3424.14
120.222
51.9562
20.1654
369.14
504.422
450.685
335.613
657.451
203.887
302.777
254.513
648.986
106.31
652.227
873
563.807
247.158
377.56
258.784
237.935
200.217
471.546
408.916
170.901
67.1859
211.818
470.811
505.035
30.3751
291.954
459.375
649.564
626.754
26401.7
724.767
165.047
212.532
325.136
26.7603
664.601
283.558
747.105
1002.62
238.081
1912.31
1237.85
284.988
4007.48
969.248
120.787
1709.94
339.484
1076.34
2261.62
306.713
1356.28
2248.99
1698.9
468.35
2015.76
2270.93
230.571
----------------
commit (avg): 1115.96
----------------
# Loading records:	100
skipping run
