parsing config file ./lvconfig28.conf
parsing done
<<<<< redos: 0 >>>>>
----- insert -----
3.60755
565.764
279.515
784.77
36.9682
530.641
432.554
206.688
185.406
917.668
605.992
380.803
451.017
19.7284
571.443
434.136
720.332
862.391
533.087
512.56
533.678
590.61
878.339
253.766
837.614
161.605
345.816
885.959
410.673
508.799
81.0527
796.178
428.756
204.224
787.963
4.25881
652.291
3.67663
255.061
868.585
948.637
833.499
677.523
759.045
512.464
429.68
592.561
689.232
896.88
684.527
421.802
744.979
728.577
338.908
592.918
524.824
911.681
637.713
815.892
753.567
171.384
521.973
492.722
367.221
462.185
342.401
832.88
618.858
933.509
319.688
917.955
854.621
3.39375
3.2305
212.006
635.779
360.112
847.859
766.257
771.818
765.396
3.91203
3.79901
244.915
4.03207
558.807
3.42358
3.61359
3.98893
588.471
3.47979
98.2359
4.00018
408.912
3.3944
3.30319
3.27552
3.88184
3.24501
3.61633
----------------
insert (avg): 451.704
----------------
----- init -----
5.44895
4.2627
5.21046
5.75887
5.80243
5.91509
7.4081
10.7465
8.49419
10.3733
10.0563
9.28766
10.0441
10.8802
11.1483
12.0779
13.3737
12.9094
13.3322
14.8525
13.5942
14.1461
15.1494
14.4378
15.0713
18.0605
21.6802
17.0024
18.6468
19.7567
19.4918
18.7286
19.4187
24.2771
21.0567
19.6769
20.0555
19.0169
19.3195
20.6327
21.9496
22.6859
24.3495
25.7014
25.5353
26.2783
27.8441
28.2761
28.1378
31.8114
33.5753
28.1522
30.479
30.1172
29.881
32.0665
32.1619
30.0703
32.4671
33.2564
37.14
31.9362
34.4958
37.7702
35.9582
35.9723
39.5835
34.7216
39.0397
44.5029
39.0976
48.1531
37.3672
45.8305
41.8683
39.9796
47.0917
42.986
44.5786
44.4201
44.242
48.3223
44.1883
43.9371
44.7009
44.1264
41.403
43.2807
47.4215
43.9666
48.8854
44.6923
45.6472
54.0013
45.4529
47.6665
46.6032
46.1671
49.1645
51.5691
----------------
init (avg): 28.5933
----------------
----- commit -----
279.961
715.152
208.541
961.864
460.079
562.14
782.593
802.52
72.3474
384.266
609.062
539.206
971.902
413.969
555.328
266.471
124.158
455.875
474.079
450.352
392.843
107.603
737.333
141.022
820.276
633.163
96.2245
571.016
471.49
901.806
183.361
551.256
771.889
194.98
26969.2
327.298
3693.81
9.29179
110.504
30.356
147.758
297.815
213.835
462.165
542.009
379.67
283.332
75.248
282.645
548.881
222.278
242.269
630.106
377.692
442.343
56.3051
332.206
152.426
225.487
778.557
447.137
471.315
595.078
501.151
622.203
130.032
344.132
26.6608
637.957
39.6681
97.6895
25634.5
312.802
709.191
327.643
590.075
110.744
187.981
184.411
189.275
1622.49
1548.3
438.943
1032.52
315.326
1655.92
2523.03
775.325
269.92
1582.21
221.164
1207.89
280.666
2329.41
1078.06
2321.51
70.48
1247.01
2748.16
140.865
----------------
commit (avg): 1100.66
----------------
# Loading records:	100
skipping run
