parsing config file ./lvconfig25.conf
parsing done
<<<<< redos: 0 >>>>>
----- insert -----
4.15753
469.609
164.527
596.996
729.039
724.469
563.358
742.438
918.295
670.893
814.261
901.312
611.844
360.28
507.018
718.212
212.631
955.136
508.734
367.834
756.072
655.677
571.244
721.548
459.818
346.465
424.577
443.724
803.139
495.246
156.125
507.696
601.295
651.835
857.953
919.039
962.018
3.32661
443.74
906.201
876.611
393.778
354.91
914.433
774.175
507.258
490.335
620.273
385.51
860.867
455.532
618.084
848.569
660.383
579.952
947.951
875.423
584.068
801.024
720.187
40.562
587.38
394.208
678.975
382.555
890.537
351.711
178.576
443.2
587.969
718.532
677.71
3.63106
83.332
619.028
756.172
407.853
834.488
272.372
133.818
159.366
4.0193
749.667
3.60833
3.57583
3.78942
369.502
3.4178
3.45363
495.133
3.51746
233.642
714.984
840.43
3.34517
691.58
694.776
3.278
405.483
3.33179
----------------
insert (avg): 509.296
----------------
----- init -----
6.71884
4.60608
5.21124
5.5495
7.21432
5.90473
6.80383
7.11809
10.8017
7.86954
9.85951
9.75717
10.5831
9.93195
10.9282
11.8195
12.8913
13.2916
12.2919
13.1278
14.3839
18.0735
14.2829
25.9502
15.6907
16.8073
15.7595
17.2394
18.5594
21.9366
18.9328
18.9211
22.5128
20.1116
22.2896
27.4946
24.0891
19.8718
21.5445
21.418
20.6308
24.8388
24.3284
29.3243
24.302
26.7474
26.7642
26.816
28.6233
29.2899
31.266
31.4654
28.7788
31.0727
29.9806
39.7195
31.4821
37.158
34.8179
35.7753
34.1229
34.0364
36.8405
34.3131
37.6332
35.6806
34.0215
42.0942
37.3057
37.0914
37.9424
40.962
38.1735
36.4801
39.3363
44.6516
41.8506
45.7986
41.6098
43.4668
51.117
48.3897
45.0529
44.9215
49.6061
41.5557
42.373
43.8819
44.474
53.1501
43.3883
45.493
49.9366
46.7584
51.3805
46.8915
48.9444
55.4221
48.3614
49.0394
----------------
init (avg): 28.9488
----------------
----- commit -----
74.9277
830.15
397.083
267.597
267.327
430.163
249.831
69.5216
320.63
174.855
90.0389
377.405
631.93
480.746
268.121
775.965
30.5147
480.549
622.389
232.666
318.318
415.065
258.447
516.93
638.734
559.322
539.478
177.305
482.354
829.638
469.831
375.465
328.896
120.025
50.3297
13.4715
29443.4
68.3202
72.3801
103.053
585.271
618.697
56.442
201.953
463.858
482.481
354.001
586.197
109.809
515.603
347.129
125.203
307.018
389.557
11.8246
93.6671
377.359
165.623
257.737
910.752
380.146
568.163
286.069
579.116
73.702
617.176
777.411
517.107
378.543
242.466
279.575
25777.1
62.0765
341.058
202.362
548.081
120.874
684.331
824.357
787.037
1101.83
51.8359
1212.79
1505.08
704.459
17.2764
3338.86
1775.69
242.037
1603.56
68.7906
236.289
112.358
2125.94
80.5356
255.806
3417.83
69.713
2089.58
160.639
----------------
commit (avg): 1040.31
----------------
# Loading records:	100
skipping run
