parsing config file ./lvconfig10.conf
parsing done
<<<<< redos: 0 >>>>>
----- insert -----
4.11911
883.998
268.548
437.132
464.395
464.025
536.855
982.059
735.562
712.642
761.225
439.675
518.065
724.596
868.401
807.838
625.513
354.228
451.45
224.909
413.607
880.246
422.287
742.786
584.938
876.65
361.587
376.393
944.759
561.271
574.26
806.971
545.626
708.375
554.382
3.29591
3.45719
109.946
801.413
493.131
555.889
252.004
757.178
423.612
294.414
750.95
365.384
766.369
937.998
45.1902
698.867
495.179
424.355
814.064
443.215
379.451
626.566
833.708
867.729
455.159
811.532
433.432
449.654
229.148
335.875
764.076
849.934
438.491
3.30588
615.614
420.11
877.665
400.654
640.67
242.664
72.155
288.706
3.94511
3.4295
872.147
937.245
581.994
3.86614
313.185
3.52249
357.625
3.87885
3.96796
3.65459
3.25163
276.953
4.01882
3.8013
3.56598
3.43412
469.745
3.86846
634.403
760.985
784.223
----------------
insert (avg): 471.283
----------------
----- init -----
5.68272
4.14136
5.49951
5.53395
6.57169
6.27758
6.96762
7.93063
8.12242
8.04683
12.6762
8.95029
9.79471
10.8581
12.187
10.3282
12.2672
20.0269
15.4738
19.5069
13.8637
14.0295
15.8189
14.8661
16.351
16.8599
15.6709
16.3645
19.8519
18.8705
19.5444
18.0941
24.7211
21.6105
27.3796
18.7921
19.7418
20.9491
37.2821
22.4461
23.1593
24.7279
24.2577
24.4247
24.1022
31.9049
29.3742
32.5924
31.4263
27.0713
26.4495
29.9134
29.4204
35.4532
32.2076
32.4671
28.7753
37.889
34.5422
31.7636
31.6913
32.0327
33.358
35.6743
34.3202
34.4907
35.494
35.1864
32.6418
35.123
37.8651
40.3473
39.5253
47.1685
47.8521
40.0627
44.6617
38.4777
39.5664
44.9968
42.5743
41.3935
39.6699
39.6835
51.0105
40.4332
43.8557
41.019
43.0397
44.8708
44.399
44.4189
46.4383
47.9955
45.9381
52.2152
44.4631
48.8077
46.0276
46.9797
----------------
init (avg): 28.3764
----------------
----- commit -----
72.2315
725.927
557.009
532.505
527.619
453.029
14.2244
253.727
278.801
226.701
549.837
471.6
266.18
119.56
181.87
361.442
625.821
533.886
760.211
568.933
103.065
563.235
247.628
392.396
107.844
621.888
606.849
37.717
417.653
407.661
173.425
429.912
270.206
418.754
26074.1
7677.04
69.8516
165.379
484.962
418.344
723.585
216.565
551.128
682.454
217.598
605.414
203.783
27.1306
928.65
274.503
474.679
546.208
150.681
523.331
589.158
346.586
126.256
97.481
513.538
155.12
535.102
517.764
736.717
627.95
201.881
114.874
525.804
26223.9
88.5223
541.47
85.5019
557.443
313.581
707.255
889.286
664.328
1836.58
1140.37
19.9885
19.707
377.035
1517.31
84.7932
3443.48
105.467
3780.45
1737.95
660.019
1194.4
117.762
1849.56
1359.37
2749.03
2033.42
289.16
26143.2
123.162
192.376
168.72
56.3674
----------------
commit (avg): 1400.54
----------------
# Loading records:	100
skipping run
