parsing config file ./lvconfig27.conf
parsing done
<<<<< redos: 0 >>>>>
----- insert -----
4.1453
716.31
190.655
301.875
923.712
617.61
812.338
723.104
534.428
847.651
319.452
580.785
820.04
519.321
332.642
920.862
806.007
905.676
658.399
494.286
427.784
458.35
444.585
349.724
938.014
235.819
312.09
345.942
904.758
482.778
190.168
533.839
561.47
731.233
627.775
3.37644
753.276
826.149
3.29942
526.804
890.634
935.977
864.461
917.364
888.108
259.755
241.487
842.07
310.233
960.24
492.645
530.733
644.135
835.949
734.114
876.703
783.452
780.111
644.418
444.511
640.432
757.702
686.33
484.17
819.954
451.12
780.764
238.095
461.77
389.212
669.161
909.167
3.57023
209.225
240.17
612.423
719.05
687.855
352.985
748.566
116.703
3.28654
16.7092
3.3785
179.399
3.80992
672.149
3.66862
3.35752
735.37
3.57545
225.131
3.53072
279.312
3.70548
3.17742
4.69475
3.39223
718.379
920.069
----------------
insert (avg): 503.282
----------------
----- init -----
5.80694
4.39477
5.0807
5.66906
7.94619
6.51685
8.3987
6.67979
8.41734
8.68442
9.15093
9.82054
10.5166
9.58047
10.5512
14.3016
14.2905
14.2102
14.2831
19.9027
14.2056
13.2582
14.7169
15.7947
16.8954
16.6462
16.8869
21.0037
18.5023
18.6692
18.2879
19.2612
19.3027
22.5555
20.0901
19.7438
19.7715
22.2385
20.5566
20.1729
28.32
23.9264
28.0192
25.3882
27.9256
27.6052
34.49
31.3599
27.373
29.4741
26.9018
30.1061
29.8917
30.9478
29.8221
30.7951
32.7195
30.9911
32.9387
33.6932
32.5875
38.0801
38.8131
35.2612
36.8691
35.1081
36.2899
38.0584
37.2261
44.4851
39.24
40.3603
37.7372
36.6184
50.0555
47.9914
40.5886
41.9233
47.2752
48.197
43.2665
42.4621
45.9006
49.4822
51.1242
43.4821
49.4819
43.0841
51.9921
51.6181
52.6223
46.9519
43.8061
50.1872
49.8505
44.5239
50.5827
47.8854
47.8455
47.116
----------------
init (avg): 29.1148
----------------
----- commit -----
99.7386
803.487
692.147
72.7036
376.287
177.932
270.25
454.345
143.259
671.611
408.438
169.947
475.295
653.264
63.198
181.594
78.6201
331.058
486.884
557.804
523.541
541.817
640.125
37.6841
748.83
671.032
633.788
76.2384
497.69
796.088
443.238
419.17
246.962
354.236
26188
10.1047
151.039
3414.91
14.7236
81.1269
40.5048
112.744
55.7294
82.4918
712.068
723.852
124.908
661.848
11.8524
480.923
442.503
321.518
135.888
233.777
93.3071
182.716
187.832
323.28
521.018
337.649
194.54
276.442
481.787
140.806
512.615
182.209
727.452
498.835
566.368
293.634
49.0869
26410.4
303.396
707.526
342.068
238.241
271.102
598.575
204.688
838.028
1869.17
22.0818
1399.67
316.658
1214.81
15.1806
4252.33
845.318
14.0046
3524.8
145.873
1614.18
9.01302
1390.26
2487.2
120.816
3984.33
42.9296
33.4319
43.0353
----------------
commit (avg): 1066.28
----------------
# Loading records:	100
skipping run
