parsing config file ./lvconfig32.conf
parsing done
<<<<< redos: 0 >>>>>
----- insert -----
3.88698
579.916
955.194
933.432
970.196
924.593
964.953
960.837
934.082
979.412
960.917
914.45
931.035
904.441
922.775
871.449
935.818
932.099
901.297
919.657
915.197
954.015
945.186
974.257
945.041
950.362
972.867
963.908
971.729
834.938
950.883
941.146
939.195
916.133
949.378
950.749
907.475
908.876
941.774
963.725
922.452
952.98
965.314
919.562
892.622
965.137
953.94
902.929
948.57
918.745
929.329
946.894
960.98
919.366
817.574
910.672
943.694
958.439
888.096
818.127
918.078
910.517
897.677
924.422
934.514
923.831
925.544
870.912
956.047
886.146
924.884
921.677
954.066
908.445
943.175
923.663
927.925
904.819
905.296
923.747
906.748
946.867
871.128
864.302
875.873
890.963
928.833
905.274
929.048
903.754
897.417
920.224
930.236
870.746
906.399
894.07
849.394
922.788
869.754
929.436
----------------
insert (avg): 910.313
----------------
----- init -----
6.88309
4.24296
4.84834
5.25013
5.95931
6.68619
6.34576
8.50718
8.56897
9.1939
8.47381
8.15648
8.85853
8.63707
10.3598
10.0681
10.6213
10.6363
11.4503
12.6228
12.6137
13.5301
14.6051
14.385
17.2547
17.3084
16.5977
16.796
17.3869
18.1466
17.1967
20.2546
18.6901
17.6904
19.457
20.1481
19.516
20.3093
22.3522
24.4047
21.9633
23.7112
23.5889
22.1021
24.5701
24.7562
23.7596
23.7379
25.9122
25.2496
25.9057
26.1012
28.5011
26.5068
30.2091
27.2285
29.6072
30.5464
34.0677
28.6161
29.7662
30.1534
30.9471
31.3052
33.0905
33.8826
32.766
32.9189
34.6792
34.5541
34.5666
34.6115
36.1847
35.2108
36.1015
36.7076
37.672
37.4743
37.9559
40.1196
37.6159
41.6895
40.0349
39.6925
42.0019
44.4843
41.1963
43.7135
43.3143
45.3913
44.3077
44.4331
47.486
51.0688
45.4212
48.1427
47.4417
47.2383
46.5185
49.0073
----------------
init (avg): 26.3252
----------------
----- commit -----
18.2643
42.0428
59.8739
23.555
68.5594
28.9381
30.9526
56.4313
12.0222
30.645
77.0253
60.5098
86.0823
67.1295
118.469
53.3413
57.5916
87.5364
67.2441
71.9031
32.8526
40.2986
11.6226
39.5422
29.5471
10.4396
19.7217
10.6391
146.884
32.2443
38.4583
42.5172
65.3685
32.0041
28.7023
73.5739
70.1532
35.596
12.1204
56.1349
22.6744
10.7764
58.0068
83.1728
10.1945
22.2805
73.6436
25.3292
55.6348
45.0136
26.5288
10.4305
54.1231
152.92
61.5801
26.3744
11.1303
77.9444
153.001
52.6722
58.6164
71.8333
44.5928
32.2572
42.2145
41.683
95.5437
9.68192
79.943
39.7749
43.437
10.039
56.4225
20.1432
40.4434
34.0966
57.4784
56.3897
36.3636
56.1378
10.9168
88.8482
96.1422
81.9616
64.6109
30.1932
50.7279
27.173
51.2051
58.1745
35.6821
22.5361
79.0975
46.8857
57.5811
103.158
31.0147
83.6775
20.2816
69.9392
----------------
commit (avg): 50.1687
----------------
# Loading records:	100
skipping run
