parsing config file ./lvconfig12.conf
parsing done
<<<<< redos: 0 >>>>>
----- insert -----
3.69541
596.496
651.425
404.874
62.707
653.747
585.606
801.486
708.908
548.933
424.741
482.437
589.702
37.6428
632.42
552.8
974.932
334.435
716.329
475.239
275.72
793.059
307.734
775.911
825.857
792.646
370.301
538.912
740.434
767.939
134.589
582.044
688.447
688.979
927.704
3.29985
3.80229
868.174
662.689
3.40366
324.619
967.706
902.279
588.157
509.759
590.802
793.882
370.803
809.133
679.96
919.319
622.901
477.198
631.236
826.313
516.169
696.63
397.835
391.75
451.777
662.549
484.484
339.9
920.952
777.364
874.831
412.981
760.571
558.906
530.206
924.16
290.248
465.938
3.36155
3.56317
875.01
500.711
946.479
647.237
420.459
116.24
340.645
3.49437
108.804
3.42376
3.57846
3.56353
3.51636
3.60001
4.73087
3.11761
3.41833
466.083
485.878
148.422
3.52399
667.587
3.42447
658.848
879.055
----------------
insert (avg): 487.693
----------------
----- init -----
5.9384
4.73234
5.71164
5.19005
6.45077
6.59992
6.87225
8.38013
8.0139
7.9372
9.39987
8.95746
9.70745
10.4652
12.3502
11.3265
13.95
13.5702
16.1695
12.948
13.5839
13.7367
14.8743
14.438
15.4321
17.7238
16.9428
17.1047
18.4006
17.8163
19.2081
22.6678
19.4169
19.5812
20.9483
20.0282
19.679
25.6837
21.2136
22.042
20.9676
22.2388
21.9747
22.7196
26.9629
26.5149
26.9037
32.04
29.5785
28.1228
28.1352
26.7329
30.5235
30.5689
30.4529
29.0949
30.512
31.6899
39.6767
38.8383
34.8327
34.191
41.5123
44.6215
34.8024
44.2086
43.0198
35.3078
45.9904
41.8327
38.1374
40.4772
42.9996
37.436
44.5193
37.5185
46.1022
41.4306
50.4022
41.3046
48.6178
42.4336
50.5255
43.8107
43.0234
48.6547
43.2504
45.0958
42.6582
45.6383
43.5082
45.2861
44.9299
46.6521
47.8112
47.8027
46.0558
50.7924
45.9419
48.1064
----------------
init (avg): 28.7068
----------------
----- commit -----
152.87
341.956
589.811
935.582
340.097
405.939
189.027
281.31
442.585
566.047
506.976
401.852
954.427
351.486
435.487
13.2243
652.275
267.682
516.849
704.823
192.471
678.168
215.331
152.208
190.721
612.253
444.932
242.222
211.948
850.455
391.667
291.583
292.033
55.5156
25914
93.4476
44.5619
315.515
3558.28
70.9715
10.6289
75.8399
393.91
462.235
381.008
179.078
596.774
159.665
293.258
52.5768
350.885
494.206
334.92
144.362
454.748
272.522
569.93
569.2
508.039
303.684
483.785
615.3
36.8092
185.624
81.1177
543.779
203.512
395.749
427.705
37.9217
671.218
489.695
26332.4
603.178
60.4255
455.763
11.5386
303.532
537.104
834.832
616.331
1777.91
14.5738
1877.52
865.88
247.85
2346.05
2308.76
1831.54
1705.81
3901.83
16.2646
467.646
804.214
8109.24
128.379
26220.9
17.9006
72.2969
301.043
----------------
commit (avg): 1374.19
----------------
# Loading records:	100
skipping run
