parsing config file ./lvconfig39.conf
parsing done
<<<<< redos: 0 >>>>>
----- insert -----
4.8484
247.354
981.725
984.5
980.415
987.829
981.117
983.488
980.323
980.819
976.85
980.074
980.812
977.563
977.219
979.103
978.015
975.38
974.574
975.302
970.935
974.782
974.197
973.945
973.127
973.528
973.807
974.365
971.811
972.265
969.395
970.481
969.382
966.329
966.85
968.207
967.575
967.978
962.884
965.089
966.189
963.01
963.811
961.022
963.787
964.344
961.605
963.565
960.608
961.979
957.42
961.583
960.62
961.318
960.535
960.178
959.011
956.923
954.803
958.851
956.643
955.056
950.442
957.196
949.645
956.819
954.321
955.674
953.701
953.643
948.787
955.238
950.079
951.208
953.123
946.186
949.853
945.72
946.104
949.357
951.346
945.664
948.482
947.056
946.845
949.083
947.734
945.81
946.586
942.105
941.379
943.201
942.497
934.292
942.044
940.316
942.171
938.852
938.326
938.897
----------------
insert (avg): 944.269
----------------
----- init -----
7.9106
4.21999
4.87203
5.08864
7.11197
6.32456
7.17607
6.96341
8.30574
8.64638
9.31344
8.96166
10.075
10.6868
10.5619
10.8941
12.2303
12.5886
13.737
13.9053
17.8802
13.9052
14.2833
15.1196
16.1462
15.8093
16.3653
16.1762
17.4619
17.3174
18.6008
18.3335
20.3738
21.5279
21.4062
21.0498
21.7874
21.7679
22.0094
23.7959
22.468
25.2634
26.0757
26.0704
25.6942
24.9822
26.5304
25.4557
28.1665
26.0223
31.9458
27.6127
28.0414
27.8234
29.2225
28.9344
30.432
30.803
33.2193
31.152
32.9745
32.6544
36.9295
32.5565
38.1719
34.2744
34.3753
34.3089
33.9634
35.6846
37.1304
37.0071
38.1897
37.894
37.416
38.5879
39.1899
42.4649
40.7829
40.4045
39.5477
41.2936
41.4152
40.9254
42.2908
41.744
41.9897
44.4684
43.1353
47.9914
46.966
47.3724
46.36
50.8097
46.1183
48.6419
47.8486
49.6152
50.2746
50.1274
----------------
init (avg): 27.505
----------------
----- commit -----
11.3964
11.7622
11.1526
12.1495
10.0416
11.0672
10.6897
10.2049
11.4779
13.0328
10.5667
9.20783
12.2204
11.4037
10.3905
10.2598
12.3352
11.7329
10.5451
10.7295
11.0987
11.3027
10.6382
10.7356
10.9365
9.98214
9.52144
10.4847
10.6245
11.3515
11.2449
10.6036
11.4986
12.2323
10.4244
10.5798
11.3416
14.5427
11.0472
11.0827
11.5904
10.407
12.2282
11.1932
10.0414
11.2658
11.0579
11.3938
11.8761
10.7468
10.988
10.9902
10.5986
10.6121
10.7506
11.3856
12.0394
11.0468
10.0615
11.0079
12.5637
11.7032
10.5307
11.672
9.60145
11.0129
10.1466
11.6951
10.5853
10.8131
11.2411
11.3818
11.5655
10.7353
13.4013
11.3136
12.0511
11.8446
10.869
10.506
11.1933
10.7868
11.8256
9.68021
9.58228
10.6497
9.89345
10.1979
10.3297
10.7457
10.3009
11.6771
13.8841
12.0163
11.5842
9.63473
11.0123
11.3354
10.8466
10.7773
----------------
commit (avg): 11.0811
----------------
# Loading records:	100
skipping run
