parsing config file ./lvconfig30.conf
parsing done
<<<<< redos: 0 >>>>>
----- insert -----
4.74868
480.297
555.774
773.305
227.73
275.069
407.302
752.708
722.175
692.4
596.528
736.485
472.15
264.519
135.956
610.93
395.523
969.669
554.358
482.31
327.588
955.765
476.475
560.706
364.104
781.21
277.387
387.196
619.088
687.396
476.007
633.976
412.34
742.421
891.6
3.85317
3.60071
464.647
307.895
407.165
503.835
832.152
479.533
815.461
456.953
803.204
609.776
798.288
263.52
374.332
669.287
390.677
602.122
750.582
873.719
598.336
128.806
571.909
580.661
396.583
573.033
774.03
852.698
649.417
913.119
152.682
551.146
451.311
3.73432
116.463
484.462
544.017
498.908
945.164
487.823
785.513
390.582
838.329
429.019
921.445
4.79262
27.3832
779.324
3.32633
373.089
3.54459
258.816
3.44958
281.895
3.35459
3.36047
3.46388
3.27757
3.38003
420.518
722.548
3.2387
113.678
715.376
926.523
----------------
insert (avg): 474.073
----------------
----- init -----
31.2823
4.20101
5.32945
5.58529
6.05942
6.02863
7.84526
7.3038
8.09208
8.0389
9.66501
8.96516
9.85144
11.9244
10.6219
11.5532
13.399
16.6045
15.442
13.6736
19.093
15.584
14.2538
15.1457
15.5905
17.0141
18.0364
16.7987
18.1513
18.3911
20.5771
18.6049
25.7155
25.9784
21.8006
21.5456
48.2398
20.6724
33.0158
30.018
22.5821
25.9464
23.2759
25.2884
37.1146
27.5229
26.0107
28.2037
25.7926
37.0816
26.4715
27.4138
29.0666
32.3553
36.5674
31.0258
30.4882
36.0378
32.7824
35.9541
31.5043
33.1419
37.5404
33.4351
37.6107
38.933
34.943
36.8828
39.0992
42.0214
43.106
37.993
40.4001
43.984
44.5602
38.8956
42.3967
40.6259
40.0219
39.6698
42.8603
41.2328
45.8369
41.3136
42.0267
45.9441
43.2206
48.9876
47.612
43.4379
44.7536
46.3359
44.3304
45.3516
44.0838
45.5263
49.9793
48.2824
48.4008
50.5451
----------------
init (avg): 29.295
----------------
----- commit -----
340.587
438.951
220.568
770.773
717.475
583.668
239.916
267.032
299.908
394.539
253.33
518.245
725.58
852.386
375.511
592.073
13.8614
433.807
502.256
657.483
21.8195
510.463
429.197
613.524
202.655
704.85
596.855
363.265
292.713
505.131
346.266
561.922
231.714
92.4774
33792.5
393.831
246.673
658.532
561.371
473.422
141.542
496.15
158.084
508.248
169.399
367.359
168.291
713.994
587.022
304.655
579.528
370.611
215.66
90.1416
377.943
833.322
390.91
391.998
562.105
396.55
192.094
112.757
315.153
46.9883
810.589
414.252
509.982
25684.3
117.378
469.678
421.417
456.318
13.7517
467.332
174.348
566.125
120.073
532.864
36.793
1004.17
880.96
173.278
3244.66
295.484
1058.16
591.316
3549.39
68.0263
1633.42
312.805
3918.27
1287.72
4817.42
326.975
229.22
25703.2
81.6482
236.278
22.4952
67.5733
----------------
commit (avg): 1395.85
----------------
# Loading records:	100
skipping run
