parsing config file ./lvconfig37.conf
parsing done
<<<<< redos: 0 >>>>>
----- insert -----
4.79755
549.045
984.574
983.825
982.501
983.044
977.403
981.97
982.481
979.267
979.123
977.858
981.856
972.882
975.808
976.906
976.822
976.808
976.059
976.441
972.856
975.016
971.9
974.777
976.373
971.643
974.851
971.764
972.606
973.264
971.231
971.674
967.727
969.986
967.343
967.588
964.2
965.598
967.885
966.851
964.442
964.733
975.484
961.367
963.04
960.409
964.183
965.946
949.624
946.081
962.111
960.168
961.206
957.773
960.171
957.127
954.375
963.276
953.101
958.301
956.434
957.615
951.082
955.481
953.013
954.519
949.451
954.866
955.439
946.335
950.312
951.577
948.853
952.268
949.89
948.453
947.419
948.284
947.807
948.811
943.706
946.767
945.042
947.501
946.926
943.437
947.006
939.106
943.647
937.526
943.761
944.781
940.947
942.855
938.264
938.163
937.44
937.598
940.199
939.449
----------------
insert (avg): 946.695
----------------
----- init -----
6.61267
4.482
4.93582
5.76505
6.3377
7.37732
9.02253
6.57466
7.48303
9.07906
8.87973
9.82892
9.90805
11.7769
10.9873
11.354
12.604
11.7387
13.1582
13.6545
15.0587
14.2163
15.861
14.7492
14.853
16.3313
15.3728
16.5733
17.1475
17.4341
17.2647
17.6025
19.1929
19.3489
21.3267
20.7566
23.4091
23.5628
21.9975
22.6265
23.7358
23.1758
23.6908
25.4983
24.067
23.5645
24.9694
26.091
26.1439
33.5651
26.688
28.5191
28.7127
29.6152
29.5109
29.5293
32.8118
27.5037
34.021
30.3372
31.9344
31.874
36.9827
32.8086
34.4412
35.2427
37.121
34.4834
34.7259
38.2533
37.4309
37.6479
37.9819
38.3023
39.1647
40.3128
41.3557
40.6502
41.4196
40.2915
43.889
41.6912
43.6673
42.0132
42.8613
45.0946
43.2952
46.1546
46.5816
50.893
45.3109
44.959
48.3025
45.3772
50.4151
49.8174
50.9803
51.2066
48.6443
48.3318
----------------
init (avg): 27.6991
----------------
----- commit -----
8.62956
10.6568
10.4954
11.1763
11.0549
12.471
11.0963
10.1086
12.0199
11.2087
11.8166
11.4202
13.0182
13.117
11.8536
10.9313
10.5211
10.43
10.3385
12.1755
11.1227
11.3317
10.3592
9.26529
11.8056
9.64525
11.6462
9.922
9.83688
11.1298
12.3877
11.6165
10.3565
11.8663
11.0574
12.7795
10.6451
10.0294
10.4661
12.1193
12.0103
11.8498
13.3098
13.5973
13.3249
14.7267
13.325
14.0851
11.4685
11.3703
11.5531
10.2574
11.7596
11.2015
12.6469
12.7815
9.7905
12.5962
11.0075
11.3928
10.8864
11.7414
12.1613
12.371
10.97
12.3866
10.9164
11.598
13.2219
12.5701
10.9287
11.9235
10.6124
10.5659
10.8451
11.5039
11.1897
10.7084
11.1522
12.6554
10.9562
11.0074
10.739
11.0798
10.9918
11.4204
11.8305
10.5911
10.8352
11.2948
10.2824
11.1682
11.102
11.4003
11.9766
12.0149
11.0958
10.8851
12.0532
10.9188
----------------
commit (avg): 11.4253
----------------
# Loading records:	100
skipping run
