parsing config file ./lvconfig31.conf
parsing done
<<<<< redos: 0 >>>>>
----- insert -----
3.55163
661.111
615.574
586.925
52.2969
848.378
528.892
458.94
570.489
569.82
880.255
955.416
359.855
226.26
766.808
784.387
581.707
521.833
543.392
673.347
970.862
419.443
885.741
379.354
385.888
470.718
513.004
220.194
544.156
617.118
705.334
620.288
580.873
185.547
527.453
3.3992
3.64032
4.27541
475.864
461.11
749.8
209.82
674.531
605.977
453.512
426.968
910.151
775.877
379.215
248.382
350.023
676.627
935.423
803.329
804.939
676.215
771.095
775.031
536.916
835.484
447.261
371.764
550.764
680.627
283.558
850.742
878.302
298.36
3.83039
388.971
477.489
804.743
616.009
627.245
641.535
699.804
946.412
4.10709
240.843
788.971
524.64
4.01128
3.98737
744.393
773.213
3.24581
569.342
3.92046
3.43867
606.849
416.472
3.36666
3.34741
729.891
93.9591
3.58861
287.254
3.28938
668.014
894.999
----------------
insert (avg): 497.054
----------------
----- init -----
6.32924
4.38052
5.41987
5.25459
6.26178
6.17335
7.09705
8.58604
8.16344
7.87447
11.373
9.25658
12.554
12.0727
12.1857
11.5547
11.6607
13.2694
14.0478
24.8288
17.485
14.8021
21.6707
14.6638
22.3521
16.4563
17.0695
23.8392
28.3214
17.4249
25.7729
20.8432
19.0024
20.1439
21.2719
19.2021
21.5186
20.5054
21.7092
25.1482
22.9799
25.0821
23.82
24.8292
23.276
27.2919
27.5949
34.4648
27.0514
25.9916
32.5397
29.438
38.8075
32.8439
35.4329
34.3049
32.949
34.962
32.3057
33.904
32.6158
34.9757
34.928
34.282
41.2422
39.9266
45.2413
37.3377
36.0577
37.0349
37.5761
38.2847
46.2428
42.9474
39.2464
39.0639
42.1256
49.2974
39.2752
41.1422
47.9196
47.6014
41.0354
40.6902
44.3824
42.1524
43.2658
42.3242
44.9049
43.1996
47.9204
44.7104
46.5619
46.0689
44.8648
47.2236
53.8864
58.2775
48.0822
46.9467
----------------
init (avg): 29.1828
----------------
----- commit -----
184.836
378.249
408.098
945.636
142.854
465.28
531.12
419.72
422.18
108.311
34.9218
626.409
764.789
219.846
203.997
406.377
464.967
445.129
298.415
17.06
559.806
93.7198
607.697
589.23
513.476
470.467
754.62
427.824
364.856
273.669
355.209
398.159
796.572
457.235
26078.3
923.511
7120.4
303.306
514.693
223.55
765.398
301.459
367.472
524.046
546.439
61.512
193.445
588.755
727.395
616.616
295.297
24.6798
164.228
159.212
289.719
205.598
179.624
430.982
131.324
519.459
592.832
415.119
286.891
673.071
107.044
80.4959
662.879
26357.7
177.373
482.433
159.922
335.003
332.149
317.714
259.271
12.7505
1146.44
520.129
167.182
428.621
1777.22
4132.43
207.436
183.62
3099.07
242.401
1782.39
132.608
339.991
535.885
1910.5
10.4953
203.897
860.948
4415.35
196.348
26074
146.022
57.3936
239.789
----------------
commit (avg): 1364.7
----------------
# Loading records:	100
skipping run
