parsing config file ./lvconfig8.conf
parsing done
<<<<< redos: 0 >>>>>
----- insert -----
4.24737
447.093
881.576
762.049
238.095
240.574
663.648
887.449
545.882
839.149
244.815
746.709
724.853
525.975
255.107
578.021
556.883
917.639
853.038
906.069
620.593
347.613
703.104
544.459
775.648
601.037
584.298
785.716
846.379
520.806
500.931
937.644
243.849
475.559
510.844
3.63942
4.19983
547.611
203.831
396.431
744.47
890.861
960.274
272.892
770.1
450.357
911.621
565.671
614.617
716.172
554.229
320.837
942.622
625.626
555.698
743.593
364.097
845.726
685.654
500.128
477.04
923.498
582.707
610.559
907.321
142.934
947.933
3.4399
599.199
410.631
765.959
730.731
737.764
921.292
209.9
738.788
344.741
608.42
3.84571
307.034
921.712
858.08
3.3132
3.40631
3.62655
272.546
3.75944
3.38751
3.44263
616.757
554.88
3.62244
5.04674
3.62024
3.5782
432.947
943.032
444.888
937.346
3.24011
----------------
insert (avg): 520.043
----------------
----- init -----
30.7762
4.12462
5.05933
5.25133
6.5993
6.51843
7.19122
9.36019
8.53641
7.61098
11.3674
9.41155
12.0348
11.4809
9.9822
10.952
14.9684
14.8629
14.2947
13.8708
13.6156
14.5503
16.9184
14.7246
15.958
17.1224
17.0279
16.6689
17.2724
22.3456
18.5796
21.4624
18.9591
19.8002
22.0689
23.7836
19.635
21.8866
31.9637
29.2085
21.9015
24.4339
28.97
24.1348
23.6998
26.015
31.1562
26.2108
26.1584
26.3587
26.0676
28.8141
32.4354
31.7974
30.0155
31.7444
29.2013
34.4978
37.6012
37.5267
32.1122
40.5141
35.3259
32.6506
34.0758
35.4619
33.8141
33.2976
33.8905
37.1804
43.659
38.6403
39.8291
39.9767
45.4707
40.8629
43.2737
38.9419
40.0675
46.401
39.1779
41.9442
39.8884
39.9753
41.472
43.5626
44.0834
43.2033
41.9863
44.063
45.6515
43.2376
45.5941
46.0072
44.6481
44.3751
48.2212
54.7583
50.3968
49.7968
----------------
init (avg): 28.4403
----------------
----- commit -----
162.427
114.675
232.559
759.095
750.447
330.008
103.597
443.301
152.567
743.609
243.166
263.29
465.057
733.46
410.944
427.917
66.4799
134.295
86.3191
360.289
635.229
280.772
442.577
205.934
383.36
398.441
196.506
136.185
456.723
484.122
37.8839
736.724
505.844
469.5
33934.2
94.2198
351.111
762.52
572.239
234.441
81.996
12.1257
702.606
207.203
522.508
61.6557
403.544
360.029
257.3
420.324
650.02
24.9323
341.859
415.288
236.245
593.671
120.414
276.57
461.928
490.341
35.7912
385.386
354.392
57.8065
821.317
19.4818
26213.6
116.585
550.768
193.383
227.556
224.328
37.2514
746.063
218.746
610.637
353.539
1255.6
346.222
43.365
95.5133
1636.39
2439.48
1218.01
258.326
3572.77
1925.89
580.874
118.988
399.92
1870.89
1739.3
372.816
2333.63
9.32239
9.28181
501.881
10.9126
25694.1
43.9659
----------------
commit (avg): 1325.87
----------------
# Loading records:	100
skipping run
