parsing config file ./lvconfig29.conf
parsing done
<<<<< redos: 0 >>>>>
----- insert -----
3.98745
903.184
605.655
796.361
412.49
222.328
352.171
876.174
833.449
591.27
618.295
503.141
417.853
119.086
624.339
497.555
512.582
824.236
829.464
714.087
335.574
375.489
592.681
603.828
570.801
804.679
853.219
100.097
699.386
894.008
241.007
894.493
570.3
395.829
724.479
3.27953
344.53
947.592
885.095
805.572
290.147
446.54
155.644
588.808
447.688
442.305
688.609
544.346
618.186
292.091
861.79
683.422
798.1
776.622
887.231
762.526
566.084
761.865
267.248
665.096
676.456
410.965
671.591
288.516
430.502
273.048
383.885
212.633
456.658
482.549
3.30759
3.2743
201.843
571.347
935.795
539.947
250.229
146.338
551.882
756.564
190.354
827.703
228.516
4.36561
313.641
3.43323
3.46167
3.51112
345.861
3.373
3.44978
3.30616
52.0306
808.931
685.978
3.41384
3.50839
405.682
706.194
3.28144
----------------
insert (avg): 472.913
----------------
----- init -----
5.86972
4.32308
4.76839
5.75527
7.49435
8.5717
7.21956
7.30973
8.41388
8.379
8.84565
9.99958
10.3774
17.2244
10.5678
12.4587
13.3576
12.0662
13.6453
13.9808
20.9856
17.8046
14.4639
15.2604
16.3848
17.5683
18.7588
25.5016
24.5199
21.5067
20.5715
18.5007
20.0786
19.1419
26.663
19.9081
19.8344
19.9022
21.7853
24.0018
24.7122
23.8625
25.15
26.5003
24.2593
24.4617
27.0752
27.5997
27.8273
28.5488
26.3447
26.8719
35.2415
28.6045
31.9989
31.7457
30.0852
30.9556
31.8209
34.2773
33.5331
32.8523
34.8894
36.5218
35.9607
41.2492
37.1745
42.8996
37.9856
40.271
33.9948
45.2154
38.7593
40.9693
39.4545
51.4858
52.0696
41.1141
42.3912
41.0094
41.4661
47.071
40.1964
46.5861
47.4006
41.2295
42.1431
43.8612
43.9115
43.5705
45.1984
47.5528
46.1993
50.9394
46.8634
47.4097
45.9478
47.2827
49.2702
49.5473
----------------
init (avg): 28.7516
----------------
----- commit -----
50.3705
388.564
198.864
583.82
768.896
639.187
116.173
155.835
400.107
372.755
486.761
571.175
865.868
364.074
489.892
473.745
162.662
158.49
278.317
638.792
603.181
393.668
382.409
410.578
177.816
128.943
875.166
273.41
85.7195
740.47
85.0232
409.7
585.397
253.168
31426.3
179.074
32.5333
93.4625
175.666
683.592
527.469
819.326
384.631
526.8
533.889
284.912
428.331
356.775
674.883
114.622
287.113
168.119
193.574
81.1824
205.302
404.556
216.012
691.175
300.804
291.291
553.649
294.164
674.43
534.248
686.008
579.546
744.523
504.911
475.574
25615.5
309.058
748.02
391.72
21.7183
410.59
697.213
812.899
404.252
200.786
768.608
124.485
732.049
951.761
635.979
5557.99
2505.24
1198.05
210.983
1704.74
443.688
3314.51
291.298
141.232
266.355
2098.97
2276.68
73.5877
242.352
25712
49.5378
----------------
commit (avg): 1376.09
----------------
# Loading records:	100
skipping run
