parsing config file ./lvconfig16.conf
parsing done
<<<<< redos: 0 >>>>>
----- insert -----
3.95389
640.563
442.439
498.802
568.229
454.385
767.708
386.211
760.253
870.315
651.108
629.319
459.222
217.193
912.63
699.669
638.542
786.246
432.481
379.734
458.776
441.263
647.829
259.545
856.516
583.23
862.677
198.356
718.492
606.592
491.633
655.122
833.093
441.387
580.841
4.1535
25.5236
845.442
442.608
677.573
127.583
948.915
576.841
610.944
418.287
273.289
571.976
448.697
179.986
750.125
813.309
445.732
380.331
548.392
576.722
926.642
370.732
777.191
856.768
800.954
557.083
425.767
328.744
357.912
743.97
418.091
653.828
3.55713
711.43
939.941
829.176
607.135
561.054
750.026
834.886
935.608
869.738
101.587
3.62331
3.54197
573.307
3.49638
190.13
910.312
786.275
3.99159
3.85035
4.9832
592.835
431.274
3.28207
669.737
832.228
3.86982
293.948
496.742
3.88395
147.965
792.357
683.302
----------------
insert (avg): 512.975
----------------
----- init -----
5.83787
4.07186
6.55727
5.12916
6.06335
6.38091
7.23176
7.46166
7.85566
13.4375
9.2264
9.7132
10.0159
10.7112
12.3649
10.5985
12.3161
12.5589
15.0289
12.4745
18.51
14.0052
14.816
15.7468
15.502
22.9014
20.8873
18.4262
17.7262
18.2055
18.4906
19.0433
19.1547
19.7381
22.5103
20.717
22.5628
103.509
29.792
27.4345
24.6271
25.5383
22.8181
25.6627
25.6318
33.0797
32.2644
26.949
26.9318
25.6174
29.6522
28.4484
30.7739
29.9201
29.9558
34.5611
32.7426
30.8299
35.2288
31.8037
33.2543
33.2248
33.6035
33.7834
32.6615
34.9082
41.7592
37.9263
32.781
33.5321
36.4423
46.4818
42.3954
38.195
41.0157
39.7794
40.4127
40.2529
37.9808
39.665
39.8507
40.1377
39.7184
45.4094
42.3554
43.9294
43.2638
43.0465
43.327
42.8681
46.4172
43.5819
44.921
52.4248
59.87
50.7374
48.5686
47.9389
47.644
46.5887
----------------
init (avg): 29.1041
----------------
----- commit -----
175.015
550.65
496.245
429.535
539.285
222.667
606.031
229.948
115.265
340.738
360.288
529.933
775.165
73.9075
289.386
349.387
200.671
555.817
609.64
520.546
540.699
338.405
725.929
125.953
395.202
115.51
785.066
261.35
375.894
493.69
321.876
147.662
539.221
400.415
33848.8
72.9803
55.723
525.771
292.905
848.052
25.2992
399.852
363.023
556.879
694.055
398.828
519.946
793.934
224.386
156.649
525.069
589.324
420.464
395.306
46.3675
587.292
192.967
109.254
165.181
409.284
540.917
638.808
607.735
224.106
548.491
302.55
26197.4
13.706
28.7132
137.249
344.201
397.59
210.205
125.292
22.6782
88.9087
858.587
1579.17
1523.92
198.849
3452.7
272.908
44.5612
171.636
3194.64
2255.44
496.356
273.812
525.113
3222.26
14.792
122.843
3491.51
101.464
449.756
25672.7
79.69
159.454
269.482
191.487
----------------
commit (avg): 1358.06
----------------
# Loading records:	100
skipping run
