parsing config file ./lvconfig34.conf
parsing done
<<<<< redos: 0 >>>>>
----- insert -----
4.12653
559.193
985.551
970.481
950.166
913.916
983.912
935.72
907.963
935.302
977.083
947.386
980.181
957.537
970.254
879.648
956.58
969.793
944.744
868.956
935.892
974.65
931.229
923.103
974.276
963.354
927.347
927.847
927.872
881.344
970.984
934.153
958.77
924.195
940.261
940.185
897.167
942.559
964.355
920.776
966.746
942.559
926.963
939.955
965.693
926.093
962.869
928.533
890.022
942.149
950.876
899.4
943.535
961.207
757.902
945.457
888.309
904.364
926.406
850.824
958.893
957.692
940.714
932.611
905.096
951.915
875.702
953.973
917.821
858.283
948.809
954.016
870.709
919.176
898.15
903.323
951.974
922.474
949.304
888.513
876.973
901.678
916.148
883.764
889.564
935.286
946.629
915.717
944.109
944.51
887.901
896.052
909.394
911.431
933.461
939.334
920.992
943.041
918.094
873.612
----------------
insert (avg): 915.255
----------------
----- init -----
6.20535
3.88556
4.87643
5.14578
5.33784
5.73327
6.86206
6.60302
7.77637
7.4336
10.6036
8.82345
9.18342
10.2858
10.7713
11.4482
11.408
11.0452
11.9576
14.871
12.6824
14.1743
14.0967
14.0965
14.9526
17.6254
18.7715
15.9317
17.2283
17.4757
17.726
17.5183
18.532
19.2547
18.4418
20.5733
19.4548
20.1942
23.2489
22.4835
22.4947
23.1565
23.1592
23.7192
24.4246
25.5369
26.2473
24.6751
26.8544
25.7443
25.6643
26.8521
26.5811
27.6839
26.7129
28.848
33.5144
27.8961
29.5239
30.5017
31.2712
31.3077
32.7566
31.8969
31.3892
36.0689
32.9189
35.7044
33.1261
34.1019
37.6212
36.0636
34.0974
36.3718
34.6607
36.0317
37.6965
39.6869
39.7776
38.4626
39.3539
40.1727
40.2551
43.9428
41.886
42.9255
43.8343
42.7323
44.8002
44.97
42.8872
49.8626
46.1684
46.0694
44.6202
49.0032
49.3061
47.3933
47.4627
47.7548
----------------
init (avg): 26.5092
----------------
----- commit -----
9.66418
10.7213
24.2541
44.1552
80.138
9.54528
58.0448
83.2282
57.7363
12.2572
43.4106
11.2736
31.1127
20.1818
108.218
31.9429
19.2935
43.5817
115.512
51.337
11.4169
55.102
62.6016
11.4434
17.7334
53.7332
56.9548
54.3794
101.145
11.8089
47.9463
22.6568
56.2542
42.102
38.7217
83.7235
36.5235
12.4471
56.6783
11.2479
34.1334
49.3173
36.058
10.5462
48.0231
11.0207
47.0483
82.909
32.0252
23.5144
73.5271
29.5036
11.3312
215.78
25.5879
77.7338
67.5762
44.0403
118.409
10.1798
10.8165
26.5901
35.5264
63.4656
12.4398
90.9885
10.298
49.2803
107.868
12.8827
10.0707
94.9919
44.8776
66.6947
61.1124
10.1912
37.4179
11.0537
73.0009
84.331
57.3892
43.6616
72.3943
68.4343
21.6684
10.0133
40.9172
10.9031
10.8763
68.8927
54.5632
44.4252
43.6304
20.4466
11.9255
29.2692
10.7812
34.6827
77.1303
48.9299
----------------
commit (avg): 44.5333
----------------
# Loading records:	100
skipping run
