parsing config file ./lvconfig1.conf
parsing done
<<<<< redos: 0 >>>>>
----- insert -----
4.58335
92.1377
851.434
485.195
541.041
706.386
774.461
572.841
688.313
770.794
646.227
703.654
847.019
405.416
802.201
241.939
621.909
499.758
638.571
608.26
262.568
520.873
610.253
789.311
573.497
950.844
209.928
288.891
604.448
892.75
457.289
347.221
784.386
820.836
172.957
798.562
3.35566
3.5749
348.607
244.026
467.15
242.012
411.241
458.313
757.172
562.399
430.855
546.267
303.571
545.045
765.579
617.133
432.831
957.506
702.447
587.606
445.711
500.256
559.56
813.876
688.536
507.76
370.41
196.434
523.729
479.755
659.643
511.944
523.431
4.13565
440.996
606.283
350.742
663.253
223.881
861.434
564.348
3.41366
162.322
3.38862
323.702
4.80333
3.77051
17.5405
849.086
285.304
3.32133
734.335
234.115
3.39934
62.1321
633.876
577.298
3.0593
3.76312
685.41
3.3909
663.943
570.324
590.226
----------------
insert (avg): 468.915
----------------
----- init -----
8.34781
4.85293
4.53216
4.8028
6.43154
6.44098
6.8956
8.23358
7.9018
7.73426
9.05406
8.98682
11.2697
10.9424
22.1261
11.8814
12.1715
13.5788
12.4647
13.3409
14.5219
14.7676
14.7053
15.4482
15.2711
16.8232
16.2632
18.2393
18.0758
19.5705
19.3597
19.9072
20.2828
19.4193
21.8852
22.7743
21.4973
20.9199
23.2291
22.285
24.6075
24.0055
24.7978
24.5616
27.4612
28.7256
26.1017
29.282
29.9526
32.4122
30.0782
30.5066
29.2596
33.1573
31.0381
30.3972
38.0262
35.5432
40.2616
32.1244
33.643
35.842
40.0362
37.1297
35.0879
36.5135
35.6346
36.8438
35.5651
35.3285
36.6151
45.1606
46.5457
46.0714
46.7285
39.4617
39.8333
43.1564
49.2319
46.6156
48.8554
44.9245
41.5346
40.9724
40.9054
44.0943
41.4063
41.7755
53.8079
44.8113
53.787
46.0232
43.9412
43.531
53.0139
45.6826
47.9121
45.2225
48.0676
49.8895
----------------
init (avg): 28.9074
----------------
----- commit -----
11.2214
146.055
511.004
452.453
290.871
215.262
421.636
302.909
218.547
345.373
287.942
140.938
582.217
179.113
744.299
366.175
486.757
347.63
379.72
729.693
458.338
372.674
196.042
418.071
24.939
773.839
693.177
375.523
89.822
523.008
637.329
191.505
159.551
805.306
182.615
25997
8160.64
420.34
732.084
504.177
735.788
563.949
516.585
215.541
409.012
542.3
428.282
662.409
423.469
203.386
353.641
535.407
11.3903
264.852
383.764
526.804
451.924
402.29
153.19
276.282
456.979
589.541
769.083
439.121
484.171
306.195
449.512
439.124
26390.6
92.5692
352.085
599.939
291.505
727.995
100.801
394.177
1497.39
243.52
1409.33
167.82
1245.96
4263.7
336.054
110.105
671.244
1966.81
214.394
709.633
1695.22
139.625
320.754
379.01
1939.32
1969.61
255.534
2230.62
9.12559
384.755
357.119
25652.7
----------------
commit (avg): 1379.89
----------------
# Loading records:	100
skipping run
