parsing config file ./lvconfig3.conf
parsing done
<<<<< redos: 0 >>>>>
----- insert -----
4.18504
535.275
625.554
337.269
910.199
440.755
599.918
232.437
663.596
885.616
412.104
693.303
841.074
538.251
265.936
522.832
412.05
573.915
702.785
699.781
933.713
430.031
544.272
947.738
560.894
887.051
447.058
248.887
814.921
595.584
314.589
905.972
858.169
229.26
754.64
3.31952
4.6398
3.95699
407.738
689.624
376.562
286.924
905.616
706.935
381.39
839.654
812.599
520.437
657.215
867.814
420.367
747.398
685.811
936.188
558.972
780.003
855.252
138.356
439.732
598.928
649.085
693.655
564.229
248.769
944.495
404.874
134.363
284.974
797.548
5.35704
95.9976
761.737
492.863
740.547
914.092
234.163
824.617
572.726
4.49244
61.3588
4.17782
194.319
863.088
791.27
3.26192
3.97989
179.091
3.31365
671.814
832.788
3.48433
3.64923
842.75
637.305
3.77563
3.66813
3.59091
3.81945
678.871
601.357
----------------
insert (avg): 497.544
----------------
----- init -----
5.85203
4.0343
7.49842
5.51311
7.40885
6.08684
10.363
7.09772
8.65683
10.1479
9.34287
9.39559
12.3261
11.1415
10.9247
17.618
17.3589
12.556
14.8517
13.5295
14.788
14.7203
16.6381
15.5466
15.8251
17.1878
16.6571
19.7442
19.0045
18.2531
18.8469
18.2481
20.8169
29.4254
20.3772
23.0585
20.6989
21.6244
21.8807
22.8376
24.4604
29.3747
23.3838
26.8181
31.6174
24.5355
28.1764
28.6159
32.15
29.2611
29.3258
28.4358
28.0426
29.0211
30.8981
31.8284
29.6139
31.5513
43.9608
32.8057
41.7645
37.7292
33.5015
39.5469
38.3805
43.0477
36.9631
35.6045
42.0532
37.2945
37.3242
37.4883
45.4156
40.1168
39.7145
47.6203
41.1449
41.8481
44.0792
46.1324
41.8692
45.7459
43.5444
43.9456
41.8802
45.0517
50.174
43.3771
41.796
44.3741
48.8163
47.2988
43.2161
53.9609
47.5293
54.1509
46.9351
45.375
45.4449
49.2401
----------------
init (avg): 29.1226
----------------
----- commit -----
212.897
365.903
658.179
85.7457
550.506
391.566
759.064
326.153
103.998
578.24
297.42
146.491
454.528
720.039
459.429
570.86
412.711
284.551
287.62
52.5932
549.796
439.97
42.4986
416.949
95.962
537.019
730.41
168.577
383.909
668.535
74.3917
120.887
741.294
227.779
26111.1
7831.37
124.148
425.564
286.626
597.631
681.697
71.3372
266.693
586.413
137.089
159.503
454.11
305.964
104.08
550.52
223.715
286.173
34.7062
409.825
188.7
126.254
817.341
518.216
367.575
307.462
269.52
402.676
710.7
17.7435
552.846
830.175
677.571
158.703
25664.8
162.119
198.479
464.499
216.187
48.6017
717.706
134.158
383.258
989.813
853.659
1122.19
591.831
92.4744
164.648
3930.91
1105.74
640.441
2066.71
173.357
121.988
1661.58
235.998
115.881
306.196
4226.05
1574.61
480.13
775.622
9.28468
352.836
113.471
----------------
commit (avg): 1082.05
----------------
# Loading records:	100
skipping run
