parsing config file ./lvconfig22.conf
parsing done
<<<<< redos: 0 >>>>>
----- insert -----
4.31579
82.0125
872.983
473.272
324.973
432.62
835.111
333.399
363.36
241.754
455.687
295.7
877.262
831.125
273.892
147.138
465.378
319.594
594.491
588.048
878.051
371.465
599.852
325.56
577.007
865.477
675.047
392.484
662.541
730.623
720.426
50.4689
591.087
321.547
344.286
839.798
3.55727
4.01727
677.971
957.609
800.653
763.112
921.176
468.57
111.809
616.26
719.639
341.128
755.369
443.598
440.803
891.447
516.034
349.528
432.112
438.635
428.391
289.624
421.224
792.424
572.296
770.653
438.715
262.303
442.274
556.126
201.157
561.159
413.252
3.64852
229.189
561.372
642.39
698.805
695.96
190.885
141.659
845.146
616.843
778.469
632.953
22.957
3.67215
63.4633
3.98833
3.34191
404.465
3.74735
821.827
4.00454
297.65
3.46458
3.92089
3.60948
595.112
868.113
437.392
635.683
906.081
930.901
----------------
insert (avg): 466.112
----------------
----- init -----
7.19289
4.61043
4.78161
5.02216
6.49446
5.97996
6.99242
9.75853
8.10423
8.7908
9.85171
9.58686
11.0734
10.8368
10.6641
11.5806
12.1634
11.6482
13.6892
12.7997
14.9411
13.936
15.2771
15.7237
18.7295
17.4731
16.9607
16.0505
17.463
17.912
18.8881
23.2104
26.1737
20.8359
22.3341
21.4215
21.6819
22.6884
20.8722
25.5834
23.639
24.4137
24.8491
24.5899
25.2505
26.8604
26.5414
28.8059
27.0942
27.0562
30.0048
29.4798
30.5167
30.1297
30.8371
30.7671
38.4651
32.1934
32.4942
33.0061
32.9887
42.8383
33.8072
41.1973
34.6008
38.785
44.1762
35.1577
36.5219
37.3404
46.6468
40.6664
41.0248
40.7039
47.4508
40.4227
41.7118
44.6056
41.7621
41.034
41.6005
40.1418
46.9504
41.2187
41.3879
40.1503
42.523
52.4611
45.0571
45.6552
45.9652
45.2207
46.3106
47.7788
48.3603
46.7826
47.9837
48.1482
51.049
47.213
----------------
init (avg): 28.6217
----------------
----- commit -----
19.3454
124.955
520.925
669.421
565.003
155.415
658.315
627.079
745.995
535.757
695.444
111.233
157.691
715.542
842.49
521.851
668.504
391.521
399.742
110.354
615.566
378.911
660.035
405.271
114.881
308.274
591.993
323.561
249.366
258.853
930.382
379.074
657.468
633.517
144.994
25660
8338.42
244.136
16.8338
175.32
213.404
53.1839
506.264
862.7
356.951
254.834
631.812
213.328
531.311
528.431
79.6043
453.185
620.226
535.608
532.677
542.178
667.595
548.053
173.825
392.987
187.803
527.494
696.765
522.953
404.388
756.872
402.333
548.329
26497.9
185.663
401.368
314.317
260.872
254.687
770.643
815.119
110.007
342.047
178.364
326.104
942.221
4773.64
64.8618
1829.39
1591.23
42.5581
970.869
107.093
3466.83
140.272
2406.06
1615.34
1914.36
269.292
85.3967
517.606
313.159
43.3958
20.8456
23.0765
----------------
commit (avg): 1146.63
----------------
# Loading records:	100
skipping run
