parsing config file ./lvconfig17.conf
parsing done
<<<<< redos: 0 >>>>>
----- insert -----
3.79892
777.777
596.912
385.239
20.0836
372.332
652.652
732.521
328.295
907.134
435.298
783.572
429.261
154.322
385.758
646.001
568.705
533.989
840.046
865.203
742.869
772.748
695.065
418.422
507.686
897.177
595.07
396.54
471.104
802.13
200.586
686.783
333.651
607.805
450.404
844.717
3.42412
3.42238
674.955
932.488
438.091
233.425
440.54
792.109
591.884
524.834
439.563
353.006
427.067
231.376
948.201
837
373.966
839.734
659.115
633.97
788.662
706.745
786.475
473.261
699.476
789.177
361.165
453.646
659.281
490.273
346.387
245.147
537.003
4.0707
141.804
619.237
315.643
792.592
625.445
356.471
582.405
3.85657
22.4049
37.3144
823.989
3.51212
7.9056
722.518
419.152
3.86986
186.873
3.84705
3.47473
129.993
3.42836
3.56538
3.59323
555.569
548.263
276.138
624.276
3.34399
192.543
636.374
----------------
insert (avg): 462.1
----------------
----- init -----
6.66465
3.97724
4.78135
5.33328
6.37148
6.23745
6.86993
7.11456
10.6932
8.74459
9.4993
8.98559
10.6888
11.6145
10.4296
11.5326
14.4543
12.916
13.5399
13.1246
14.4662
14.0932
15.3674
15.2314
20.5691
17.5543
17.0031
17.2722
20.3296
18.238
19.0501
20.11
21.0426
22.2957
27.8757
21.7217
21.731
21.3645
21.382
22.3966
22.1804
23.0517
25.7966
26.6409
23.5335
26.2555
27.0312
26.7689
26.5379
27.5831
37.9113
28.3856
34.3695
30.2207
29.2994
29.4871
31.4675
35.5011
32.7096
33.6228
34.6657
36.5455
37.1058
33.5138
34.0861
37.0839
38.4326
41.4523
35.9267
38.3032
44.0426
39.2027
41.2839
40.71
38.8815
43.4377
37.6843
45.8752
44.1401
41.129
42.4724
40.1142
40.7404
39.9187
47.893
52.4081
42.7564
43.8246
43.5562
44.7339
44.585
50.7481
46.3982
43.4811
50.1891
49.0046
49.536
55.0967
55.5836
54.0053
----------------
init (avg): 28.7157
----------------
----- commit -----
71.109
398.408
609.038
980.447
616.109
340.604
260.658
658.006
83.7032
556.571
206.867
558.741
835.577
602.427
344.31
416.462
452.966
146.896
122.946
245.979
206.891
290.825
571.981
464.152
86.1917
388.346
585.566
508.932
179.591
784.737
289.441
645.065
370.394
524.589
127.534
32707
400.774
150.134
45.9814
537.167
743.765
531.657
181.211
384.948
447.477
534.702
623.345
542.363
741.117
14.4782
135.741
591.386
129.71
310.395
337.162
194.37
242.88
182.49
492.503
265.222
174.363
601.184
513.672
306.568
472.825
615.475
712.95
424.373
28762.4
10.607
343.251
641.792
165.498
336.045
599.326
381.509
1071.57
811.209
922.245
133.474
3252.15
653.708
237.075
534.35
3700.9
12.6269
2455.36
998.111
276.995
1596.89
2023.2
2566.37
60.7134
401.85
677.763
323.768
25586.3
107.487
309.33
249.606
----------------
commit (avg): 1400.25
----------------
# Loading records:	100
skipping run
