parsing config file ./lvconfig2.conf
parsing done
<<<<< redos: 0 >>>>>
----- insert -----
3.95501
3.23527
405.613
639.518
314.945
797.987
606.067
624.898
469.679
216.151
579.095
273.035
449.569
538.558
709.127
114.832
871.559
251.634
892.553
790.559
465.127
451.252
705.627
496.75
788.405
754.491
910.727
432.528
954.636
438.836
810.794
96.4714
912.363
963.201
429.211
613.479
4.03261
3.2784
599.701
502.866
424.465
703.132
301.204
825.474
930.587
785.348
552.464
443.181
949.095
376.972
465.763
635.171
457.194
792.236
953.453
759.825
937.128
301.02
608.785
524.746
435.803
639.701
947.537
797.813
905.004
658.911
191.911
900.793
3.24031
189.001
782.044
837.338
596.989
821.867
107.102
151.059
6.55399
655.933
3.56117
9.27903
131.183
878.228
3.32596
407.137
897.179
919.909
3.67257
3.17417
839.002
799.662
3.35551
3.59419
3.57834
3.40938
3.76077
379.082
3.58778
3.32746
187.91
3.55348
----------------
insert (avg): 487.327
----------------
----- init -----
5.88227
4.14761
5.92879
6.68324
6.30562
7.74164
7.31952
7.36048
9.28888
8.55514
9.29172
9.30337
10.7919
9.84141
11.893
10.9505
12.4028
12.7656
14.2167
13.3031
14.2674
14.6065
14.5506
16.3733
15.4112
15.9527
17.5753
19.1562
20.1321
28.6806
19.3756
34.2671
20.694
23.643
21.1166
21.7088
20.6513
20.9963
21.301
22.1984
24.7951
23.9843
24.645
25.7741
28.1179
26.9317
28.3646
31.6704
32.6791
25.9748
30.0521
36.8541
30.2839
29.1719
33.4755
31.1592
39.4599
32.7032
32.6515
38.8424
33.2475
32.9543
39.238
37.1089
37.2618
38.8351
43.8928
37.8227
34.9809
38.3946
38.4141
41.4332
39.0872
41.3266
48.5925
42.8844
43.7251
39.2015
46.2408
44.2888
41.7416
42.5822
47.9596
41.9684
47.8963
43.8918
46.9526
41.6291
44.3848
45.2464
47.3801
46.3267
46.4397
47.727
46.3306
45.8073
50.2937
47.9795
57.069
46.2345
----------------
init (avg): 29.1899
----------------
----- commit -----
207.018
383.545
352.817
679.716
197.372
387.096
366.712
519.873
772.719
412.167
717.35
539.573
450.315
279.087
876.064
116.116
735.169
92.8241
199.502
524.504
532.443
272.183
489.27
201.92
221.924
72.7848
548.587
26.0331
533.855
166.992
872.891
61.7966
14.8021
551.41
364.435
27272.4
6867.8
191.157
473.065
550.721
272.98
672.169
147.589
43.0831
186.296
420.206
526.863
15.5532
598.564
503.248
328.834
512.298
176.699
14.5769
210.118
33.9542
654.357
358.923
436.386
530.361
325.658
14.532
167.966
55.4421
303.222
765.368
59.7942
27530.9
202.057
182.754
117.981
365.371
136.638
844.797
804.018
1136.9
117.948
1778.91
116.662
831.76
74.7253
3421.23
77.4666
54.8135
36.9041
1899.72
26.9871
95.5503
153.724
1929.43
1441.01
498.696
1958.34
1422.69
72.2428
2025.89
2612.85
13.2721
26164.3
16.1747
----------------
commit (avg): 1355.94
----------------
# Loading records:	100
skipping run
