parsing config file ./lvconfig18.conf
parsing done
<<<<< redos: 0 >>>>>
----- insert -----
3.96358
862.994
200.554
426.252
303.488
715.287
776.328
790.418
650.131
806.164
971.345
427.478
925.724
910.638
308.487
967.178
959.903
372.521
955.002
567.854
642.39
632.083
511.44
959.434
706.051
273.813
459.942
917.859
824.711
778.7
335.888
571.903
399.085
162.678
585.698
955.429
914.77
936.197
967.87
951.495
966.663
3.76947
297.869
916.28
965.626
610.026
184.622
478.316
357.923
872.339
499.065
856.148
633.632
331.534
551.913
389.486
383.79
426.345
767.95
860.289
402.892
499.855
338.808
852.689
553.404
911.325
437.434
781.043
438.583
740.664
443.34
915.36
526.116
598.143
521.914
3.91857
442.508
748.957
516.288
757.419
575.692
373.044
809.907
884.503
3.43189
710.665
711.086
3.69165
182.499
3.60753
3.43686
200.058
3.53492
3.52108
434.343
3.88289
229.803
3.57674
3.44716
549.236
----------------
insert (avg): 548.664
----------------
----- init -----
6.06187
4.26638
5.07138
5.39082
6.00079
6.12486
7.60312
8.29889
7.51237
8.10004
11.0328
9.54762
11.0903
13.7427
10.9691
12.1447
13.8985
12.6068
15.0136
14.1312
18.8314
14.4263
14.2803
16.0817
15.8922
18.0909
16.189
17.0809
18.0333
19.4607
19.0822
19.1519
27.1637
19.7007
21.8731
29.1461
28.3345
20.6608
21.5966
22.1646
23.1193
21.8177
21.9665
22.6853
23.7701
56.141
28.1286
26.0005
27.8421
30.4513
29.6593
35.3083
29.4567
30.706
36.9211
29.4147
29.4198
32.1251
31.1264
36.4505
38.9309
32.9507
34.9313
34.2889
36.466
38.0926
37.7736
39.5372
37.9741
36.8336
36.0679
39.3493
45.3562
40.6138
38.3857
38.6252
40.971
40.0119
43.4976
44.7953
40.5801
47.7742
45.55
43.0146
45.1471
43.4963
42.6994
43.0831
50.5874
42.7017
44.4017
53.7843
47.0618
46.3342
47.0904
55.4597
49.6047
45.516
48.2827
49.1495
----------------
init (avg): 28.9513
----------------
----- commit -----
89.6366
792.942
569.578
693.9
278.316
212.242
203.696
339.772
184.906
18.7813
561.988
62.5373
79.2
676.246
23.2364
26.196
613.676
33.3217
420.85
337.212
348.511
475.605
29.6795
271.708
708.217
525.114
63.7785
157.005
202.353
647.379
407.286
573.75
817.479
390.288
16.267
55.2041
43.1071
10.5974
25.6374
9.99726
25645.9
9.33625
60.8162
11.5577
338.963
785.717
493.44
614.749
95.6855
472.24
107.893
337.694
637.859
414.466
575.556
588.747
540.849
201.798
102.407
558.632
465.899
627.983
115.235
406.469
52.7312
523.098
177.997
524.237
223.393
522.102
43.5365
428.119
363.173
438.17
26271.6
199.928
212.167
443.709
195.112
385.585
577.564
145.164
70.9174
1971.11
224.489
246.704
1154.4
565.911
3234.23
2139.41
278.184
3361.14
2030.39
25.6198
1320.66
341.2
3796.89
4453.04
53.1051
58.5616
----------------
commit (avg): 1032.6
----------------
# Loading records:	100
skipping run
