parsing config file ./lvconfig19.conf
parsing done
<<<<< redos: 0 >>>>>
----- insert -----
3.97466
338.014
774.642
532.588
520.835
627.132
676.994
445.072
557.353
857.411
805.334
924.696
480.638
638.057
320.561
879.522
330.297
649.203
669.624
887.06
918.928
621.948
530.202
225.901
427.107
968.547
411.762
969.314
527.739
789.524
565.358
951.405
809.583
355.571
699.293
3.42561
736.969
925.796
3.7145
402.394
882.018
865.967
935.835
429.264
875.925
615.557
397.793
555.335
301.267
546.097
658.979
469.008
733.297
674.476
839.866
708.933
285.265
418.493
407.7
523.176
572.134
111.46
694.609
561.643
583.222
658.754
301.13
293.505
746.945
783.224
766.32
890.509
399.733
3.46303
238.231
348.52
836.144
381.264
813.482
399.831
262.81
273.768
917.076
793.481
3.69489
4.66552
4.58887
3.54764
3.33319
3.36574
38.9077
699.245
3.33002
161.213
3.4626
309.633
3.54775
3.38665
3.32666
3.83911
----------------
insert (avg): 497.721
----------------
----- init -----
6.81612
5.04398
5.33498
5.22953
6.79286
6.51282
6.9782
8.85166
8.70927
8.98018
9.05176
10.8996
11.891
13.5243
10.7809
12.4612
12.3826
12.2459
12.489
14.7812
14.9316
14.0844
20.6014
21.314
16.2334
20.3913
16.719
20.054
18.6813
18.8353
20.3592
19.2647
19.2595
29.0649
20.2098
19.3783
19.2327
20.7851
21.3542
20.6186
27.1079
21.1403
24.464
28.4145
27.1175
29.095
27.6105
27.175
26.7664
27.2887
29.0066
29.6714
29.2184
29.4188
31.1397
30.9437
36.804
35.1236
32.7359
40.5738
38.6737
33.0482
39.2389
34.3691
33.8483
35.6022
35.2948
38.1885
40.6021
36.3104
37.772
37.5841
38.209
38.2702
35.4328
41.0635
38.4858
48.4397
46.4659
41.8016
41.043
44.4036
50.4234
48.986
42.3492
49.4979
43.2714
41.4327
43.6307
43.995
50.6281
48.2409
51.6372
45.6528
56.3554
49.304
53.5335
45.6272
52.9545
50.0858
----------------
init (avg): 28.937
----------------
----- commit -----
265.658
221.279
462.006
476.737
363.851
316.99
544.808
431.646
132.855
186.823
63.5795
507.769
350.621
665.202
108.136
658.923
337.551
319.781
97.837
66.4415
362.024
450.085
758.323
549.356
13.3745
568.967
13.1009
453.641
190.026
419.043
25.2242
171.079
616.512
280.289
26207.4
9.79387
53.1924
3496.2
56.0344
91.2015
113.101
45.1013
540.437
94.989
356.241
574.019
416.495
671.435
427.654
310.969
506.124
232.426
299.095
126.412
261.291
675.819
547.863
558.562
436.301
404.031
841.4
264.494
405.483
382.341
305.354
663.472
669.488
212.26
179.746
197.744
71.0126
560.408
25643.7
42.2053
609.427
126.623
569.726
141.629
556.964
696.832
678.538
32.9514
158.393
1826.4
927.033
330.04
4681.76
1446.83
2276.99
131.725
254.285
2377.09
359.402
1330.52
251.436
2130.1
2063.8
2011.77
1625.14
480.823
----------------
commit (avg): 1074.77
----------------
# Loading records:	100
skipping run
