parsing config file ./lvconfig13.conf
parsing done
<<<<< redos: 0 >>>>>
----- insert -----
4.08939
786.886
494.851
576.559
109.061
327.006
421.523
260.645
871.648
469.121
725.325
677.758
439.316
930.352
414.252
831.572
431.174
722.104
865.114
623.951
317.281
580.707
488.022
587.534
439.421
686.64
303.359
907.595
497.772
878.581
218.093
696.212
647.175
957.052
475.739
948.313
3.53571
3.61366
3.51331
297.812
329.106
494.489
97.5888
820.704
320.928
228.232
479.364
304.017
727.203
907.787
362.687
330.999
787.008
765.531
773.613
493.422
744.205
539.973
570.909
724.568
385.182
641.414
682.85
320.135
486.623
234.052
470.272
860.32
833.371
3.40908
22.4406
401.02
677.882
478.261
711.553
360.35
844.92
191.709
3.65227
39.4005
3.37934
3.58541
3.08486
3.37784
73.4746
940.189
706.443
3.62859
205.086
3.56292
175.405
3.37307
3.80695
397.811
902.853
3.94778
218.819
857.37
722.898
922.915
----------------
insert (avg): 465.264
----------------
----- init -----
41.7887
4.91594
5.33614
4.9259
6.29411
6.24326
6.5773
7.66361
10.2277
8.54103
8.9418
9.78764
10.3409
12.3414
10.5112
11.5689
11.792
12.2573
13.7438
13.8812
14.229
14.0575
14.8469
21.1912
15.1292
16.1301
16.3793
16.5274
17.5046
20.7886
22.2486
20.9469
19.6484
29.1706
21.4437
21.9449
21.2468
59.8231
20.3577
23.8309
28.8282
22.878
24.7831
26.3753
24.1816
25.8377
25.2857
27.8437
27.3098
30.0163
26.4433
28.4943
35.3821
29.0013
29.0792
30.259
30.2031
31.8406
30.5425
32.0002
32.7978
40.3409
36.1955
34.9335
34.2272
35.6688
34.5695
38.4884
36.4376
34.5468
36.5234
35.9601
36.468
45.8771
38.9832
49.8829
42.5913
49.3415
42.6149
48.4402
40.3495
41.3618
40.7019
39.9153
41.224
40.7418
48.6711
44.4767
45.0887
44.0566
44.6953
45.7535
50.3876
45.3708
47.4994
47.3499
48.6374
48.3839
47.6856
47.6288
----------------
init (avg): 28.9658
----------------
----- commit -----
24.1836
499.114
418.667
888.748
664.353
572.629
731.414
117.02
520.767
266.263
312.115
548.456
61.6713
571.481
159.005
557.018
264.785
124.002
363.777
668.906
399.511
498.383
393.175
542.48
297.582
680.944
76.2678
484.077
100.317
761.756
281.008
332.287
14.9689
507.484
22.177
26043.4
6718.88
198.343
611.052
640.387
480.971
878.227
152.139
653.143
747.274
495.46
667.288
248.606
57.9855
614.375
639.211
177.387
205.344
197.066
475.852
226.027
436.623
388.982
244.084
582.323
317.742
281.1
644.933
480.843
728.567
494.579
103.514
128.514
26585.6
316.656
562.886
288.113
472.449
252.488
587.747
113.827
757.564
1487.36
377.328
1588.51
1562.27
2375.06
1845.8
336.341
19.8209
245.555
3372.69
328.54
3667.36
64.8256
3475.76
4689.9
290.332
46.7164
25663.3
18.5631
93.8746
228.939
29.2919
84.205
----------------
commit (avg): 1415.17
----------------
# Loading records:	100
skipping run
