parsing config file ./lvconfig20.conf
parsing done
<<<<< redos: 0 >>>>>
----- insert -----
4.11225
651.298
585.526
665.581
122.073
944.586
458.494
487.347
524.558
962.639
401.733
757.027
953.291
139.379
286.254
774.04
309.148
698.512
520.969
195.031
653.785
644.71
465.271
371.964
448.884
222.517
247.768
138.26
880.586
651.695
254.02
676.762
668.595
622.022
534.013
3.96587
388.182
254.717
838.159
784.636
962.559
437.671
332.239
909.625
791.655
961.428
338.55
572.752
530.18
515.117
877.812
824.081
784.941
644.617
592.78
278.652
465.906
364.395
336.363
352.342
585.812
364.771
736.687
548.905
683.158
935.669
3.80035
701.337
309.571
656.516
428.086
522.32
414.155
200.409
246.62
879.561
10.2161
854.901
927.501
137.247
698.824
3.71848
417.327
4.23722
297.936
3.93402
3.21585
3.44624
3.37653
3.44082
218.635
3.61526
222.004
527.953
3.89199
206.426
845.03
693.314
872.872
921.737
----------------
insert (avg): 481.68
----------------
----- init -----
5.92374
4.18504
4.99317
5.20331
9.75362
7.61102
7.72242
7.28162
8.20635
10.8693
9.57137
10.1862
14.0428
10.1495
11.1733
10.9486
11.639
11.8443
12.9288
13.9494
19.8338
13.9855
14.9924
15.107
16.1894
15.7895
16.2033
17.3628
20.6543
21.3257
17.422
18.7382
19.9559
31.1632
21.7923
20.7856
20.6994
21.5337
23.8832
23.4015
25.9265
23.939
24.7131
26.9902
26.8819
29.6173
30.7713
25.8474
26.7444
34.6642
31.1515
35.1048
31.3293
30.6347
29.5638
31.3151
35.5498
34.6929
33.2859
32.4606
33.2026
33.9909
38.6629
35.0112
35.2761
35.4575
39.6128
33.7095
36.9729
37.1492
37.7177
43.7942
37.9875
45.3237
37.7674
41.8896
40.4691
38.9344
42.3401
40.8374
45.0124
43.6877
41.7826
43.3689
46.47
43.8969
42.7283
43.4177
43.1575
44.7155
45.0208
47.4674
51.1781
54.9579
46.4144
51.2834
46.894
46.1128
47.1363
49.0619
----------------
init (avg): 28.7006
----------------
----- commit -----
99.4653
408.264
329.814
871.863
48.2986
532.165
504.342
465.737
24.9674
589.634
232.079
33.0705
854.828
697.07
216.601
679.271
289.475
469.174
790.968
326.902
336.51
520.952
618.422
528.422
762.941
736.137
843.294
98.8176
327.218
730.326
302.972
311.361
347.536
447.031
34068.7
496.981
722.377
136.134
190.031
12.943
537.358
642.867
64.567
180.362
14.1998
625.447
402.857
442.494
450.217
90.607
141.152
183.171
325.813
390.632
675.133
499.388
601.614
629.724
614.352
381.766
603.208
222.356
416.077
283.798
27.3279
26178
40.65
654.77
307.974
533.241
435.306
546.789
754.816
714.479
77.0897
950.889
103.972
31.052
821.091
256.957
3433.27
59.1179
1203.24
405.366
3759.97
1624.95
725.386
3336.99
1806.46
246.144
3983.28
695.667
414.132
25636.1
56.0919
108.001
260.216
79.8635
28.8123
10.8195
----------------
commit (avg): 1407.31
----------------
# Loading records:	100
skipping run
