parsing config file ./lvconfig7.conf
parsing done
Error: curlCode: 7, Couldn't connect to server; Details: Failed to connect to localhost port 9000 after 0 ms: Couldn't connect to server
<<<<< redos: 0 >>>>>
----- insert -----
4.3054
586.656
685.997
273.691
265.221
956.01
375.156
498.211
886.505
602.226
960.159
910.282
528.409
750.707
824.944
841.783
648.281
798.616
802.725
947.346
379.222
467.902
520.67
508.695
763.809
480.017
964.318
943.683
790.458
637.566
509.264
613.288
592.897
280.18
850.506
937.908
948.06
925.37
949.171
939.137
3.38688
431.845
935.56
925.004
843.67
699.252
820.92
627.343
614.358
693.865
137.447
798.428
779.977
595.726
457.454
682.523
393.767
559.545
668.244
462.655
712.021
390.84
483.101
527.29
708.683
919.279
661.301
578.253
930.07
782.244
217.413
824.845
330.188
569.474
3.71458
358.766
698.604
708.848
593.442
527.44
929.179
294.282
752.909
774.774
838.53
939.293
359.251
3.84854
386.763
3.89294
3.36403
3.46566
682.602
624.5
3.27533
3.55662
3.55379
3.52446
327.782
518.786
----------------
insert (avg): 582.633
----------------
----- init -----
6.05144
4.232
5.77741
4.97468
7.86781
7.66055
6.94832
7.53699
9.78704
8.14557
10.1762
10.2893
9.5787
12.3885
11.5997
11.3946
12.4916
17.4663
13.3634
17.8044
14.4558
14.2919
15.8665
14.967
17.212
17.4136
21.6936
17.8924
19.4562
18.478
18.7652
18.586
18.7579
20.6345
21.9742
20.541
24.9116
20.9768
21.8073
21.8355
22.1518
23.2323
21.9314
23.9296
24.3511
24.5642
25.9055
25.983
27.7186
27.8324
33.8093
28.3293
29.312
29.5553
30.0217
32.8262
30.2887
32.4002
35.7082
31.5065
32.5371
40.0926
34.6051
41.528
35.4314
40.4724
41.6027
35.527
44.4776
41.6498
38.2784
39.5584
42.8883
38.2192
36.7975
36.0392
39.0465
39.1969
46.4694
50.8344
44.3529
40.973
44.6489
42.36
45.5404
45.1253
42.7641
42.9016
44.9369
50.074
42.3299
44.2526
47.098
46.5551
46.5672
52.9011
48.6112
48.6709
62.8163
53.7533
----------------
init (avg): 28.6989
----------------
----- commit -----
27.6943
307.12
722.134
730.825
34.0399
617.92
493.919
101.944
389.761
30.0389
77.8816
461.444
238.437
163.92
146.486
339.174
184.248
185.958
32.0378
607.935
515.475
464.556
481.537
212.733
502.63
12.9243
39.6665
190.405
343.243
474.533
366.774
387.107
700.806
132.835
32.9905
26.5563
53.691
29.1598
38.4808
26398.7
120.994
42.6654
51.3231
136.963
274.996
150.985
345.071
358.274
277.533
829.453
174.036
191.322
378.101
507.467
286.011
576.161
407.864
295.869
505.517
255.085
570.15
494.192
417.856
254.655
41.9224
296.927
385.531
25.2517
178.916
742.585
133.193
628.207
393.668
26420.2
143.02
262.477
255.337
356.343
422.003
27.864
663.935
200.588
184.182
114.023
15.9259
598.484
1021.03
500.538
5489.24
1950.01
672.711
10.9455
328.223
3411.61
4217.92
2447.89
2127.02
196.423
424.912
1577.96
----------------
commit (avg): 1020.67
----------------
# Loading records:	100
skipping run
