parsing config file ./lvconfig33.conf
parsing done
<<<<< redos: 0 >>>>>
----- insert -----
5.97153
381.832
924.606
960.642
917.519
937.008
973.364
949.455
979.125
946.169
906.635
936.57
947.351
976.745
979.525
956.124
978.838
978.982
978.293
934.963
977.627
934.12
955.336
964.058
931.951
910.368
909.798
941.03
938.791
971.988
938.513
968.866
971.134
969.294
970.312
962.461
969.945
967.236
885.131
933.855
911.833
964.027
948.293
931.81
903.343
919.138
931.487
965.493
962.443
960.597
941.385
962.784
895.438
911.45
806.226
957.387
958.16
935.51
939.369
840.013
926.355
937.532
912.873
955.291
955.959
896.826
946.587
915.038
930.884
895.764
913.407
912.11
908.707
951.128
953.076
912.1
936.177
914.33
931.742
901.041
914.823
889.056
945.462
832.274
864.573
920.164
917.372
878.802
906.441
914.671
916.572
945.906
942.841
896.436
881.281
911.654
898.508
871.82
885.095
862.208
----------------
insert (avg): 915.706
----------------
----- init -----
8.57321
4.39668
4.62518
4.5057
5.28898
6.01687
6.65293
7.25745
8.4879
8.35738
7.89874
9.4497
8.81607
10.6439
10.4179
10.9648
10.7331
11.2566
11.5491
12.402
12.3874
13.1607
14.553
14.1773
15.3175
15.3196
16.6074
16.4949
15.9389
17.364
17.3228
19.6768
18.3613
18.535
19.9448
25.9343
20.3467
20.9971
20.7365
23.8075
21.7914
23.8614
24.2638
22.9126
23.8802
23.2987
24.1989
25.286
26.5578
27.454
26.0884
26.7847
26.3149
26.0211
28.3464
28.5999
29.8069
28.5118
29.7443
29.5271
30.5011
30.9037
32.0951
33.7491
33.4426
33.5437
33.2097
31.9911
34.0146
34.2663
36.0508
35.0419
34.9273
37.3376
35.9741
37.3945
38.4819
38.4031
40.3745
37.9922
39.2761
39.4893
42.5692
40.8435
40.465
44.3132
41.5076
42.8204
44.4994
45.3846
45.6537
43.7859
46.6312
44.712
59.4679
47.6831
47.3387
47.4205
48.5317
49.0439
----------------
init (avg): 26.4966
----------------
----- commit -----
10.1652
71.5943
34.7407
76.8471
57.0372
19.8881
43.654
11.4733
46.1292
85.202
53.9724
43.8175
11.846
10.3137
32.8805
10.4833
10.0117
10.5038
51.9719
10.2901
52.3343
30.7542
21.8754
54.6173
71.7385
73.2122
42.8506
44.846
10.8605
44.4704
11.1524
10.6443
11.6385
10.435
11.344
10.2055
11.3413
94.2166
42.2864
66.5747
11.9547
26.8776
45.2512
73.1857
57.2533
44.2009
9.73841
10.574
11.863
32.6131
10.285
78.2584
62.2321
165.813
13.7722
12.0212
35.938
30.8999
130.209
43.2836
31.3292
55.1314
10.9076
10.783
70.1172
19.6371
52.903
35.3045
70.4725
49.8291
52.5624
56.3357
11.6969
10.7712
50.9155
25.1951
47.0544
27.5855
61.1759
46.5723
70.5201
12.2123
126.997
94.842
36.8409
40.1827
77.7467
48.8671
40.2904
37.4266
10.6889
10.6914
59.7423
58.2615
40.4714
54.1451
81.7955
66.2884
87.5158
38.9616
----------------
commit (avg): 42.2721
----------------
# Loading records:	100
skipping run
