parsing config file ./lvconfig15.conf
parsing done
<<<<< redos: 0 >>>>>
----- insert -----
3.63762
675.81
463.392
395.39
84.6562
928.297
388.659
586.799
626.516
431.537
455.24
976.266
808.455
5.21503
89.3786
710.082
524.091
710.282
916.627
941.131
726.268
489.927
778.665
614.749
876.143
414.688
266.35
668.481
778.653
744.26
145.177
884.795
698.11
696.668
955.831
911.63
3.58968
120.447
558.734
344.958
771.575
723.132
279.466
511.249
652.01
332.231
348.179
818.003
789.14
151.573
453.484
779.449
302.87
586.866
474.062
403.792
688.025
683.608
478.54
428.967
942.329
486.995
480.72
337.583
322.996
839.467
896.446
842.64
590.536
3.89597
254.656
551.17
445.586
677.327
679.589
348.238
749.546
368.648
77.7604
4.17181
505.892
908.371
3.28501
52.1845
3.51079
193.123
3.24693
3.2127
768.46
809.537
3.59104
4.54881
356.073
3.47605
3.43639
250.703
3.63461
617.854
676.802
832.918
----------------
insert (avg): 489.6
----------------
----- init -----
6.10327
5.59477
5.30269
5.4234
6.41427
7.77736
7.06676
7.59254
8.86679
9.82172
9.24342
11.801
11.1363
15.7476
18.7041
10.8265
12.2943
12.0199
14.1095
13.6312
14.3127
15.5025
14.999
14.4702
16.0554
21.9451
16.9545
18.1069
20.4822
17.8335
19.7794
18.5153
20.4248
21.0057
27.0379
23.2727
21.8756
20.7148
27.1459
23.742
23.6071
22.7813
25.2014
27.3309
26.5147
29.7432
25.2968
25.5914
27.2074
28.113
30.0896
31.2141
33.8264
31.7742
37.8232
38.525
39.0554
31.8836
33.4311
34.0222
39.3253
32.8106
39.0088
36.3309
35.7807
37.5523
44.8267
37.9089
42.7374
36.4002
45.5287
40.3486
41.642
42.5223
46.2361
48.3039
40.1614
43.3882
41.0251
50.5665
42.0527
40.8534
42.2116
42.5357
50.1615
48.7069
41.8254
41.8255
44.2203
46.9777
52.172
46.3795
47.0245
46.9978
49.7725
48.3412
47.0294
46.3978
46.9833
51.6657
----------------
init (avg): 29.4322
----------------
----- commit -----
269.227
531.005
599.335
912.532
62.1147
604.331
405.709
362.494
558.45
534.045
13.1887
180.107
983.17
888.633
277.989
464.35
277.722
69.5361
47.2049
260.5
490.291
207.204
371.865
104.814
564.622
716.774
312.893
201.353
237.865
839.185
92.4726
280.93
282.88
21.2816
59.0663
32696.9
136.344
418.412
630.781
202.635
254.742
694.728
459.664
321.885
638.756
627.594
159.08
179.32
821.3
516.206
189.342
662.517
382.029
486.999
558.771
278.833
278.267
488.101
535.385
18.8629
480.226
481.09
626.82
640.171
120.991
62.7839
117.922
365.195
26361.8
297.785
411.464
509.975
282.123
273.846
603.23
209.097
587.122
881.424
1061.5
335.062
55.1877
4727.77
126.832
1645.86
59.1701
1771.22
241.156
85.9411
141.84
2428.84
781.088
280.379
4060.37
4488.32
51.0838
26272.4
10.1714
275.738
115.349
20.1752
----------------
commit (avg): 1380.71
----------------
# Loading records:	100
skipping run
