parsing config file ./lvconfig21.conf
parsing done
<<<<< redos: 0 >>>>>
----- insert -----
4.08084
545.46
175.133
447.43
718.092
562.423
791.015
777.103
468.248
817.366
447.485
569.884
387.418
4.41238
394.257
818.969
732.119
586.033
887.645
285.393
434.998
967.133
455.12
969.919
417.848
334.637
379.654
113.707
914.183
867.142
305.055
816.331
530.4
218.272
775.354
3.60291
37.8882
961.307
5.15636
550.277
710.408
863.584
818.329
328.339
378.882
474.215
773.529
961.986
511.06
360.49
70.5835
672.761
956.218
810.517
487.303
599.535
492.447
398.34
196.697
765.759
722.714
711.916
626.824
731.216
768.961
365.04
947.354
623.026
211.307
608.513
3.50111
219.351
177.95
815.531
817.833
512.076
759.565
33.7735
250.892
3.65727
3.40855
3.59351
719.709
3.33654
292.92
3.2383
3.45027
3.45087
681.538
3.71628
254.472
4.13687
3.83539
142.085
3.60835
490.102
713.845
3.51786
3.56838
556.315
----------------
insert (avg): 459.138
----------------
----- init -----
35.2243
4.26576
7.14464
5.21314
7.30573
6.51356
8.01881
8.6134
8.10519
8.3566
8.57061
9.74111
10.5143
12.5536
11.5638
10.6869
12.1197
12.6895
13.3124
12.9733
13.799
19.7169
14.0395
21.1494
16.1781
16.2967
17.4576
21.6896
18.777
18.8941
18.4653
18.8821
23.1197
21.9588
21.4311
20.1028
20.8715
20.5708
21.2826
23.0326
22.4767
24.7284
30.8103
26.6129
27.326
25.5644
27.3061
27.4148
27.0623
36.1453
32.9642
27.044
31.6164
30.2578
29.9028
37.3531
32.9286
31.1804
39.9923
30.806
32.8756
32.3728
35.2053
36.1486
42.8484
35.5235
38.5932
40.8883
40.1561
40.891
40.4071
36.0329
39.2664
39.5064
41.4316
42.6049
40.4338
42.0767
42.7549
45.8121
42.9915
43.3098
43.9691
42.4143
43.7988
42.9704
41.01
55.945
45.0663
43.6754
55.1316
50.5685
47.0298
44.2915
47.3856
46.2334
49.3295
46.3914
45.7708
51.4302
----------------
init (avg): 29.1524
----------------
----- commit -----
59.4527
817.063
547.716
278.422
427.928
203.105
212.736
521.382
174.557
544.563
419.861
601.843
1046.91
529.092
171.333
257.009
401.096
101.844
703.476
545.479
12.8618
531.432
14.7503
559.571
649.319
603.071
864.029
67.5513
113.365
679.029
163.176
445.921
760.259
206.67
25825.2
85.6178
18.4566
7201.98
204.181
264.131
109.122
152.923
644.827
592.432
501.473
196.93
12.0043
464.92
600.031
897.624
297.76
14.4228
159.2
482.634
362.48
475.125
572.603
760.641
202.105
246.156
253.894
338.583
233.73
190.022
595.552
15.5068
338.444
746.506
349.266
25693.8
9.46876
780.48
148.106
138.27
447.043
198.586
924.836
703.917
1810.71
100.473
1033.3
148.69
1598.03
19.6998
3348.71
705.035
987.102
81.3838
3175.07
468.025
2441.45
791.223
475.53
3276.27
135.872
236.569
1409.72
873.416
9.97884
88.0105
----------------
commit (avg): 1109.01
----------------
# Loading records:	100
skipping run
