parsing config file ./lvconfig14.conf
parsing done
<<<<< redos: 0 >>>>>
----- insert -----
4.07178
3.34902
385.684
112.729
347.037
250.629
870.124
960.02
375.605
783.217
826.259
842.96
638.444
965.264
46.3612
214.741
476.298
820.434
403.661
421.52
771.469
353.338
392.004
394.934
497.999
373.565
641.501
794.097
760.566
485.926
627.171
104.034
761.285
311.085
407.277
937.675
3.64881
4.14539
52.4765
434.319
481.201
716.535
732.837
420.481
802.65
157.307
677.632
355.499
717.04
895.694
922.775
724.757
823.679
653.687
902.958
773.276
539.711
951.341
84.3915
860.474
609.565
762.466
828.318
414.808
279.723
762.166
436.089
276.787
643.156
3.52343
106.04
610.466
668.311
674.524
822.762
859.267
338.424
221.307
785.926
292.426
4.88295
67.7091
111.963
301.061
3.45152
3.38216
3.40694
3.4356
3.67619
397.742
888.746
3.37162
3.54911
3.86615
3.39971
4.24628
238.208
3.70816
777.138
623.221
----------------
insert (avg): 458.971
----------------
----- init -----
5.90841
4.00707
8.89619
5.50519
6.50717
8.79454
9.24787
9.38928
7.58686
8.54332
8.71262
9.77829
10.4782
15.7453
11.9443
13.8002
12.6045
12.7757
14.4177
14.3471
14.5783
15.1991
17.2469
22.363
14.9262
20.356
17.099
26.2425
17.3109
18.4865
18.4797
36.9342
20.5564
20.9605
19.7728
22.9456
21.6905
20.525
26.6062
29.3208
23.2709
23.8154
23.0092
25.1579
27.0446
24.9475
26.9892
28.0446
28.516
30.0734
29.0447
28.8521
29.6134
37.5805
31.3392
31.6754
35.388
37.9335
39.1687
31.3087
32.523
35.4943
41.501
33.5816
44.0765
36.3718
35.7415
41.0792
37.0259
34.3772
40.661
38.2823
37.0473
39.4057
47.7855
42.7679
46.6947
40.5791
43.9924
41.9008
42.8239
44.9237
40.6276
49.737
40.1405
51.3865
42.4897
43.1293
44.6205
44.3932
45.7225
46.2538
46.619
46.1641
47.6593
58.6988
50.5135
45.7982
46.7596
56.3369
----------------
init (avg): 29.3905
----------------
----- commit -----
116.053
496.137
881.401
646.518
744.624
118.094
31.5858
616.814
206.212
162.954
148.166
349.508
19.1316
945.344
769.958
510.985
166.669
579.983
569.024
215.666
627.9
588.351
583.267
493.01
598.666
342.515
180.092
221.384
498.267
351.479
861.06
217.026
667.174
574.49
44.7032
25984.4
7822.05
55.344
543.01
493.031
257.691
244.142
553.255
171.015
816.901
296.101
616.526
258.797
68.0773
50.4295
246.469
146.409
308.2
66.0434
194.164
425.818
22.985
862.858
109.11
358.656
199.174
132.238
550.643
679.194
197.656
529.615
684.128
318.022
26736.8
77.7974
350.667
297.894
284.03
130.806
97.1479
615.147
735.925
169.328
667.574
1749.44
88.8027
851.901
644.342
3683.21
1733.88
2306.49
1870.71
1692.14
30.3519
66.7827
2548.15
747.717
1513.98
2253.98
2371.11
15.0086
26085.3
38.9264
320.198
219.054
----------------
commit (avg): 1404.01
----------------
# Loading records:	100
skipping run
