parsing config file ./lvconfig35.conf
parsing done
<<<<< redos: 0 >>>>>
----- insert -----
4.59367
588.956
943.286
907.08
963.464
972.564
949.542
982.284
949.401
970.06
932.545
978.439
960.835
968.753
932.436
947.441
968.99
954.866
957.19
943.049
945.331
963.271
974.001
949.646
965.325
928.371
951.308
974.26
948.317
825.394
928.92
907
947.915
947.147
962.224
919.968
927.759
957.294
931.929
945.774
938.947
932.938
900.789
966.163
957.114
940.192
920.575
941.711
925.891
928.213
963.896
917.946
934.727
938.229
728.857
923.952
916.278
922.143
960.77
826.065
903.7
902.084
956.491
892.322
919.791
935.145
955.904
928.025
888.262
904.064
904.913
937.962
917.541
937.809
934.479
953.42
907.702
950.102
895.975
950.142
951.624
912.134
887.538
947.457
904.442
945.53
937.939
945.773
899.178
886.8
936.01
937.929
896.26
945.036
942.887
922.383
938.617
904.966
928.481
849.009
----------------
insert (avg): 918.582
----------------
----- init -----
7.03368
4.76715
4.63242
5.17038
5.75545
8.64776
6.02314
8.01405
7.41243
8.16348
9.66566
10.07
9.29212
9.06497
10.8887
10.0293
10.8442
11.5874
11.6958
14.4879
13.0703
13.7046
14.9259
13.9132
14.8812
15.7697
16.7426
16.1309
16.5137
17.6041
16.8476
16.721
19.1775
18.5472
19.1181
20.4788
20.311
20.0522
21.6624
23.699
22.6109
22.5095
22.907
23.4471
23.8837
24.1306
24.1638
24.5586
24.3668
25.0325
26.2595
27.176
26.2746
28.6293
26.8972
27.4348
28.2089
27.7592
29.845
29.4722
29.4785
30.0575
33.5235
30.6133
31.6443
33.6294
33.6693
35.514
34.3753
36.3158
34.8606
35.398
35.0205
36.1118
36.0662
37.1708
37.1358
39.4783
37.3902
39.3306
38.8383
38.7195
38.4984
41.7757
41.2387
42.3983
41.0731
43.7789
42.5991
44.183
46.522
42.2289
43.5342
45.5378
44.8639
47.7871
49.6915
49.3001
49.6873
46.4507
----------------
init (avg): 26.1417
----------------
----- commit -----
10.7579
53.147
87.3253
30.3301
18.9183
44.2922
10.2487
42.2713
22.4646
57.4971
11.3831
30.2729
21.3756
56.7881
42.6789
19.899
34.6719
30.5928
42.0647
41.7016
22.5673
11.7336
36.4648
21.7854
53.2648
31.292
10.6374
34.6526
156.911
54.8028
75.8552
33.2992
33.5896
19.4585
59.1116
52.5081
22.0746
46.3782
30.5789
38.5705
44.2645
75.923
10.3169
19.4287
35.7651
54.9744
33.9915
49.8833
46.1464
10.0817
54.6465
39.0622
32.99
244.63
48.4014
54.8991
50.1703
9.6038
144.128
67.3412
67.0877
10.2149
77.3815
48.3196
31.2403
10.4271
36.4083
77.2965
60.405
59.5246
26.3317
47.66
26.2005
28.8398
10.3345
54.4941
10.5095
66.2411
10.5134
10.3137
48.6129
73.6119
10.9962
54.2793
12.2711
20.8677
10.547
58.0133
68.9972
17.4334
20.1671
59.9515
10.5439
11.0195
29.8372
11.7237
46.347
22.2275
103.012
9.85942
----------------
commit (avg): 41.5093
----------------
# Loading records:	100
skipping run
