parsing config file ./lvconfig28.conf
parsing done
# Loading records:	0
<<<<< redos: 0 >>>>>
----- read -----
3.72797
1.29977
1.43552
1.63248
3.91213
1.53237
1.21899
1.22395
1.20046
1.63518
1.41019
1.2892
1.28638
4.56683
1.4584
1.27986
1.36232
1.28303
1.41774
1.4987
1.63013
1.33041
1.5267
1.27556
1.39519
1.40447
1.3782
1.3798
1.46575
1.36547
1.44772
1.3743
1.33393
1.44923
1.54444
1.43572
1.37654
1.34791
1.36089
1.24281
1.3705
1.23553
1.58548
1.42389
1.43298
1.29728
----------------
read (avg): 1.56701
----------------
----- update -----
4.73508
5.55659
236.884
386.089
430.069
884.853
159.879
776.734
41.467
210.454
644.157
532.94
257.438
728.869
5.18372
177.052
108.395
312.753
571.381
349.327
406.64
40.249
543.098
311.492
754.899
243.635
894.063
517.733
416.746
508.168
244.984
273.724
626.547
634.657
5.30211
4.96287
375.009
5.26255
492.134
80.5033
746.98
517.653
712.613
488.382
431.44
659.162
184.976
430.274
381.825
275.428
820.88
574.351
637.53
591.419
----------------
update (avg): 401.054
----------------
----- init -----
59.6896
57.7326
51.7413
56.4371
53.3064
55.2193
64.1636
58.8159
65.5223
60.9633
60.8002
58.1961
68.685
62.6183
65.2138
70.5701
60.5852
64.1792
66.7788
60.6678
71.1201
58.1226
54.9631
90.6181
61.5335
102.429
62.5261
71.6942
59.5257
65.4127
62.3618
97.0085
61.8973
67.078
70.4509
78.4674
69.1651
62.8323
61.7681
71.6807
63.4361
65.6768
65.9914
79.0831
77.2683
67.306
75.1819
71.5404
74.7377
66.4204
82.0255
72.1918
74.0854
71.2314
73.6744
66.7115
78.0306
80.692
69.2935
68.9592
73.8067
67.4753
111.39
77.3807
83.5783
75.5505
68.7363
71.3924
79.5908
68.0353
75.0402
82.6363
70.7646
69.7973
79.1441
73.2222
70.8867
77.7368
69.141
69.727
78.4917
72.5154
78.4842
79.4787
81.5986
77.0653
82.5058
81.3678
82.2052
81.8712
78.9971
82.2438
83.3917
81.9213
87.2905
76.2842
78.9655
87.5132
82.5837
81.3863
----------------
init (avg): 71.9727
----------------
----- commit -----
0.014465
924.231
641.55
502.661
0.015829
506.544
57.74
651.295
0.01522
0.014784
163.443
426.497
0.016227
0.015129
0.014919
0.015315
0.014971
0.015032
0.014986
717.808
298.966
317.555
0.016117
439.707
0.015464
0.015549
0.015144
210.98
956.253
0.015572
0.015407
0.014848
433.934
0.015552
738.917
0.020005
623.316
367.854
579.02
392.77
0.015436
0.015833
734.556
0.016875
0.017795
381.687
617.605
102.357
0.031012
674.213
33.4631
411.06
508.851
272.673
0.016364
0.014745
673.833
655.538
304.028
297.642
26130.1
0.015903
0.01568
0.017952
1650.07
0.023646
0.016596
34.776
0.017052
0.020544
2988.96
0.020555
0.019
0.035001
132.958
769.992
0.016093
184.962
412.993
135.366
0.016474
190.64
0.015274
0.015273
0.015552
486.443
258.028
650.31
0.01733
492.032
534.272
559.179
0.016242
90.3411
351.208
193.542
0.017989
324.956
321.892
0.015782
----------------
commit (avg): 525.124
----------------
# Transaction throughput (KTPS)
LakeVillaRead	/LakeVilla/src/YCSB-C/workloads/workloada.spec	1	0.0011864
