parsing config file ./lvconfig6.conf
parsing done
# Loading records:	0
<<<<< redos: 0 >>>>>
----- read -----
4.019
1.54446
1.318
1.48809
1.33287
1.27223
1.43443
1.21772
1.40783
1.46734
1.37345
1.38962
1.38312
1.44399
1.31135
1.22569
1.90062
1.33698
1.51544
1.27222
1.51021
1.51826
1.42975
1.36947
1.322
1.49667
1.50032
1.56392
1.31699
1.26581
1.34418
1.20035
1.32119
1.49337
1.35423
1.16719
1.22484
3.28252
1.19992
1.39882
1.58704
1.27477
1.46215
1.50191
1.34173
1.34906
----------------
read (avg): 1.48807
----------------
----- update -----
5.58378
346.876
884.413
874.903
889.373
929.662
280.502
391.875
5.78862
878.608
455.455
185.559
667.679
453.363
453.92
241.787
5.10238
869.516
288.271
871.307
148.702
544.614
528.283
910.991
714.506
679.991
412.949
746.813
830.806
706.745
757.083
670.544
615.633
113.874
5.2772
420.853
5.11081
5.1411
100.361
622.764
50.3238
619.64
15.7221
258.729
229.46
679
269.591
190.634
336.579
801.03
803.54
876.797
750.602
849.899
----------------
update (avg): 486.151
----------------
----- init -----
50.0245
53.4618
47.7794
52.4117
59.3172
52.2146
56.0684
59.5534
66.1732
64.8426
58.6958
63.1407
57.6192
62.2824
55.2987
67.2091
68.2224
58.7905
71.1224
64.454
58.2146
74.5227
72.0556
65.0878
64.4411
64.3667
72.3618
60.4411
64.0365
69.966
67.7267
65.3664
69.7001
70.7669
61.6785
72.391
68.9052
64.8839
70.9565
68.5532
75.4115
65.8463
74.288
70.9391
64.4611
70.608
65.3252
69.1972
71.4023
66.1152
71.4574
79.5498
66.4456
69.576
70.7613
66.2409
99.162
68.2327
78.2686
74.578
82.5597
81.9642
79.0203
70.3547
81.2635
70.5273
79.4152
82.7872
68.7776
83.2621
99.3245
64.5213
111.585
63.3844
63.2068
72.646
71.5586
71.8223
82.9715
80.1058
74.1641
80.7252
78.8228
80.9258
78.6991
77.6073
73.7884
78.2629
79.8077
88.3577
83.7956
75.3558
85.4356
77.4323
75.8062
86.0999
85.3085
81.4739
86.0279
75.8657
----------------
init (avg): 71.3779
----------------
----- commit -----
0.019435
22.7318
63.4348
13.3174
0.016564
54.5499
12.2657
525.588
0.018856
0.022034
546.397
488.152
0.015338
0.015171
0.014679
0.014849
0.015007
0.015006
0.014429
53.8061
471.547
672.92
0.01577
68.1489
0.015725
0.015744
0.015096
481.506
270.485
0.015056
0.015056
0.015253
622.245
0.014764
855.621
0.015812
64.6587
639.179
58.9922
633.006
0.021174
0.017829
246.734
0.017633
0.015207
403.741
21.6225
147.196
0.016071
248.481
508.038
186.803
99.2049
56.5377
0.015816
0.01476
170.397
252.802
310.69
802.14
716.886
0.017486
0.016545
0.016535
308.722
0.016004
0.016088
26271.1
0.017954
0.01767
6150.02
0.015427
0.016463
0.01561
824.907
232.36
0.026691
865.601
301.216
827.092
0.016565
422.128
0.017407
0.014935
0.015184
697.135
241.427
562.281
0.021154
724.119
587.387
36.9776
0.015772
119.449
37.1074
80.4129
0.016982
64.4345
118.681
0.015829
----------------
commit (avg): 502.631
----------------
# Transaction throughput (KTPS)
LakeVillaRead	/LakeVilla/src/YCSB-C/workloads/workloada.spec	1	0.00117531
