parsing config file ./lvconfig16.conf
parsing done
# Loading records:	0
<<<<< redos: 0 >>>>>
----- read -----
3.86029
1.40307
1.48046
1.36503
1.37793
1.3045
1.35667
1.37518
1.43947
1.34789
1.4117
1.39303
1.44505
1.32293
1.30838
1.42889
1.61724
1.42044
1.61091
1.43439
1.24441
1.26817
1.17588
1.23819
1.46422
1.36467
1.42754
1.48372
1.58709
1.57376
1.50713
1.34233
1.36302
1.33259
1.39995
1.34476
2.6066
1.42901
1.30941
1.42214
1.39238
1.37643
1.53511
1.44956
1.31438
1.39203
----------------
read (avg): 1.4793
----------------
----- update -----
4.84229
663.154
307.563
403.516
544.895
807.056
449.246
541.717
272.545
848.057
404.344
358.327
593.108
517.243
646.419
709.351
658.432
906.963
235.754
889.626
5.29153
135.982
416.222
584.168
547.147
907.554
518.005
500.052
44.2024
372.137
357.86
876.565
240.578
5.26241
4.84957
341.109
5.17963
5.39476
15.831
4.86712
4.95496
5.56035
37.0105
384.551
26.3292
694.267
652.43
247.312
477.213
128.448
525.223
206.645
----------------
update (avg): 385.392
----------------
----- init -----
55.5801
56.2915
56.1306
63.8325
62.6996
56.2729
66.852
56.7683
56.9901
63.5013
57.8383
60.6254
62.623
60.6503
56.5445
66.0453
70.2777
58.9999
68.1774
95.2709
60.2137
68.5429
62.1643
68.9894
65.0682
94.5214
69.0808
66.3033
72.2264
63.6785
61.5204
69.4899
61.7467
60.6347
67.7858
66.9562
63.9834
66.536
72.0303
72.3977
65.9138
62.3642
69.8127
71.1475
74.8375
70.8773
78.3218
67.3505
73.4661
71.1739
67.4858
77.9713
70.0549
79.5215
76.8274
83.0733
75.5305
75.2362
78.2568
79.1686
81.5121
79.837
81.939
76.9605
82.1961
65.9212
72.5302
66.7621
71.1221
73.6294
66.8013
81.1368
81.0435
73.6236
72.4058
69.391
64.5138
71.0152
70.5156
68.2442
83.1119
82.1852
87.9974
78.1409
78.7092
73.1023
87.2015
87.4434
82.8156
129.045
81.0482
76.7752
74.3493
81.7493
85.3323
90.7086
83.9219
79.7588
80.2318
82.1209
----------------
init (avg): 72.3108
----------------
----- commit -----
0.018399
204.361
629.308
475.938
0.397871
387.758
137.04
369.023
0.01505
0.015041
397.875
178.15
0.014678
0.015771
0.01575
0.019131
0.016684
0.017496
0.016612
91.4933
528.401
507.553
0.016276
110.023
0.016399
0.015459
0.015598
411.685
88.9763
0.015686
0.015157
0.017049
163.126
0.017386
205.374
0.01661
26.5397
692.685
38.9397
1334.7
0.014564
0.014527
102.238
0.015358
0.014737
506.797
202.275
0.015072
383.546
16.0711
410.643
423.933
714.279
0.015903
0.019442
554.995
563.495
43.4965
676.748
773.708
0.018853
0.019914
0.016156
25707.2
0.017717
0.019115
101.41
0.019131
0.017464
0.018476
0.017225
0.01729
1155.63
2379.48
0.01703
160.166
1348.92
2249.04
0.015539
10.5224
0.015754
0.014544
0.016721
696.718
528.141
758.332
0.042051
226.052
271.784
593.604
0.016689
438.711
779.776
311.405
0.015946
713.255
36.8754
0.01861
----------------
commit (avg): 518.565
----------------
# Transaction throughput (KTPS)
LakeVillaRead	/LakeVilla/src/YCSB-C/workloads/workloada.spec	1	0.00123445
