parsing config file ./lvconfig9.conf
parsing done
# Loading records:	0
<<<<< redos: 0 >>>>>
----- read -----
3.84323
1.27628
1.69386
1.62555
1.3571
3.33197
1.35641
1.68254
1.48612
1.40489
2.58098
1.41957
1.4857
1.51414
1.43198
1.44627
1.36667
1.33407
1.51976
1.53918
1.44454
1.43548
1.54111
1.33862
3.30916
1.69136
1.3835
1.31408
1.51146
1.4839
1.5761
1.25556
1.46406
1.43263
1.28121
1.29558
1.21029
1.6761
1.48841
1.419
1.31134
1.28154
1.79502
1.40199
1.38798
1.49347
----------------
read (avg): 1.60695
----------------
----- update -----
5.29469
54.5244
298.597
572.436
917.225
568.445
132.946
575.707
64.5764
155.795
665.93
516.424
562.681
501.281
695.341
808.28
637.531
635.148
251.289
789.55
4.93826
270.972
823.37
750.779
464.641
770.602
746.115
862.223
770.487
186.666
264.262
244.514
729.996
776.407
4.9857
4.6964
4.80407
5.0285
4.86357
6.06081
178.388
838.857
316.986
45.5018
803.888
738.084
222.185
788.663
818.77
571.359
848.794
660.641
682.485
783.66
----------------
update (avg): 470.438
----------------
----- init -----
62.5794
54.0892
56.5674
63.1058
61.1915
54.2859
60.4063
62.8243
64.3248
63.5168
57.858
69.5425
64.8274
69.671
61.8636
68.8772
99.9506
67.0293
65.239
65.7237
70.4277
59.7275
65.6338
57.0132
60.4312
64.7625
61.7854
67.7772
72.2707
65.4465
62.9364
61.1673
71.5555
63.8972
74.7325
67.293
63.1039
66.6589
73.4583
63.2869
74.5069
66.0507
65.4852
71.4124
64.0059
121.363
70.2725
67.8269
68.0473
70.7534
69.4522
67.8209
72.1791
65.8603
70.8179
74.1655
85.2167
81.1953
74.9368
77.385
71.9401
63.6633
73.2256
69.3219
77.9136
66.7044
106.9
67.8539
67.7333
66.5641
65.1109
67.7464
74.419
67.1497
68.2664
84.7363
83.971
79.9786
82.8392
71.2401
74.8022
90.5078
75.2601
141.442
81.4729
83.7815
77.4451
80.3094
83.4531
76.1664
79.2195
88.3383
75.904
85.55
82.8307
84.7024
85.7614
81.3858
82.0837
80.1672
----------------
init (avg): 72.5345
----------------
----- commit -----
0.017281
883.307
642.436
309.809
0.016369
21.4475
367.575
680.543
0.015386
0.01507
354.247
359.647
0.014783
0.015093
0.017995
0.016828
0.017568
0.01665
0.016063
770.769
277.112
357.041
0.015409
180.717
0.016664
0.018447
0.018615
422.646
40.7795
0.017025
0.016353
0.016065
55.1472
0.016692
226.445
0.030254
298.955
674.515
147.972
925.677
0.014098
0.014759
328.788
0.015221
0.015422
105.883
182.314
393.59
0.03159
161.729
182.093
68.785
160.752
584.11
0.015952
0.015693
652.387
678.067
192.928
155.66
25780.7
0.017727
0.019225
0.01709
1935.47
0.017256
0.017653
2189.85
0.016719
0.019893
152.127
0.015196
0.016155
0.01594
875.793
2488.11
0.034698
10.8714
90.1765
516.787
0.015204
567.823
0.01592
0.015276
0.015287
119.099
181.979
615.357
0.015935
133.191
91.4204
267.518
0.015839
66.7922
255.11
149.015
0.018562
133.373
258.314
0.015588
----------------
commit (avg): 487.236
----------------
# Transaction throughput (KTPS)
LakeVillaRead	/LakeVilla/src/YCSB-C/workloads/workloada.spec	1	0.00118728
