parsing config file ./lvconfig13.conf
parsing done
# Loading records:	0
<<<<< redos: 0 >>>>>
----- read -----
3.89359
1.55884
1.39254
1.414
1.97903
1.47431
1.39251
1.58224
1.50471
1.63127
1.42567
3.26058
1.32375
1.22199
1.39512
1.56915
1.49838
1.48293
1.3443
1.644
1.49611
1.30951
1.4013
1.71246
1.31318
1.30992
1.30398
1.53236
1.41969
2.29646
1.30354
1.29824
1.3916
1.51633
1.44735
1.29901
1.29028
1.34584
1.15986
1.4585
1.42408
1.84581
1.37823
1.21762
1.43068
1.37539
----------------
read (avg): 1.54927
----------------
----- update -----
5.26687
5.34069
139.29
177.697
843.257
517.673
749.993
465.85
5.28777
177.382
380.636
526.332
532.988
350.931
187.146
763.651
477.921
460.866
266.564
676.684
4.87542
92.4289
433.863
635.172
619.318
232.678
819.394
358.841
657.072
459.292
710.57
515.062
866.958
346.379
5.24594
5.09587
4.21679
280.381
757.764
571.885
812.41
241.098
5.24249
849.705
573.098
489.59
441.769
343.178
742.302
370.678
798.031
601.734
----------------
update (avg): 429.925
----------------
----- init -----
62.8594
58.2902
63.5904
56.0514
66.8293
55.7917
56.9891
56.8919
56.3715
82.4432
54.3991
73.0999
64.4577
64.9065
67.6885
66.8914
62.1339
62.7177
61.2781
68.0334
62.1839
71.5377
65.4164
57.5105
60.3697
80.0711
65.2497
67.7114
63.5938
60.8185
84.8766
56.8851
69.6283
71.6651
64.7506
71.9349
66.3475
63.3654
71.2642
66.1172
64.2961
72.788
63.6522
67.9726
75.6348
79.003
71.6368
68.0051
69.032
100.235
71.8849
81.7221
68.5252
74.0966
67.8866
68.2933
74.8143
73.0914
71.4619
72.7675
68.4319
73.2432
80.596
79.5003
78.0692
65.1471
73.9677
68.1628
69.067
73.461
68.8979
74.0248
76.5888
70.3826
99.1232
59.8684
66.2159
66.4045
69.543
69.2111
67.735
66.6365
77.3013
84.2393
73.996
90.2184
82.5685
82.5016
76.599
78.5359
74.8232
82.4574
77.0943
84.3149
76.4391
81.1597
77.7023
113.771
81.3049
86.4305
----------------
init (avg): 71.2555
----------------
----- commit -----
0.016
940.34
791.889
696.074
0.020011
99.5708
424.107
56.0183
0.015953
0.014523
460.255
706.483
0.016255
0.01571
0.016258
0.016059
0.015046
0.015651
0.015535
518.239
549.862
346.291
0.01652
190.583
0.015463
0.015453
0.017522
587.454
530.936
0.016928
0.020371
0.015105
103.516
0.015321
378.952
0.02664
474.09
663.165
258.162
1219.22
0.014785
0.014933
252.448
0.016594
0.022748
494.486
126.917
0.014649
309.268
685.336
110.252
570.891
125.42
0.016808
0.015948
472.046
215.811
409.08
66.1146
338.437
0.017212
0.017484
0.015857
25801.2
0.0184
0.016649
2046.92
0.016173
0.016701
0.015964
0.015207
0.01592
1725.03
181.81
0.015535
171.993
359.514
52.2837
0.015296
429.75
0.017971
0.016828
0.015492
918.972
61.8489
268.335
0.017661
436.763
476.289
492.315
0.015373
183.876
545.26
12.7195
0.015636
315.844
644.733
0.01804
----------------
commit (avg): 503.041
----------------
# Transaction throughput (KTPS)
LakeVillaRead	/LakeVilla/src/YCSB-C/workloads/workloada.spec	1	0.0012252
