parsing config file ./lvconfig12.conf
parsing done
# Loading records:	0
<<<<< redos: 0 >>>>>
----- read -----
3.7806
1.21599
1.35297
1.2316
1.49673
1.36827
1.48025
1.43231
1.44127
1.56534
1.36836
1.44299
1.27157
1.25069
1.45223
2.43819
1.36715
1.30223
1.46229
1.21344
1.33119
1.38827
1.61398
1.4265
1.47534
1.44295
1.2435
1.25133
1.31267
1.27357
1.31021
1.09922
1.50569
1.40498
1.28685
1.18195
1.30075
1.501
1.21963
1.27811
1.23544
1.39264
1.34547
1.39972
1.65871
1.36741
----------------
read (avg): 1.43873
----------------
----- update -----
4.91687
5.06048
5.06519
394.996
276.033
806.766
128.477
414.745
211.657
206.751
832.93
167.849
297.616
318.409
129.977
4.85588
713.242
239.112
449.661
424.243
695.927
4.86281
119.616
919.528
253.785
638.463
735.008
672.964
571.347
170.313
442.569
823.292
699.017
573.614
680.03
7.15208
4.49805
4.68588
5.09202
6.01497
102.391
533.469
701.836
618.697
400.627
376.334
663.083
553.351
339.7
457.949
102.896
725.657
747.349
665.885
----------------
update (avg): 389.803
----------------
----- init -----
55.3399
61.6617
52.9312
65.8318
61.2549
55.6827
59.9347
61.1512
58.0979
63.701
61.7352
64.0473
59.4011
56.6612
69.6501
71.8528
68.4665
59.2551
68.6964
62.9514
67.1612
61.9025
65.3661
69.6545
71.2837
66.497
108.11
62.6752
60.4402
68.3928
60.6592
67.6261
59.0505
66.6063
63.0784
65.2982
81.4171
63.2809
64.5159
64.1763
71.2311
65.9955
69.3579
68.4432
72.7897
76.315
73.8817
67.0222
71.4601
76.4938
74.1523
66.7432
72.1486
68.8192
75.459
75.302
73.3655
76.2698
69.5413
76.7364
75.4445
84.5386
74.0726
69.6372
80.5008
62.2047
60.8981
62.9245
71.9892
77.2861
66.8513
66.551
73.6409
63.4839
64.5016
81.7486
73.2834
85.621
82.9326
80.8383
74.2941
75.1154
75.8635
81.6667
72.0638
78.8165
87.6225
81.1744
76.5269
77.5858
78.0218
80.6409
74.0985
80.5435
86.467
81.3963
82.6514
77.3386
88.4183
84.6228
----------------
init (avg): 70.909
----------------
----- commit -----
0.016493
889.796
33.4696
450.211
0.015285
664.2
132.037
686.125
0.01583
0.013758
520.547
260.827
0.017635
0.018047
0.017284
0.016576
0.017331
0.016487
0.016914
726.449
103.345
696.73
0.017327
389.666
0.017593
0.017424
0.016601
622.338
611.454
0.015098
0.018529
0.015957
985.036
0.017891
17.4862
0.015022
693.599
485.463
511.702
94.9297
0.017021
0.020531
867.77
0.015649
0.014661
711.722
14.5477
595.408
0.015707
290.072
198.052
254.684
361.33
599.41
0.015753
0.015365
483.707
106.8
221.903
350.442
13.1739
0.01534
0.015058
0.015284
25697.2
0.014752
0.014619
2276.98
0.018583
0.015963
2216.51
0.016362
0.015743
0.015499
1118.05
2373.36
0.020059
173.929
386.076
147.832
0.015467
67.6678
0.014987
0.015405
0.019766
512.659
543.116
180.354
0.017547
370.051
578.947
385.914
0.015683
811.504
191.719
91.6188
0.016441
244.254
356.508
0.031656
----------------
commit (avg): 533.695
----------------
# Transaction throughput (KTPS)
LakeVillaRead	/LakeVilla/src/YCSB-C/workloads/workloada.spec	1	0.00118583
