parsing config file ./lvconfig4.conf
parsing done
# Loading records:	0
<<<<< redos: 0 >>>>>
----- read -----
3.95519
1.41101
1.39234
1.28485
1.19672
1.26852
1.19282
1.35108
1.45806
1.3819
1.74678
1.73394
1.48804
1.19841
1.35965
1.31573
1.3618
1.34811
1.39417
1.4435
1.36549
1.32848
1.26135
1.46237
1.45554
1.45937
1.19088
1.57657
1.27108
1.28631
1.52873
1.32891
1.3366
1.43242
1.70336
1.38738
1.36538
1.32421
1.46596
3.17512
2.14586
1.35494
1.93638
1.4024
1.50349
1.22674
----------------
read (avg): 1.51213
----------------
----- update -----
5.16683
100.238
128.33
470.047
687.7
383.508
495.855
854.386
385.41
306.046
154.606
826.883
508.932
446.592
164.469
841.937
96.2241
604.46
878.859
425.677
5.01053
401.127
625.621
470.988
358.879
721.902
739.702
541.891
875.973
148.859
642.87
491.492
310.329
607.046
5.30508
4.38027
5.47746
6.10532
860.28
635.433
894.394
579.899
32.7014
189.55
282.562
318.989
822.493
224.989
825.799
321.014
769.724
386.482
631.609
567.557
----------------
update (avg): 445.773
----------------
----- init -----
60.1468
56.2802
66.5553
55.9233
54.9717
61.2798
61.2267
59.1448
63.0707
53.7853
64.1824
58.4737
57.4407
56.5476
65.7454
72.7196
67.134
58.9887
86.6394
70.6223
59.8304
65.423
68.1325
58.4021
62.7034
67.0722
63.014
94.9491
62.751
58.2977
66.4923
59.4448
69.7556
63.5081
70.939
76.4637
68.0254
59.3258
72.0443
74.5176
70.0964
63.4566
66.1445
64.3106
66.0205
67.2308
70.1599
67.4149
70.4834
72.6035
65.6285
65.7799
74.1788
80.0651
77.6616
83.3681
70.078
73.1947
76.3552
80.6648
71.5384
77.2204
68.8593
76.0218
73.8876
66.8487
72.5615
64.1428
66.9322
74.8662
66.5628
67.5328
83.9824
67.177
73.504
67.7607
70.6982
75.3425
80.4785
70.3896
73.7958
80.4706
79.0279
93.1755
97.4747
78.4029
82.0366
74.1625
80.0435
85.2556
79.0154
79.283
77.5412
80.7962
75.9291
84.517
80.1857
87.1714
87.6372
75.7724
----------------
init (avg): 70.8487
----------------
----- commit -----
0.351436
827.867
818.788
410.238
0.018139
251.31
557.348
320.176
0.015255
0.014121
86.7946
70.6632
0.014972
0.014678
0.015597
0.015941
0.015819
0.015384
0.015402
630.815
781.969
44.1401
0.016147
201.192
0.016083
0.0157
0.016429
490.876
574.794
0.016197
0.015971
0.016133
25.858
0.015663
754.804
0.015512
334.916
49.3965
500.244
878.772
0.01602
0.015385
310.363
0.018018
0.015787
305.087
461.966
497.173
0.014988
212.565
194.672
385.042
39.9751
622.224
0.015765
0.015185
282.031
430.715
608.529
327.214
26291.1
0.01805
0.016252
0.015389
4032.28
0.016676
0.016351
1680.25
0.016736
0.015666
10.6533
0.017428
0.035029
0.028871
10.5256
217.433
0.016848
25.3828
350.952
811.037
0.015645
456.026
0.015687
0.016402
0.01505
635.433
604.909
12.7982
0.022841
694.438
94.2729
523.171
0.017275
151.421
529.347
198.672
0.020734
345.442
27.9371
0.014302
----------------
commit (avg): 509.931
----------------
# Transaction throughput (KTPS)
LakeVillaRead	/LakeVilla/src/YCSB-C/workloads/workloada.spec	1	0.00117653
