parsing config file ./lvconfig24.conf
parsing done
# Loading records:	0
<<<<< redos: 0 >>>>>
----- read -----
4.06583
1.38825
1.37775
1.24925
1.54775
1.28639
1.667
1.29487
1.27083
1.64158
1.30342
1.55253
1.61734
1.29693
1.37177
1.43115
1.28816
1.35935
1.57221
1.54903
1.43623
1.52625
1.47867
1.35901
1.45492
1.38411
1.39284
1.47403
1.48006
1.4342
1.49247
1.3177
1.26497
4.22727
1.30603
1.11976
1.34029
1.27401
1.29474
1.19896
1.16247
1.19795
1.19873
1.24815
1.54822
1.36381
----------------
read (avg): 1.50233
----------------
----- update -----
5.69795
5.31625
5.51164
292.573
315.663
436.487
434.849
930.324
5.47508
715.019
123.97
294.095
68.4157
211.508
131.839
301.186
297.911
688.145
893.749
852.964
276.033
5.48705
63.9563
712.406
789.607
753.76
785.12
614.492
527.772
411.936
863.351
679.8
94.6703
750.568
217.411
604.894
780.734
684.95
923.095
5.51171
4.99567
904.704
854.95
716.798
921.682
918.122
851.668
880.589
869.765
822.485
731.499
5.11754
288.329
5.1901
----------------
update (avg): 487.632
----------------
----- init -----
56.3112
62.097
59.4679
53.7817
56.9571
63.2454
61.8296
67.469
61.2609
57.0595
64.2404
59.7264
74.845
67.6564
66.6384
58.6945
64.2086
63.5518
58.9461
69.4596
65.4037
73.1248
63.0243
66.7485
68.7121
62.0408
66.8085
70.1122
63.3986
67.1737
70.3288
67.0581
60.5563
62.8711
68.475
71.6565
89.9143
69.7167
68.2372
72.101
74.3867
73.1375
62.9643
70.6947
65.4815
73.143
80.6575
65.5325
82.9171
69.1463
66.7167
70.5007
66.8923
77.3699
69.4721
75.676
72.36
72.0844
76.4741
81.386
78.5828
72.909
83.9738
82.9769
77.4347
72.5785
74.5302
70.4022
67.7796
69.4274
65.6685
63.0802
63.8986
64.9036
61.8163
66.2822
65.8592
75.0577
66.7384
65.578
66.3877
66.4944
68.2766
64.395
66.4911
69.285
69.0902
68.7479
68.6381
68.0746
75.9482
71.1189
72.0748
71.7994
83.3092
83.5094
79.6502
73.5109
82.8297
82.6844
----------------
init (avg): 69.237
----------------
----- commit -----
0.016813
41.5227
1173.39
267.461
0.016245
620.333
497.309
378.316
0.015457
0.016342
12.612
484.186
0.016574
0.015365
0.014752
0.014595
0.014717
0.014811
0.01453
196.99
800.453
576.608
0.016196
656.831
0.017676
0.017656
0.016578
727.324
598.11
0.016517
0.01508
0.015843
565.015
0.016441
541.931
0.016327
239.303
36.7997
75.7792
511.04
0.020059
0.021421
1621.97
0.016061
0.016604
14.6
222.513
56.9798
0.0166
179.868
146.834
316.365
395.933
365.547
0.016255
0.018004
67.7702
241.862
822.473
169.833
467.445
0.016172
0.015863
0.020731
167.367
0.016682
0.017081
11.1094
0.015202
0.015486
57.5366
0.016621
0.015526
0.015624
10.6074
12786.6
0.015269
9.52263
9.56438
10.5078
0.014798
11.5063
0.014823
0.014403
0.014394
9.52121
12.3543
10.6627
0.01552
43.422
59.4817
31.4357
0.015765
185.605
1089.65
378.834
0.020329
3443.97
1858.15
0.015566
----------------
commit (avg): 342.894
----------------
# Transaction throughput (KTPS)
LakeVillaRead	/LakeVilla/src/YCSB-C/workloads/workloada.spec	1	0.00142131
