parsing config file ./lvconfig29.conf
parsing done
# Loading records:	0
<<<<< redos: 0 >>>>>
----- read -----
4.0134
1.28519
1.43508
1.35234
1.49055
1.28852
1.32504
5.02358
1.44441
1.6613
1.66998
1.25867
1.61654
1.40508
1.35548
1.33127
1.40149
1.29272
1.64878
1.43899
1.30555
1.18135
1.38441
1.71099
1.63491
1.31446
1.46274
1.47821
1.37337
1.26085
1.29067
3.13408
2.31476
1.34973
1.42224
1.17783
1.19592
1.32959
1.27335
1.56388
1.43921
1.32645
1.28632
1.48323
1.36013
1.40993
----------------
read (avg): 1.59136
----------------
----- update -----
5.37492
5.46252
274.736
627.917
698.894
537.5
537.904
380.983
241.686
482.934
351.195
683.418
381.698
839.531
188.021
646.557
202.903
249.355
611.479
299.554
4.86575
158.467
873.701
452.659
587.123
707.558
662.438
289.518
791.421
690.153
669.083
235.705
231.857
832.415
4.6915
453.138
5.81381
194.994
4.74794
625.244
618.757
891.83
801.966
199.665
362.546
253.883
526.741
566.666
695.525
326.837
287.27
888.007
667.182
408.665
----------------
update (avg): 448.486
----------------
----- init -----
53.8262
58.7311
56.7376
64.261
53.3343
65.988
58.6895
64.9019
60.5943
54.1465
58.5722
65.3835
60.1538
121.459
65.8018
61.3447
67.7024
68.6198
68.3009
63.5078
58.868
58.6655
56.1245
61.7991
66.3923
64.778
73.054
69.1392
65.8507
60.1566
63.5268
59.1588
69.3
67.3307
59.1275
69.1252
74.7317
69.6549
64.43
68.4938
71.5087
62.4985
89.8276
68.415
71.3212
65.4295
64.0858
63.8355
70.1766
64.4158
68.1155
67.3869
75.6378
68.8134
73.2706
72.3334
74.0325
75.5703
74.7601
77.3912
71.3821
69.6262
76.0074
69.1879
101.705
79.065
80.8834
71.2146
72.3212
70.7604
71.7925
72.2608
66.9408
74.2534
73.2182
67.5578
65.6432
66.7288
68.4019
68.514
75.412
71.5323
80.1579
74.2911
81.8331
72.3537
87.8792
86.3063
76.368
80.0643
83.2162
73.8698
75.5955
93.86
75.6816
79.7136
80.8342
86.3313
76.8496
78.9815
----------------
init (avg): 70.5919
----------------
----- commit -----
0.015759
1465.62
153.995
251.914
0.015416
240.977
399.096
285.823
0.016716
0.015615
552.968
168.512
0.015056
0.01578
0.016031
0.015938
0.020062
0.018938
0.019032
455.896
591.52
196.293
0.015362
341.971
0.017629
0.020962
0.018608
95.212
553.407
0.015686
0.015363
0.015233
227.89
0.018357
649.373
0.019869
679.835
325.212
631.878
890.116
0.017669
0.016038
511.122
0.016036
0.020384
62.8271
483.559
276.891
0.016944
223.723
270.112
637.431
136.501
89.4988
0.015231
0.017031
255.169
688.67
689.486
102.665
25959.9
0.01638
0.016236
0.015764
14.4342
0.016193
0.016238
1079.44
0.017839
0.01674
210.142
0.016702
0.016115
0.015437
2158.03
9.87875
0.020129
313.241
39.6117
51.3687
0.016856
487.416
0.023306
0.017678
0.016563
550.328
658.169
316.27
0.016606
348.804
232.833
502.762
0.020829
635.582
33.2014
164.468
0.017214
513.284
174.866
0.017346
----------------
commit (avg): 480.4
----------------
# Transaction throughput (KTPS)
LakeVillaRead	/LakeVilla/src/YCSB-C/workloads/workloada.spec	1	0.00121744
