parsing config file ./lvconfig15.conf
parsing done
# Loading records:	0
<<<<< redos: 0 >>>>>
----- read -----
3.9032
1.35101
1.31961
1.72304
4.25284
1.52363
1.51211
1.30593
1.45262
1.66511
1.55923
1.34802
1.47507
1.25225
1.28632
2.43555
1.35599
1.33116
1.34493
1.63226
1.38058
1.30692
1.49429
1.40269
1.54326
1.36324
1.40516
1.36744
1.585
1.27277
1.27142
1.18965
1.39647
1.19457
1.2675
1.16856
1.23951
1.27176
1.44755
1.44092
1.33706
1.43898
1.41867
1.33294
1.29736
1.39622
----------------
read (avg): 1.5274
----------------
----- update -----
5.23996
580.255
545.373
755.824
512.083
550.132
308.481
899.388
5.19273
492.181
231.757
680.977
441.372
606.808
4.99014
189.458
649.595
841.37
828.569
702.72
259.332
112.873
840.811
670.326
237.428
757.234
684.115
641.36
839.793
483.459
697.201
524.353
740.452
286.602
537.068
738.41
795.888
714.134
905.565
852.919
919.613
906.405
836.917
691.044
917.044
914.396
841.756
918.16
917.476
840.267
916.812
920.439
810.564
869.032
----------------
update (avg): 636.5
----------------
----- init -----
61.7722
60.1226
48.6814
52.4328
56.1207
57.1654
57.2094
62.2911
60.6765
64.1709
64.7852
60.9288
62.1133
67.9623
70.0792
108.932
68.3979
62.3324
65.9504
60.6975
61.1573
61.3113
58.1151
105.891
61.0384
88.4807
69.4494
123.885
69.3579
69.5901
62.7398
71.1057
61.6043
67.5171
71.6318
65.9434
62.939
62.388
63.8631
71.8792
67.5246
61.9371
58.8292
64.5483
76.7145
75.137
61.712
71.2153
72.3057
66.5622
70.5895
73.6339
65.3602
78.3124
77.0716
82.5862
71.941
73.1278
77.0004
78.2988
83.2729
72.5249
71.0101
70.3149
87.1518
65.7413
73.7161
66.3222
65.5069
61.3812
63.8408
66.7944
65.0748
65.9272
63.0282
68.7215
67.4519
65.8596
70.3696
79.9828
74.9215
71.0659
73.6001
69.0218
76.3175
69.133
72.2845
72.8072
74.2777
70.2059
70.87
71.7981
75.2811
72.6078
72.1192
70.1609
71.4159
70.1307
69.9493
70.664
----------------
init (avg): 69.5974
----------------
----- commit -----
0.019054
309.362
404.669
127.16
0.018051
431.098
388.102
498.221
0.016139
0.02632
39.4191
515.181
0.015761
0.018278
0.015957
0.016716
0.018111
0.01821
0.015924
346.241
708.324
151.814
0.015986
212.921
0.014992
0.014562
0.015231
325.965
815.856
0.015339
0.015069
0.016169
580.436
0.017123
214.339
0.018157
96.6901
107.224
225.728
547.831
0.021845
0.018629
669.061
0.018094
0.016578
96.8287
259.148
622.398
0.019333
174.548
239.374
295.832
78.0478
284.482
0.017488
0.018945
229.535
397.241
181.098
634.425
151.951
0.016549
0.016716
0.015621
52.7688
0.015869
0.014684
11.3911
0.014991
0.014414
21.139
0.014822
0.014955
0.015638
25.656
11.79
0.016399
10.6488
13.5625
15.4443
0.016746
11.8716
0.018168
0.01899
0.02019
11.4767
12.1702
11.9373
0.019342
11.1637
10.6005
10.8376
0.01566
10.813
9.52126
46.4698
0.015105
61.3075
51.7025
0.01602
----------------
commit (avg): 117.836
----------------
# Transaction throughput (KTPS)
LakeVillaRead	/LakeVilla/src/YCSB-C/workloads/workloada.spec	1	0.00178548
