parsing config file ./lvconfig19.conf
parsing done
# Loading records:	0
<<<<< redos: 0 >>>>>
----- read -----
3.85428
1.46781
1.32786
1.29285
1.24715
1.29693
1.26232
1.49587
1.40525
1.50042
1.45867
1.30763
1.44785
1.51677
1.48939
1.28726
1.3013
1.34438
1.46224
1.4431
1.42564
1.45214
1.30346
1.21297
1.48683
1.66165
1.68838
1.44322
1.34438
1.2172
1.46875
1.59635
1.2507
1.22315
1.47921
1.32629
1.21786
1.34969
1.34543
1.34435
1.22643
1.76829
1.69448
1.47415
1.33093
1.61869
----------------
read (avg): 1.46
----------------
----- update -----
5.72901
4.87002
370.9
483.511
566.862
529.433
609.813
369.612
410.522
616.237
179.074
500.598
354.461
923.496
728.349
243.322
188.768
533.039
314.171
650.302
4.6775
585.363
750.201
688.454
534.698
384.263
369.538
410.689
510.356
421.397
232.815
196.885
398.559
563.993
5.53935
4.67434
8.6499
5.36831
4.90716
832.349
758.056
642.097
679.953
44.34
857.005
559.452
525.929
508.202
900.015
754.256
281.805
693.001
818.341
645.132
----------------
update (avg): 447.482
----------------
----- init -----
56.9325
63.8055
63.4796
55.6542
54.358
59.4496
65.4758
61.4915
60.4733
56.1345
109.889
66.763
60.0984
57.1145
65.4608
58.72
63.0502
59.6401
70.1504
65.3863
62.049
67.9774
67.7508
59.8895
72.2398
62.3041
75.008
67.0145
62.2567
63.1114
63.6366
59.6527
65.8015
85.844
64.0241
69.3207
75.0017
63.4573
64.4235
65.2803
68.4133
65.2852
72.4213
67.9221
71.1283
65.2602
64.9778
73.7416
74.3101
70.3634
64.9819
74.4046
75.7738
72.8605
69.1071
80.0867
77.9645
83.2155
77.0521
78.6511
68.9953
62.87
77.3457
64.1119
102.872
69.8361
66.7214
103.495
73.7239
70.203
71.6268
72.229
67.0577
72.9649
67.6661
67.0098
70.3319
70.3095
68.9517
71.26
76.9373
72.1883
79.9147
73.0633
82.6397
85.6975
87.9577
81.5055
72.7838
80.0803
88.041
80.5545
85.2509
77.7489
77.1971
83.9475
84.5937
80.8632
88.4041
81.6043
----------------
init (avg): 71.3805
----------------
----- commit -----
0.016576
995.768
531.623
399.798
0.01462
366.471
410.455
162.232
0.014948
0.015109
562.348
80.7785
0.015051
0.015848
0.01503
0.018224
0.015575
0.016141
0.01675
319.283
753.427
368.963
0.015519
366.022
0.022631
0.020489
0.01846
11.9506
17.1769
0.015662
0.015706
0.01633
608.894
0.018172
662.226
0.015513
403.486
620.997
283.921
789.197
0.015502
0.015622
204.718
0.016767
0.016038
184.473
238.526
320.009
0.016521
548.732
556.891
515.774
414.097
351.637
0.015219
0.019858
683.731
723.36
522.228
370.166
25772.1
0.025396
0.018505
0.017975
4399.58
0.01742
0.017425
157.387
0.016206
0.015582
1510.79
0.015912
0.015173
0.014318
11.1341
12.6163
0.015284
174.492
285.702
170.533
0.015527
628.072
0.01576
0.015984
0.021013
56.7641
359.632
319.359
0.017706
403.048
19.7743
83.1852
0.01594
638.31
221.943
16.8407
0.014975
265.291
192.813
0.016124
----------------
commit (avg): 500.495
----------------
# Transaction throughput (KTPS)
LakeVillaRead	/LakeVilla/src/YCSB-C/workloads/workloada.spec	1	0.0011882
