parsing config file ./lvconfig27.conf
parsing done
# Loading records:	0
<<<<< redos: 0 >>>>>
----- read -----
3.94933
1.43449
1.45298
1.49045
1.41881
1.46268
1.3515
1.31356
1.47369
1.30154
1.48926
1.91753
1.42214
1.37334
1.31782
1.43434
1.50448
1.42108
1.30791
1.63458
1.29627
1.40998
1.27287
1.43365
1.38543
1.23437
1.7335
1.41748
1.40081
1.24737
1.46885
1.70997
1.44727
1.41962
1.72297
1.91869
1.44795
2.07062
1.36351
1.45937
1.28881
1.55377
1.45854
1.50578
1.26104
1.32379
----------------
read (avg): 1.51573
----------------
----- update -----
4.69262
199.631
563.082
489.968
421.385
890.785
797.076
401.791
285.282
233.013
913.359
323.479
727.038
359.573
4.83812
720.745
265.378
888.103
433.728
495.35
6.16652
245.119
678.161
912.04
619.515
481.686
344.184
561.733
242.766
534.497
560.127
783.821
583.095
252.224
4.50163
369.97
4.97837
5.37272
5.82441
681.425
352.59
5.50542
202.902
5.93321
367.65
497.946
154.602
495.733
651.86
143.637
470.058
508.932
812.536
776.845
----------------
update (avg): 421.152
----------------
----- init -----
58.1933
56.3922
51.0615
54.563
54.1713
59.7788
62.9833
63.2998
60.7048
58.0103
61.396
68.4197
62.7433
62.1949
64.3477
156.42
95.9677
63.7698
69.7458
70.6466
70.0894
64.3511
67.9456
61.0754
60.6157
67.2654
61.1877
59.305
65.2548
71.5642
59.1368
72.7804
62.5164
61.324
67.8925
66.5676
65.7643
63.1241
64.3426
63.0619
67.5301
73.3523
64.6513
64.985
70.9805
67.1799
66.272
73.6631
64.7391
70.6109
66.5782
75.8299
66.3244
79.1462
75.5632
66.8421
80.4248
69.1071
76.2708
77.0128
81.8919
78.1494
70.6625
75.1085
69.8201
80.0209
68.1711
75.562
75.921
64.8281
75.9988
79.1897
78.4638
72.6879
80.668
78.9126
80.1834
72.4067
84.9596
74.6381
73.7602
80.8278
86.4235
79.5721
82.3948
77.9535
81.8603
88.8271
81.1132
87.1321
82.7036
82.2504
90.7732
83.814
87.1431
87.3112
77.5964
82.1448
75.2491
70.1754
----------------
init (avg): 72.2431
----------------
----- commit -----
0.015716
664.642
382.058
393.03
0.019233
517.62
44.7712
23.4405
0.016074
0.015813
527.432
59.3352
0.015326
0.016735
0.016012
0.018265
0.017683
0.01628
0.019312
695.801
23.1411
543.699
0.015301
23.0442
0.014602
0.014166
0.019632
572.662
843.072
0.015152
0.016048
0.015297
34.6635
0.016657
597.379
0.016321
47.0928
502.87
441.672
852.51
0.015208
0.015659
481.386
0.014727
0.016665
254.048
16.6396
243.732
0.015734
449.907
581.512
375.207
674.219
241.419
0.015155
0.018068
370.135
139.386
338.163
672.55
26025
0.017746
0.423442
0.016163
64.1843
0.018456
0.016443
1239.29
0.01607
0.015657
6163.08
0.020447
0.016374
0.016024
11.1376
120.559
0.016818
562.427
1541.33
18.4122
0.016347
667.729
0.015278
0.015071
0.014884
547.11
414.595
673.74
0.015861
423.084
266.117
680.599
0.019005
441.125
402.949
26.8687
0.015638
146.402
65.8911
0.019267
----------------
commit (avg): 531.31
----------------
# Transaction throughput (KTPS)
LakeVillaRead	/LakeVilla/src/YCSB-C/workloads/workloada.spec	1	0.0011625
