parsing config file ./lvconfig14.conf
parsing done
# Loading records:	0
<<<<< redos: 0 >>>>>
----- read -----
3.85888
1.30964
1.24442
1.34043
1.57008
1.55647
1.39269
1.43772
1.32149
1.49679
1.41182
1.51386
1.36743
1.30982
1.37972
1.40181
1.3134
1.32385
1.38594
1.29595
1.48151
1.85747
1.58915
1.4166
1.27661
1.43375
1.58343
1.65912
1.33274
1.34039
1.48382
1.30695
1.37983
1.35038
1.53182
1.43808
1.36143
1.54121
1.35281
1.44201
1.46653
2.6316
1.56705
1.48294
1.48625
1.50177
----------------
read (avg): 1.51147
----------------
----- update -----
4.97526
297.874
897.32
183.417
552.705
919.222
742.443
797.863
11.7646
551.49
522.164
175.641
308.014
321.89
200.127
532.936
769.481
748.846
212.591
333.479
338.783
111.753
4.81612
6.10932
368.024
293.358
626.56
496.457
433.064
221.592
899.914
318.554
427.147
440.078
369.898
501.569
5.14862
4.81144
356.37
5.28514
13.1412
169.592
441.153
97.7285
743.93
344.067
776.476
590.786
658.183
797.082
733.381
909.679
315.253
857.097
----------------
update (avg): 421.502
----------------
----- init -----
49.2222
47.9467
47.502
51.8396
59.6673
55.0893
54.9209
55.6868
55.9906
61.742
104.826
55.8914
64.0898
66.6483
60.6762
67.3843
66.9271
57.5365
66.3214
60.1913
72.3763
62.0972
73.5671
62.5931
68.5274
61.0876
67.7079
92.3421
63.9898
74.0332
69.2351
93.3841
66.2522
68.0047
82.7994
62.5923
63.3059
62.941
79.4161
65.7133
69.6542
71.2252
65.9339
72.629
62.2005
75.0768
70.7927
76.9213
72.8046
74.8085
77.133
74.4442
67.1084
72.702
79.6172
75.5096
71.5127
85.0761
74.5285
72.59
71.1989
77.641
71.2339
73.5528
73.7842
82.5434
73.4997
81.746
63.2185
73.1045
70.975
67.4811
78.1465
186.495
78.2462
68.9893
69.5747
68.6775
67.5926
82.3538
78.0766
80.2129
85.5563
81.2062
79.702
76.0619
79.9642
83.9018
86.4876
84.6433
79.8778
82.4143
86.5048
81.69
75.1046
79.5651
82.6125
74.2731
79.496
82.2717
----------------
init (avg): 72.8401
----------------
----- commit -----
0.016387
9.72027
51.0122
702.364
0.025949
394.285
24.2216
31.8194
0.015387
0.01512
146.858
469.543
0.016433
0.017329
0.016188
0.016892
0.014963
0.015094
0.021954
373.873
416.139
684.753
0.018386
400.406
0.0175
0.01645
0.01612
612.414
494.681
0.015893
0.01745
0.017115
315.457
0.01563
100.921
0.017186
191.595
704.962
600.477
450.561
0.018806
0.0162
674.762
0.018207
0.015314
1492.23
350.908
481.978
0.015953
629.479
299.188
438.571
491.737
547.311
0.016571
0.016301
15.4852
609.025
499.864
488.225
328.136
0.019246
0.016454
0.016007
262.621
0.028112
0.017173
25789
0.018701
0.0157
2035.37
0.016697
0.01798
0.018528
104.804
1467.43
0.017346
3886.87
169.342
398.426
0.017181
575.663
0.017762
0.024401
0.018038
177.121
568.936
52.534
0.015547
329.853
259.451
32.2433
0.016861
189.974
13.4381
524.911
0.018238
63.6753
313.671
0.016686
----------------
commit (avg): 517.391
----------------
# Transaction throughput (KTPS)
LakeVillaRead	/LakeVilla/src/YCSB-C/workloads/workloada.spec	1	0.00120067
