parsing config file ./lvconfig5.conf
parsing done
# Loading records:	0
<<<<< redos: 0 >>>>>
----- read -----
3.85056
1.39872
1.33084
1.44447
1.57031
1.43622
2.3085
1.17881
1.38534
1.28183
1.29973
1.31379
1.32103
1.46343
1.35521
1.35361
1.2897
1.28844
1.36313
1.3676
1.34236
1.51313
1.30652
1.68067
1.28209
1.46154
1.28237
1.39726
1.44346
1.52838
1.367
1.34358
1.38545
1.33231
1.29595
1.32569
1.23928
1.55409
1.3407
1.23582
2.79545
1.34821
1.79556
1.3226
1.33103
1.40247
----------------
read (avg): 1.48379
----------------
----- update -----
5.25767
5.01084
223.797
148.991
875.515
484.124
232.032
865.135
5.21044
539.353
615.996
424.454
249.929
524.46
717.563
297.131
179.314
627.211
709.007
367.849
5.44311
4.93804
362.769
521.292
669.307
203.312
332.829
205.08
27.8803
481.767
572.878
887.836
327.36
217.6
5.56509
5.62964
832.255
842.119
467.297
509.422
193.203
568.228
643.071
864.012
725.641
107.431
456.608
35.7411
566.055
793.602
467.848
483.799
----------------
update (avg): 413.176
----------------
----- init -----
55.3568
60.8829
63.2524
54.7572
61.8308
63.986
57.0622
55.6386
61.4985
66.4474
59.6945
59.7642
71.1869
105.996
66.7976
60.6527
67.7399
67.3523
61.5464
69.3408
68.9675
57.6814
58.2856
70.8546
70.3349
65.2151
59.1238
69.9311
72.6095
63.4359
61.5157
59.1399
68.121
68.7651
134.651
66.7355
70.2219
62.468
64.0214
67.5712
65.005
73.5341
66.7639
77.2928
74.3359
68.4773
71.0806
70.8132
66.2358
71.2384
65.199
88.1696
75.5569
70.8396
71.9556
80.0721
74.8939
74.6882
67.3773
81.8007
76.0125
70.4818
79.8746
79.9026
72.5896
65.2301
76.9933
66.212
73.0556
64.8031
65.3657
69.8753
65.5517
66.3719
72.1154
68.5517
68.2859
68.5243
74.9309
82.1268
78.785
78.1893
75.2511
74.5921
73.4496
73.4866
71.2827
76.2788
79.8686
73.8257
86.287
75.7767
73.128
90.8187
73.711
80.701
83.9138
75.2306
77.1604
76.2766
----------------
init (avg): 71.0063
----------------
----- commit -----
0.017354
1005.46
666.702
724.139
0.015131
67.2117
460.579
579.014
0.015386
0.015267
73.5148
436.82
0.017825
0.016488
0.016797
0.014888
0.015587
0.015767
0.015863
366.747
327.434
443.926
0.017891
483.773
0.015154
0.01533
0.015943
399.526
26.9601
0.014674
0.015101
0.014535
498.639
0.018996
681.581
0.01698
310.725
226.529
565.306
815.611
0.016104
0.015548
813.545
0.016214
0.016278
493.885
268.91
0.01457
265.581
711.303
589.726
725.914
739.714
0.016273
0.015972
447.126
357.018
28.6234
597.634
478.577
0.016691
0.023267
0.016143
31894.2
0.016766
0.018524
478.126
0.016999
0.018986
0.016714
0.015701
0.016484
11.0227
20.5504
0.020547
458.044
409.094
647.155
0.016355
130.794
0.01541
0.020114
0.016376
285.727
58.7191
120.079
0.018776
805.436
468.583
800.734
0.015833
357.415
125.427
370.821
0.015977
439.641
11.7548
0.015755
----------------
commit (avg): 546.651
----------------
# Transaction throughput (KTPS)
LakeVillaRead	/LakeVilla/src/YCSB-C/workloads/workloada.spec	1	0.0011768
