parsing config file ./lvconfig23.conf
parsing done
# Loading records:	0
<<<<< redos: 0 >>>>>
----- read -----
4.49149
1.474
1.55775
1.4146
1.27619
1.43012
1.40829
2.11896
1.28669
1.50038
1.65335
1.49067
1.27618
1.28714
1.45846
1.54348
1.32878
1.38758
2.0614
1.31113
1.42524
1.66864
1.45954
1.37593
1.3143
2.07979
1.2137
1.57758
1.37556
1.29202
1.37433
1.34826
1.46418
1.38549
1.62411
1.49465
1.39843
1.36528
1.40095
1.26717
1.29561
1.53042
1.67035
1.47086
1.45385
1.31219
----------------
read (avg): 1.53033
----------------
----- update -----
5.78627
801.286
441.201
565.812
820.423
328.396
168.714
493.095
5.15743
825.623
253.513
759.857
105.968
716.036
188.099
263.727
331.642
439.247
281.875
662.148
5.09408
229.002
481.284
587.826
236.753
707.292
269.831
686.955
898.331
378.868
160.482
419.702
356.871
5.06928
5.22133
7.47227
5.15211
5.50986
654.63
827.775
528.785
373.172
212.713
632.016
5.365
351.605
450.851
20.0267
781.837
682.524
695.005
638.59
719.706
875.151
----------------
update (avg): 413.964
----------------
----- init -----
63.269
57.7502
46.8727
62.1019
58.7441
52.7373
59.5299
61.145
68.1982
59.8912
64.4897
73.6199
63.174
68.5212
69.3243
63.4006
63.3607
70.6524
64.6036
63.0412
59.4823
66.7415
59.0015
57.4617
59.6287
70.4296
67.1385
61.593
59.6957
60.7265
66.1815
64.8625
70.4636
84.5991
68.1613
69.3214
63.117
64.4708
73.22
68.7618
68.2521
110.057
67.0276
73.8259
74.7148
66.5024
72.0973
64.555
69.779
77.8476
72.9555
73.7655
71.539
65.2341
72.0971
74.7246
77.6693
75.6523
77.824
73.551
75.9641
74.875
65.3875
113.595
71.355
68.9932
61.1773
63.6197
71.5688
85.4099
108.221
79.8359
79.7128
73.0919
75.7919
70.9911
77.3961
82.6927
71.7326
73.6804
83.0309
77.7276
83.6307
79.1637
75.8249
80.8826
83.1078
78.7082
77.2221
75.4634
77.6164
74.2583
81.0989
76.2014
91.8128
76.3392
76.6743
124.149
70.9739
74.5799
----------------
init (avg): 72.1271
----------------
----- commit -----
0.018808
147.347
497.897
321.57
0.024171
119.707
609.004
637.338
0.018214
0.01575
432.909
503.095
0.015514
0.015213
0.015057
0.014622
0.014906
0.014122
0.030967
69.1026
679.997
122.077
0.016099
632.689
0.015384
0.014603
0.015645
221.418
546.257
0.01526
0.016395
0.01816
584.357
0.02279
531.766
0.01621
495.469
645.224
269.844
1793.44
0.016382
0.01518
504.859
0.016017
0.015937
446.962
348.542
612.127
0.015161
221.123
658.912
237.986
36.9562
394.556
0.015622
0.015168
762.461
501.75
573.556
26430.1
1888.43
0.017874
0.019019
0.017787
1976.74
0.017209
0.020535
3561.51
0.01692
0.018567
72.4352
0.016376
0.016727
0.015467
124.125
13.2021
0.016666
398.706
553.516
624.957
0.01555
43.5696
0.016872
0.017161
0.015433
976.44
505.055
396.955
0.016465
901.215
142.734
159.156
0.018478
211.944
285.463
76.8229
0.015598
52.7151
12.8027
0.016615
----------------
commit (avg): 545.697
----------------
# Transaction throughput (KTPS)
LakeVillaRead	/LakeVilla/src/YCSB-C/workloads/workloada.spec	1	0.00114981
