parsing config file ./lvconfig18.conf
parsing done
# Loading records:	0
<<<<< redos: 0 >>>>>
----- read -----
3.91365
1.39523
1.46343
1.68165
1.58157
1.50379
1.48497
1.23137
1.30288
1.1646
1.23332
1.35379
1.52093
1.59206
1.21646
1.7492
1.78281
1.35925
1.3916
1.51073
1.7178
1.43326
1.45658
1.3487
1.39517
1.6855
1.24405
1.44171
1.40648
3.52854
1.52591
1.33817
1.234
2.56204
1.35329
1.5235
1.29034
1.42266
1.36412
1.44085
1.28579
1.29926
1.40553
1.38705
1.47089
1.30515
----------------
read (avg): 1.54999
----------------
----- update -----
5.65307
4.90503
183.068
82.7256
288.967
531.423
712.448
668.646
5.35625
593.09
640.98
301.402
642.493
930.172
647.959
600.87
253.84
535.638
390.602
412.713
406.022
4.82151
674.498
759.648
819.75
336.197
323.849
719.318
481.238
6.05854
325.497
335.652
175.019
458.916
31.3889
6.14493
338.72
5.10295
4.8961
4.76673
44.6848
718.546
538.612
39.2485
417.343
260.123
404.077
348.165
155.027
399.735
639.158
673.547
701.164
854.538
----------------
update (avg): 386.008
----------------
----- init -----
55.1964
61.0918
58.4983
50.5916
57.7395
62.2026
58.3719
68.4964
60.0199
73.6471
60.5356
57.7989
74.2978
85.5105
63.5047
61.3805
64.2274
66.1935
57.6832
71.894
68.1743
59.2391
70.0899
67.643
59.6553
58.0457
64.3896
58.1873
60.38
68.7586
74.1208
66.9786
115.468
69.433
67.5816
88.3637
62.2736
70.212
71.0407
65.311
70.2419
64.8432
72.0857
65.1924
73.8407
69.6686
61.9056
66.6254
82.288
65.5789
67.0445
74.5967
74.4703
77.6694
80.0705
78.1608
78.2376
79.9524
76.026
72.9147
72.6549
83.3678
84.2656
72.8486
79.0674
69.4935
75.0489
111.15
81.5748
73.6949
74.5146
68.9044
77.7688
68.9175
79.3684
67.6607
75.8078
79.3511
82.3525
77.6072
79.4001
102.724
78.3472
77.1701
85.5017
116.747
85.1913
85.5576
82.1712
95.8394
80.0942
91.1451
83.6851
81.7979
85.5964
83.2523
83.7638
78.0301
91.5297
83.1675
----------------
init (avg): 73.9177
----------------
----- commit -----
0.016746
22.4231
701.136
796.169
0.017487
653.125
399.611
90.903
0.015369
0.015987
274.837
470.731
0.015485
0.017088
0.017621
0.015676
0.015058
0.015768
0.014972
306.697
297.399
561.38
0.015753
110.505
0.016895
0.015707
0.016956
13.1895
22.8991
0.015616
0.016142
0.014632
255.894
0.01643
598.254
0.018929
390.386
539.652
521.507
383.904
0.017498
0.015624
805.237
0.017257
0.015742
241.274
173.652
31.4649
0.01526
596.33
601.487
206.349
443.912
796.91
0.015441
0.0157
552.308
586.103
751.513
467.44
647.491
0.01653
0.016964
0.016823
26141
0.017153
0.019149
11.4839
0.016429
0.01527
1060.44
0.017677
0.01973
0.015802
3723.57
2529.06
0.015826
22.6917
203.111
278.791
0.017043
597.993
0.015307
0.014738
0.015471
498.209
655.005
415.478
0.016348
572.237
753.922
434.046
0.016872
276.992
240.18
136.037
0.016818
52.8922
40.331
0.015324
----------------
commit (avg): 529.562
----------------
# Transaction throughput (KTPS)
LakeVillaRead	/LakeVilla/src/YCSB-C/workloads/workloada.spec	1	0.00119032
