parsing config file ./lvconfig3.conf
parsing done
# Loading records:	0
<<<<< redos: 0 >>>>>
----- read -----
4.05808
1.29303
1.34903
2.18385
1.46457
1.26929
1.61716
1.49551
1.7588
1.40558
1.33745
1.24963
1.60648
1.8252
1.44889
1.36571
1.4198
1.3375
1.43077
1.3241
1.3771
1.31311
1.25402
1.24658
1.3562
1.458
1.30898
1.432
1.36523
1.38751
1.44049
1.60092
1.28029
1.41779
1.39873
1.37645
1.34027
1.52675
1.60835
1.30614
1.41959
1.29737
1.48415
1.38246
1.42798
1.23619
----------------
read (avg): 1.48441
----------------
----- update -----
5.03361
672.86
480.283
418.99
675.112
308.343
352.631
644.493
106.449
200.532
822.496
339.772
343.66
686.339
5.57583
760.011
458.334
675.7
632.429
865.973
190.744
5.47835
611.07
873.665
765.775
337.185
394.19
629.68
699.05
557.805
545.204
504.295
337.876
623.498
5.87805
4.46547
4.6786
20.005
36.5835
5.24166
35.626
404.956
386.63
533.642
741.046
725.922
474.916
271.821
228.99
495.065
412.55
375.819
533.88
727.623
----------------
update (avg): 425.109
----------------
----- init -----
59.4281
96.8218
56.3726
53.2303
59.1669
55.2941
62.0327
63.7709
65.7653
64.1473
58.0204
57.0137
66.1757
59.9186
73.7246
72.5825
65.5945
62.4093
66.2123
68.628
65.6975
62.4802
59.1713
66.2218
71.5868
75.4019
59.4483
69.2015
59.9145
60.6494
70.7938
107.631
62.1844
67.5312
61.6025
64.6558
63.643
67.1242
67.9357
85.5849
65.7082
62.4164
71.0934
71.8686
77.5121
65.037
74.8374
82.6443
76.7139
65.7562
72.9352
68.6669
65.5776
69.1296
66.1526
98.8244
76.0803
72.6145
75.2538
76.5361
72.469
84.0963
67.7633
75.4985
68.8176
71.0931
73.3945
69.018
65.6175
63.441
62.6349
70.5704
64.977
79.6136
72.5375
69.7202
79.4016
77.7718
73.0119
81.2199
81.7854
100.756
82.2431
72.7883
79.6226
70.7215
76.3153
81.1269
77.0883
85.0407
86.9626
85.0995
85.8181
82.9385
77.0137
84.7674
82.4917
80.9586
84.8655
78.8745
----------------
init (avg): 71.9007
----------------
----- commit -----
0.021424
151.012
466.372
465.955
0.015022
261.936
628.913
457.422
0.015999
0.015361
296.125
349.56
0.017582
0.017007
0.018945
0.017206
0.017662
0.01706
0.030183
731.234
117.444
530.992
0.016219
377.819
0.02004
0.01937
0.0179
252.68
785.777
0.0169
0.014634
0.015091
15.088
0.015168
409.197
0.016074
256.876
298.948
48.9316
604.937
0.015878
0.01538
876.677
0.015852
0.016155
216.909
43.9186
90.7623
0.016058
589.841
535.936
307.64
227.686
201.35
0.016143
0.018728
381.638
419.761
584.732
309.857
26405.1
0.017715
0.017502
0.017526
1579.59
0.01579
0.0184
1652.94
0.016189
0.01775
310.777
0.016641
0.015681
0.016078
895.06
2614.02
0.015937
116.756
511.734
429.521
0.016635
156.762
0.016707
0.015322
0.017521
182.683
193.503
360.752
0.016598
642.107
684.428
337.346
0.016417
509.329
538.469
301.185
0.019717
186.661
480.025
0.014692
----------------
commit (avg): 513.835
----------------
# Transaction throughput (KTPS)
LakeVillaRead	/LakeVilla/src/YCSB-C/workloads/workloada.spec	1	0.00118413
