parsing config file ./lvconfig11.conf
parsing done
# Loading records:	0
<<<<< redos: 0 >>>>>
----- read -----
3.70254
1.39809
1.37732
1.19374
1.37878
1.41334
1.44593
1.47774
1.39133
1.39239
1.36335
1.50494
2.12454
1.35289
1.38077
1.64535
1.26376
1.44344
1.56867
1.32256
1.2266
1.40712
1.29036
1.27307
1.5983
2.23781
1.47987
1.3753
1.31186
1.26963
1.44513
1.46313
1.46063
1.32012
1.27475
1.27982
1.34705
1.58791
1.37791
1.54127
1.30957
1.29403
1.20558
1.40547
1.68821
1.79969
----------------
read (avg): 1.48721
----------------
----- update -----
4.79535
5.04823
468.871
312.268
741.833
739.867
720.703
753.581
6.35284
273.251
900.691
346.312
88.2461
735.893
5.23992
283.821
718.937
586.089
398.494
697.137
5.17908
43.3068
566.298
847.224
703.158
180.684
638.716
781.377
452.101
735.766
520.149
575.528
783.252
478.826
7.25293
4.84627
5.09572
501.499
887.759
53.0276
903.653
92.9319
580.917
339.004
598.117
456.584
592.781
408.622
713.589
292.788
189.318
887.174
320.11
802.533
----------------
update (avg): 458.085
----------------
----- init -----
50.0326
47.4004
54.1772
54.9099
61.3946
55.6902
55.2232
61.7082
54.6136
60.7098
55.9604
59.1366
66.9773
61.3907
65.8221
67.6674
60.4287
69.6469
63.5958
59.7812
61.3699
65.4407
59.7603
70.4639
67.5272
63.9537
69.5222
62.3191
62.6492
65.4191
69.1484
69.7858
61.3139
63.7055
89.3262
82.7721
68.5573
59.9537
67.1023
66.5308
72.2061
149.029
137.613
78.1999
66.4765
106.466
62.0337
84.3422
64.631
61.3102
76.1228
63.2055
74.1432
66.5728
71.7136
65.6962
67.161
74.9336
67.4207
75.0852
72.314
69.7448
86.5522
81.5932
74.9928
67.665
75.9786
67.2514
70.7989
76.4671
67.4114
64.6552
65.2796
67.0508
67.6214
69.5786
74.0583
68.3078
68.553
75.3211
78.8529
70.8896
82.4576
73.6784
79.5966
73.6785
73.4603
76.4838
78.2675
73.9558
78.8301
75.3452
81.2875
78.2306
86.6362
85.4687
84.5538
76.0114
88.2426
89.5376
----------------
init (avg): 71.3391
----------------
----- commit -----
0.014786
886.052
352.733
569.477
0.016834
200.912
200.519
104.817
0.018635
0.016441
188.67
623.661
0.016331
0.015604
0.015449
0.015275
0.015382
0.014955
0.014834
506.62
36.2934
520.976
0.015763
644.383
0.015471
0.015416
0.014627
201.279
807.976
0.015393
0.014503
0.015876
475.785
0.015226
129.941
0.01456
353.917
533.933
236.645
1284.57
0.015007
0.017401
50.9914
0.016349
0.015777
369.75
70.5122
169.503
0.01679
745.303
296.042
146.871
477.939
57.768
0.015045
0.014891
404.473
355.582
141.785
454.394
26259.4
0.018343
0.017423
0.016794
1879.28
0.019337
0.019091
2303.26
0.019401
0.016165
10.1619
0.016352
0.015146
0.015199
43.0263
803.161
0.016246
29.5018
831.834
267.826
0.015359
347.209
0.018868
0.016799
0.016991
328.392
465.811
254.762
0.015771
514.129
209.642
547.119
0.015355
725.807
24.6509
518.19
0.019393
107.771
84.9049
0.01508
----------------
commit (avg): 491.567
----------------
# Transaction throughput (KTPS)
LakeVillaRead	/LakeVilla/src/YCSB-C/workloads/workloada.spec	1	0.00118955
