parsing config file ./lvconfig0.conf
parsing done
# Loading records:	0
<<<<< redos: 0 >>>>>
----- read -----
4.04086
1.44935
1.43193
1.45261
1.42421
1.69724
1.26207
1.27205
1.33149
1.30143
1.31426
1.26995
1.36476
1.51689
1.51019
1.34289
1.58608
1.34383
1.66673
1.6902
1.31929
1.20358
1.34347
1.48865
1.28779
1.38204
1.22023
1.46417
1.53367
1.46441
1.52868
1.17328
1.4465
1.43684
1.31959
1.18481
1.26709
1.19074
1.4853
1.23805
1.2194
1.19144
1.59285
1.21085
1.39011
3.1587
----------------
read (avg): 1.47849
----------------
----- update -----
5.59688
360.941
931.449
6.63709
381.631
700.796
659.737
663.024
275.671
432.777
403.68
239.413
230.755
879.255
471.086
468.967
5.61064
598.876
318.141
642.56
716.218
638.864
514.824
514.794
303.46
371.643
389.25
439.689
757.289
522.324
234.198
896.943
626.36
482.43
135.504
243
622.651
668.437
895.381
822.996
923.18
5.07108
5.112
697.951
901.026
899.608
824.743
909.504
918.115
842.651
912.598
618.842
5.074
5.11342
----------------
update (avg): 517.434
----------------
----- init -----
50.1334
54.643
47.0259
57.1853
53.8501
56.6974
54.3429
56.2651
54.3717
54.9649
81.4655
56.1672
55.7165
60.7337
58.2258
56.618
67.2594
67.3928
59.2068
67.6019
60.8747
70.1058
66.4333
110.299
61.0785
79.3855
60.1371
95.2426
65.1356
69.6165
63.4675
69.7699
77.2654
70.227
71.6805
71.2513
62.9586
60.2366
69.5693
68.061
69.6063
62.5623
63.999
63.5841
71.5704
64.7099
68.4704
65.8084
78.4399
75.0174
79.7138
77.5071
77.9395
69.0193
76.3841
68.1393
76.8451
76.2867
78.9362
77.3789
74.6458
72.9205
76.8649
82.0588
77.5854
83.3524
77.0405
84.9554
79.2189
75.5254
75.2272
67.9591
77.712
69.7961
69.9659
63.8207
67.7367
64.9509
66.706
67.4106
68.3736
72.5941
65.8256
63.9151
66.7968
64.7696
68.694
67.5418
70.4338
65.3834
68.9487
70.9529
74.4968
71.0857
75.0354
89.256
73.6934
80.9004
79.7954
83.6808
----------------
init (avg): 69.5221
----------------
----- commit -----
0.014651
9.43141
11.6162
1416.55
0.019376
31.2617
241.391
147.963
0.015977
0.015493
281.492
223.276
0.015644
0.016191
0.014853
0.015899
0.015035
0.015812
0.014902
505.658
525.869
580.861
0.015149
469.534
0.016592
0.016614
0.01789
54.475
245.845
0.014717
0.015462
0.014206
389.704
0.019447
943.727
0.015075
255.471
608.652
288.573
85.7801
0.015171
0.014924
158.22
0.016251
0.016165
415.563
419.204
542.937
0.014816
548.868
534.214
481.206
174.002
256.907
0.015749
0.01482
685.435
24.4104
298.397
441.53
549.402
0.018733
0.017799
0.018179
511.762
0.016208
0.020568
140.216
0.016707
0.015877
41.9726
0.015098
0.015142
0.01493
41.2114
42.6946
0.016633
10.5896
12791.4
10.6071
0.014776
9.92486
0.015155
0.014377
0.01524
30.7183
33.0038
37.051
0.015846
21.7719
10.538
10.7397
0.015505
11.8134
292.309
1464.79
0.021816
2380.66
868.085
0.016536
----------------
commit (avg): 316.1
----------------
# Transaction throughput (KTPS)
LakeVillaRead	/LakeVilla/src/YCSB-C/workloads/workloada.spec	1	0.00147191
