parsing config file ./lvconfig25.conf
parsing done
# Loading records:	0
<<<<< redos: 0 >>>>>
----- read -----
3.98028
1.59446
1.37028
1.28427
1.44604
1.2692
1.43819
1.46592
1.48658
1.44204
1.50404
1.61358
1.56587
1.22371
1.34589
1.49201
1.42217
1.45497
1.53308
1.71002
1.3569
1.33381
1.6338
1.50612
1.38474
1.70558
1.59827
1.72112
1.26638
1.36901
1.40919
1.43157
1.30533
1.46171
1.49595
1.40982
1.34607
1.55922
1.33429
1.43167
1.35049
1.26421
1.25431
1.25989
1.2482
1.27134
----------------
read (avg): 1.4859
----------------
----- update -----
4.70485
509.834
464.807
280.687
861.108
586.205
797.666
733.649
273.136
467.017
746.797
323.335
144.85
605.023
551.388
340.176
280.481
427.411
404.831
464.455
757.51
650.623
426.275
406.169
212.717
746.208
698.167
627.379
742.012
35.696
523.406
654.484
324.047
849.03
6.91973
4.67659
4.77531
4.9735
279.776
526.348
589.701
671.938
651.968
67.6031
423.521
490.863
751.825
806.201
813.659
125.95
843.655
877.759
398.986
767.686
----------------
update (avg): 482.038
----------------
----- init -----
52.46
52.4985
47.8098
50.229
55.2976
63.7791
56.4135
60.3081
65.8197
60.2174
57.4359
55.7805
58.9323
68.9243
60.7205
71.2011
59.594
126.138
58.8849
69.3581
74.8867
68.8581
69.7765
90.966
71.0604
66.9886
58.8203
64.7429
64.3011
62.3035
60.8858
67.8088
63.992
64.5617
68.1387
67.9502
79.9703
70.2861
67.2458
66.6467
68.4726
68.6982
76.5063
79.9897
71.8435
82.4282
71.3301
75.8729
75.293
68.2486
62.6962
66.1509
63.2069
71.4469
71.4598
82.9974
74.0765
80.0141
76.772
74.9341
74.1422
85.3835
83.0245
83.1196
84.0141
75.0518
68.8791
81.4899
79.4263
67.2633
66.2072
70.625
74.5734
71.4135
84.5382
82.0276
72.0307
71.7244
74.0222
67.9154
72.9875
80.9083
82.3243
77.1589
79.2416
81.6756
73.0035
84.5477
90.4035
75.508
79.4297
78.9733
85.7548
80.8025
76.9854
83.5197
76.4718
72.7683
73.039
72.4264
----------------
init (avg): 71.7923
----------------
----- commit -----
0.017305
61.8204
487.402
598.805
0.015784
83.0264
351.148
18.463
0.016133
0.016054
212.234
141.53
0.017144
0.016968
0.017079
0.017278
0.017588
0.01817
0.016668
458.554
182.1
516.348
0.018034
586.311
0.015922
0.015537
0.014116
333.058
188.584
0.016129
0.01673
0.019655
522.781
0.016754
574.728
0.017011
498.856
528.347
468.554
26.9429
0.014912
0.01413
109.071
0.016199
0.015022
503.683
518.622
640.527
0.016965
192.397
236.531
308.378
189.642
728.703
0.016131
0.01717
400.67
266.701
598.588
77.5708
683.529
0.016706
0.015332
0.015099
26167.7
0.017763
0.019505
5532.37
0.016791
0.019858
2128.29
0.017487
0.018136
0.017395
10.7326
328.644
0.015429
336.389
259.449
193.721
0.016243
606.432
0.015969
0.015964
0.016526
504.193
425.789
80.3885
0.016187
115.183
106.923
705.386
0.015981
79.728
37.6945
450.815
0.015431
158.108
20.7408
0.015363
----------------
commit (avg): 505.436
----------------
# Transaction throughput (KTPS)
LakeVillaRead	/LakeVilla/src/YCSB-C/workloads/workloada.spec	1	0.00116309
