parsing config file ./lvconfig10.conf
parsing done
# Loading records:	0
<<<<< redos: 0 >>>>>
----- read -----
3.88458
2.84907
1.38956
1.43247
1.33152
1.27771
1.40714
1.24336
1.401
1.44189
1.39367
1.36111
1.30772
1.67745
1.53944
1.56421
1.36828
1.57674
1.41369
1.40879
1.49769
1.48273
1.81696
1.45484
1.35725
1.45169
1.22563
1.38455
1.85308
1.26682
1.53953
1.31481
1.43475
1.35777
1.2567
1.22633
1.43287
1.7274
1.92048
1.55967
1.46833
1.3603
1.56531
1.32273
1.29992
1.37933
----------------
read (avg): 1.52667
----------------
----- update -----
4.94725
125.931
525.059
320.498
787.583
788.496
703.33
566.113
467.722
734.751
458.378
531.396
417.445
492.902
5.05194
471.293
545.728
231.805
619.018
871.26
5.66971
167.208
903.577
699.274
271.648
455.006
904.208
495.364
405.041
474.629
220.352
471.608
274.778
652.99
4.96017
375.971
5.21281
189.771
4.37184
5.51606
411.482
135.125
814.778
5.08134
327.611
370.25
357.52
708.372
789.519
380.294
514.241
723.236
771.657
275.81
----------------
update (avg): 430.386
----------------
----- init -----
53.152
48.5084
62.9365
52.9348
57.8831
57.5125
54.1715
53.0118
61.8039
53.3312
53.8772
68.7772
58.0432
58.6211
58.5208
64.3966
56.4885
66.1996
59.5682
69.4997
68.2927
59.7948
56.8236
101.22
59.8947
69.0894
71.7527
57.65
72.0133
70.7289
60.1101
68.8765
63.2334
65.1074
59.4316
63.7939
66.8537
63.9297
68.8076
69.9345
60.3481
67.974
61.9015
72.8725
65.1474
80.4889
62.8927
73.8711
67.3319
72.6235
71.9148
76.7971
75.1305
71.0534
76.5607
80.4577
73.4429
82.6715
75.2073
74.22
78.1418
64.6595
73.7987
71.2428
68.0827
84.321
69.5789
75.9604
67.9319
76.4573
65.7438
73.7415
69.3359
72.6295
66.3832
62.2068
67.2863
65.4905
67.0858
74.63
71.0878
74.1348
78.3293
86.0957
77.4084
80.6849
87.2252
73.0599
83.7599
81.6048
87.1261
77.6185
88.2903
82.7595
82.9879
78.1429
89.9807
80.4622
90.5085
83.9913
----------------
init (avg): 69.9945
----------------
----- commit -----
0.016742
611.229
424.478
557.792
0.020448
159.17
157.459
128.395
0.016404
0.018667
363.353
32.1721
0.014946
0.015357
0.015588
0.01569
0.015074
0.015069
0.014874
194.056
484.068
307.499
0.015661
321.372
0.01544
0.014811
0.01465
434.015
1077.36
0.029723
0.025372
0.018867
55.6999
0.015816
318.197
0.015814
704.951
311.605
59.6092
1002.83
0.01714
0.01698
407.748
0.020391
0.017142
34.0905
226.491
586.806
0.023285
471.936
20.959
432.482
519.676
294.296
0.016317
0.016029
696.51
451.586
650.694
273.909
25910
0.017861
0.016275
0.01601
184.168
0.018003
0.016832
1190.17
0.01742
0.01717
114.989
0.017706
0.015583
0.016519
1330.02
1906.34
0.016188
78.0693
790.549
39.0282
0.015925
818.177
0.018491
0.01809
0.01585
435.44
556.367
475.918
0.018486
204.546
132.706
448.011
0.019088
401.419
201.153
55.655
0.01539
633.221
49.9226
0.016072
----------------
commit (avg): 487.291
----------------
# Transaction throughput (KTPS)
LakeVillaRead	/LakeVilla/src/YCSB-C/workloads/workloada.spec	1	0.00121918
