parsing config file ./lvconfig22.conf
parsing done
# Loading records:	0
<<<<< redos: 0 >>>>>
----- read -----
4.02517
1.22007
1.4236
1.44472
1.35256
1.32126
1.34001
1.55322
1.749
1.43206
1.4128
1.42349
1.42217
1.39837
1.21754
1.44342
1.49224
1.5206
1.40606
1.44253
1.48171
1.27157
1.34038
1.17936
1.54888
1.38661
1.34139
1.38757
1.29938
1.47616
1.45732
1.38806
1.34715
1.78725
2.58418
1.2673
1.2365
1.38379
1.41456
1.3733
1.31998
1.29309
1.34423
1.40522
1.42995
1.32386
----------------
read (avg): 1.48064
----------------
----- update -----
6.31417
58.8731
937.87
853.136
379.732
390.711
483.978
886.261
5.01673
428.51
648.145
852.685
536.797
126.498
239.623
251.535
361.875
5.32013
899.18
478.86
269.11
500.539
799.868
466.248
126.151
908.438
357.871
315.996
891.479
290.529
277.406
778.628
353.917
368.349
5.4362
640.68
24.5467
4.9926
5.53627
4.68985
269.966
446.516
363.685
525.488
679.938
806.82
405.512
895.364
557.443
470.202
703.122
192.15
368.593
686.77
----------------
update (avg): 436.906
----------------
----- init -----
52.6207
51.6711
52.0611
50.6647
59.2735
52.1485
54.1464
56.2964
58.7653
56.6422
61.6309
57.1526
63.1584
62.4342
57.3834
74.8527
58.5579
61.3457
66.0454
60.4066
60.6299
61.989
64.4522
70.7424
68.5201
61.3034
58.5628
65.277
58.7889
66.5308
69.8475
60.2455
65.6686
66.0036
75.4096
66.9139
66.0106
73.6561
68.4981
65.8358
62.603
72.1282
85.6143
70.8922
66.5256
75.0895
64.1175
66.8626
77.4139
73.7105
67.6769
80.3473
73.2745
79.3549
75.2853
78.3778
68.5055
77.8068
68.2322
75.7624
80.6347
80.8942
82.6764
77.0909
79.3995
70.0245
101.425
68.5303
87.4382
95.2769
72.3412
74.777
68.4918
109.073
65.908
69.2351
68.6538
74.8638
83.1881
79.9579
84.8856
90.5344
80.8141
71.1054
78.0866
72.2542
85.019
83.6624
79.9307
86.5319
82.4869
84.4904
81.471
83.2758
79.8977
79.4676
92.3951
83.4621
87.7335
82.5658
----------------
init (avg): 71.8168
----------------
----- commit -----
0.023261
10.707
10.8973
34.7426
0.016055
567.555
553.871
335.916
0.016075
0.015576
55.7903
532.395
0.015508
0.017206
0.015129
0.014555
0.014416
0.014297
0.01562
459.79
288.382
12.3963
0.015598
204.824
0.015573
0.015829
0.014485
815.307
491.44
0.015834
0.01526
0.025759
608.232
0.017002
503.159
0.015608
935.594
20.0926
451.984
506.19
0.016731
0.016388
285.516
0.01758
0.016851
136.47
464.375
722.29
0.023602
24.4265
561.563
611.792
28.3347
484.326
0.019427
0.015446
647.598
149.815
572.204
550.605
738.345
0.018222
0.016861
0.015957
46.2551
0.015403
0.01629
723.508
0.015392
0.015947
25980.7
0.018296
0.015448
0.016948
1846.94
6101.09
0.017902
156.734
471.82
459.516
0.017061
167.853
0.016009
0.015232
0.015941
235.206
110.211
425.921
0.021472
23.9753
356.055
365.029
0.015962
217.159
727.274
453.27
0.017099
224.241
14.7852
0.015768
----------------
commit (avg): 524.852
----------------
# Transaction throughput (KTPS)
LakeVillaRead	/LakeVilla/src/YCSB-C/workloads/workloada.spec	1	0.0011907
