parsing config file ./lvconfig8.conf
parsing done
# Loading records:	0
<<<<< redos: 0 >>>>>
----- read -----
3.8218
1.6855
1.27351
1.23966
1.37445
1.55321
1.21569
1.33675
1.22822
1.31928
1.47202
1.26947
1.37725
1.33245
1.30072
1.59008
1.51201
1.42203
1.59934
1.44512
1.44353
1.42899
1.53415
1.39241
1.51226
1.42429
1.35849
1.47774
1.35156
1.35136
1.70293
1.44096
1.49544
2.26337
1.30918
1.40416
1.27293
1.27124
1.46249
1.36022
1.2316
1.39986
1.42007
1.38018
1.64826
1.46144
----------------
read (avg): 1.48191
----------------
----- update -----
4.87572
548.862
307.551
186.207
244.857
862.502
739.611
487.883
443.747
478.529
630.118
733.584
515.006
423.642
465.22
5.02121
779.236
414.458
348.349
762.223
502.422
899.613
406.134
568.194
608.947
399.9
504.548
482.44
304.759
312.398
721.935
829.006
139.497
479.028
5.75325
4.93599
4.74111
4.54967
5.61762
55.6437
631.717
557.95
678.214
453.257
694.344
768.975
731.016
357.164
815.325
870.69
740.752
422.95
551.371
----------------
update (avg): 469.722
----------------
----- init -----
52.4853
50.5476
54.664
50.6877
56.6484
64.9221
68.403
57.8957
59.2764
57.4515
61.3735
66.9218
57.6628
58.4061
57.9439
64.9992
59.4757
67.8442
57.2818
70.8194
74.972
59.3125
62.8366
73.0694
63.4427
56.8584
55.6178
96.3982
74.9111
56.0156
82.1463
69.3376
60.5164
59.1754
71.1225
69.5443
62.2415
73.0402
63.5852
69.5774
79.2749
81.2022
63.3974
66.0592
67.8775
64.4649
72.6328
69.1535
71.9682
64.7153
69.7399
80.0601
66.9698
73.1674
70.6122
78.0026
71.8552
68.6849
69.0926
74.9891
82.97
71.5617
71.2825
77.5918
65.9735
83.4197
80.1474
80.61
62.4145
73.3918
64.6573
72.2429
66.9707
70.9808
67.0724
65.2362
83.3525
79.2148
81.6618
71.1053
79.0507
70.6541
79.2474
75.722
80.643
70.9365
81.4678
79.2598
78.7245
78.7049
73.9696
83.7208
78.4159
82.9827
82.4385
76.2382
86.0068
75.5575
88.5226
74.8183
----------------
init (avg): 70.2229
----------------
----- commit -----
0.015645
17.2649
642.931
691.38
0.017347
686.867
79.4344
80.4429
0.015929
0.016199
446.696
50.2913
0.01533
0.015263
0.015504
0.014794
0.014886
0.015244
0.015507
447.731
308.308
129.28
0.016595
207.623
0.016036
0.01656
0.015437
504.207
263.233
0.015327
0.018388
0.014805
912.204
0.016936
37.8282
0.015648
510.032
515.993
12.8033
0.015736
0.016319
296.095
0.016038
0.015391
26.5565
525.599
293.72
0.017074
321.708
520.41
427.567
444.933
473.154
0.014743
0.015936
616.787
210.729
95.6074
776.802
228.882
0.017773
0.016267
0.016404
760.847
0.017999
0.015702
25752.1
0.017778
0.018508
2565.35
0.015657
0.017478
0.015511
3265.92
2378.66
0.016901
148.348
296.319
290.211
0.016652
12.167
0.015036
0.015513
0.015468
465.76
226.778
71.9201
0.016021
194.64
559.519
22.4738
0.015672
45.4512
183.571
414.439
0.019872
358.525
181.604
0.016389
----------------
commit (avg): 505.035
----------------
# Transaction throughput (KTPS)
LakeVillaRead	/LakeVilla/src/YCSB-C/workloads/workloada.spec	1	0.0011884
