parsing config file ./lvconfig21.conf
parsing done
# Loading records:	0
<<<<< redos: 0 >>>>>
----- read -----
3.67922
1.31715
1.44495
1.41871
1.40625
1.34777
1.44306
1.4155
1.55477
1.2635
1.21522
1.39257
1.34844
1.38156
1.28726
1.35527
1.26078
1.32268
1.39482
1.45518
1.80075
1.61647
3.80974
1.40833
1.28496
2.63249
1.24086
1.56111
1.43282
1.34071
1.27038
1.28026
1.52683
1.38148
1.28689
1.46783
1.16618
1.40771
1.27161
1.44749
1.35797
1.33276
1.34305
1.45517
1.4859
1.29815
----------------
read (avg): 1.51332
----------------
----- update -----
4.86517
523.762
492.271
460.38
732.907
641.089
219.999
587.526
171.989
280.485
392.32
398.111
568.226
637.836
484.633
310.686
393.943
662.69
668.92
403.567
612.517
189.316
313.783
717.652
383.249
303.408
799.383
619.086
216.223
699.502
183.385
712.862
262.491
783.379
5.50699
4.85786
4.69709
4.96569
4.92562
336.794
698.839
427.577
786.18
278.022
552.681
574.356
241.489
841.829
815.732
465.179
895.023
734.358
653.509
865.689
----------------
update (avg): 463.419
----------------
----- init -----
56.432
56.8954
49.6671
53.3412
54.1794
59.9342
55.2268
56.2722
56.9897
66.2061
62.196
68.7503
57.9335
67.4737
60.8403
72.2056
70.5312
68.8165
62.4795
67.4583
65.3954
69.5697
65.2721
62.0619
59.5695
80.5642
62.9085
67.7589
68.2999
67.6361
63.2
63.218
71.158
71.0239
89.0616
65.2263
74.0108
69.3795
69.7995
70.2667
68.189
73.1682
77.8463
67.99
62.0281
74.3818
77.2595
69.8152
70.5072
74.8461
73.1654
67.9211
65.3975
82.7597
75.5158
69.3677
74.3128
72.2004
76.4704
72.5267
73.9508
73.8845
71.0609
83.3272
82.6949
66
73.1112
65.9903
69.1768
76.2645
66.2665
68.0623
75.226
67.5521
75.231
68.1371
80.189
73.5632
76.5409
78.4239
78.2323
80.1494
78.2511
87.0232
82.2795
73.9608
78.0056
75.3224
86.1048
88.1288
88.8401
80.0767
79.1918
86.1248
91.9978
81.2898
83.632
115.356
84.5121
72.9638
----------------
init (avg): 71.8097
----------------
----- commit -----
0.016535
343.354
456.799
420.824
0.01651
213.172
303.33
593.084
0.015019
0.014915
342.896
289.758
0.015351
0.01528
0.017357
0.017396
0.01536
0.015007
0.015568
652.231
538.898
471.897
0.017049
160.057
0.015961
0.019658
0.016113
294.103
243.554
0.01493
0.015629
0.015092
531.252
0.015641
462.263
0.019159
267.579
261.134
526.113
163.324
0.019166
0.026751
600.871
0.016073
0.01492
609.708
213.182
470.384
0.015411
623.855
132.522
317.51
696.674
80.3376
0.015476
0.014567
746.248
207.814
664.024
145.514
26166.3
0.017252
0.02087
0.018349
4134.39
0.017661
0.017607
174.168
0.016513
0.015149
1133.02
0.015424
0.015746
0.017555
1669.74
102.038
0.016038
224.795
494.444
53.5379
0.014706
396.738
0.016178
0.01661
0.017687
369.362
350.825
583.056
0.016694
68.5315
104.534
366.856
0.016983
13.2897
184.917
144.863
0.015999
50.0971
107.953
0.015875
----------------
commit (avg): 499.385
----------------
# Transaction throughput (KTPS)
LakeVillaRead	/LakeVilla/src/YCSB-C/workloads/workloada.spec	1	0.00117552
