parsing config file ./lvconfig17.conf
parsing done
# Loading records:	0
<<<<< redos: 0 >>>>>
----- read -----
4.77605
1.37907
1.67914
1.27741
1.43655
1.37943
1.35528
1.32138
1.34658
1.34817
1.35072
1.47185
1.24184
1.37079
1.34221
1.35568
1.52612
1.40606
1.53781
1.38831
1.3161
1.49548
1.41227
1.34662
1.34669
1.62855
1.58432
1.29465
1.36105
1.44216
1.39767
1.48306
1.32993
1.69163
1.5671
1.4214
1.54989
1.30377
1.52436
1.54649
1.38554
1.31764
1.27959
1.47481
1.4258
1.59414
----------------
read (avg): 1.49589
----------------
----- update -----
5.5968
558.789
832.322
445.946
311.046
554.211
113.209
626.299
285.975
534.691
709.345
861.044
442.512
718.599
311.381
144.563
745.395
601.25
322.922
524.836
675.84
16.9414
665.981
642.994
231.035
513.674
637.235
564.557
184.791
643.431
379.221
346.488
646.308
559.165
388.273
4.99233
4.75291
4.91416
656.608
713.324
107.739
924.128
419.602
82.9103
380.678
751.233
514.516
548.49
751.482
782.015
441.624
84.1048
680.685
506.992
----------------
update (avg): 464.938
----------------
----- init -----
53.8814
52.5416
53.8366
52.4425
55.7306
62.9251
57.29
67.5713
63.5774
57.0648
65.4714
63.6471
58.4943
66.052
80.5195
71.0373
73.1195
58.5108
74.9259
66.7274
61.7669
62.5392
64.1756
61.9974
56.0065
73.8263
58.6649
65.8131
60.681
64.8355
76.343
111.286
73.73
68.8187
61.0337
68.8618
61.9912
64.6563
65.1466
67.5193
65.1671
62.5551
68.0537
67.1968
61.7741
72.2639
59.077
73.824
73.4799
115.166
71.9739
73.1672
72.206
80.2474
79.3833
95.3439
108.334
82.4616
77.255
71.877
80.8376
78.6341
70.5641
80.7257
99.0565
80.8429
82.411
70.1388
78.2402
75.1804
66.6463
67.5203
69.1954
75.2801
68.6312
66.648
66.4279
75.585
74.2769
67.2596
74.7376
81.4467
79.5523
82.4042
80.532
72.6569
71.8932
77.2971
75.9466
80.9173
79.4313
77.7998
81.72
82.4001
75.7447
88.1724
79.6911
130.892
88.5275
88.9972
----------------
init (avg): 72.8073
----------------
----- commit -----
0.020282
9.61529
117.114
434.091
0.016049
631.855
377.882
698.622
0.016181
0.016381
309.483
154.716
0.017618
0.018257
0.017193
0.033195
0.016822
0.016706
0.017062
405.239
223.844
14.4506
0.015127
296.835
0.016797
0.018407
0.017811
223.942
356.006
0.015455
0.017225
0.014385
723.597
0.015222
125.192
0.016058
330.297
612.635
407.751
125.812
0.023358
0.018646
777.445
0.016391
0.016818
274.56
284.529
579.132
0.015557
415.175
288.388
363.569
738.184
65.1824
0.015674
0.015953
542.725
574.147
280.426
359.41
284.983
0.016174
0.017224
0.016918
26312.5
0.01788
0.019227
1855.06
0.016253
0.017532
2328.53
0.016441
0.016376
0.017686
9.396
143.27
0.016193
817.614
10.8021
422.487
0.017358
598.401
0.017231
0.017006
0.015727
545.832
172.361
327.868
0.015405
371.617
171.836
51.4171
0.01552
483.277
826.355
107.414
0.015826
403.548
124.059
0.016003
----------------
commit (avg): 484.913
----------------
# Transaction throughput (KTPS)
LakeVillaRead	/LakeVilla/src/YCSB-C/workloads/workloada.spec	1	0.00120337
