parsing config file ./lvconfig2.conf
parsing done
# Loading records:	0
<<<<< redos: 0 >>>>>
----- read -----
4.35823
1.28574
1.27894
1.33155
1.35947
1.52717
1.50974
1.40094
1.51703
1.66653
1.3663
1.41304
1.8418
1.36273
1.39752
1.45674
1.23221
1.78533
1.58962
1.36252
1.72319
1.43956
1.17906
1.19047
1.27198
1.30532
1.28352
1.94686
1.41894
1.321
1.46604
1.4218
1.2808
1.22489
1.35953
1.2937
1.13544
1.54102
1.38223
1.32014
1.38323
1.73015
1.36687
1.62263
1.46575
1.21996
----------------
read (avg): 1.48559
----------------
----- update -----
5.8275
595.111
851.583
845.671
846.902
508.576
708.696
686.937
86.1004
294.968
702.641
859.374
275.278
666.027
44.9846
672.293
387.642
280.279
358.174
916.133
4.85637
267.554
702.716
594.416
172.098
435.305
780.357
895.951
675.249
782.841
898.536
903.072
767.304
112.058
620.532
4.67415
4.69235
4.39745
5.24007
72.5583
845.421
768.394
5.07912
498.153
672.237
516.199
704.312
141.807
462.409
5.02624
240.8
345.998
597.931
753.207
----------------
update (avg): 478.789
----------------
----- init -----
64.1661
55.1044
49.9218
55.8529
58.0839
57.065
63.4686
55.238
55.8873
61.2481
55.2386
65.3044
65.8874
69.6238
61.2309
70.9426
71.217
67.9856
59.8592
67.9848
61.1793
65.8304
66.3648
60.1611
73.7643
60.6638
66.955
71.0391
59.0504
61.7415
88.5073
68.4097
62.0791
58.6619
96.3778
64.5037
68.9721
70.4774
69.8271
71.0675
67.4059
67.7128
69.2433
72.6494
62.6171
114.694
64.1319
71.472
70.035
75.5422
75.1481
74.4418
72.4356
71.7985
67.4604
71.3683
64.2475
79.9339
82.8161
74.8692
73.9861
91.5502
75.1915
75.6338
73.9983
75.7795
63.7474
76.006
65.1538
61.0211
59.9096
71.0795
73.5209
92.7698
65.4998
84.0077
80.5355
85.6718
74.6951
73.0459
77.0333
84.6593
78.5659
106.539
76.5944
75.1399
81.1892
81.1165
82.8559
107.279
88.6548
81.3489
89.2878
84.2617
89.1581
79.3515
88.6517
76.7274
77.7179
73.4337
----------------
init (avg): 72.3934
----------------
----- commit -----
0.017917
352.842
91.3341
38.3102
0.015187
89.5824
436.194
115.961
0.014917
0.01428
247.595
370.548
0.016932
0.015148
0.019373
0.018169
0.017082
0.018202
0.017094
640.753
232.079
11.647
0.015317
450.61
0.01601
0.015846
0.014701
274.009
668.473
0.019176
0.016735
0.015973
173.319
0.016379
475.059
0.016287
649.391
569.876
15.2237
1147.07
0.015211
0.015305
119.161
0.015531
0.014716
233.916
333.88
681.593
0.016811
491.923
142.314
33.3933
248.747
12.9303
0.015676
0.014037
22.4523
14.2499
156.992
815.222
55.6838
0.014969
0.015045
0.015637
27246
0.039956
0.014492
1684.2
0.015509
0.015254
1942.22
0.015793
0.0162
0.014446
2055.29
11.7079
0.017268
79.2974
159.768
959.25
0.027049
32.791
0.015558
0.016251
0.01505
246.921
402.76
104.487
0.015423
769.005
457.29
862.296
0.025082
625.798
574.705
234.546
0.017639
169.657
63.14
0.015415
----------------
commit (avg): 490.943
----------------
# Transaction throughput (KTPS)
LakeVillaRead	/LakeVilla/src/YCSB-C/workloads/workloada.spec	1	0.00117607
